49.52462417788912
51.47741711780235
53.37234911189657
54.246342445528164
54.4396000178963
54.75919981208898
55.465689454610555
55.095353675450774
55.90328173236097
56.31296138875217
55.585505122813274
56.45536553174351
57.22087378640774
57.339453492013824
57.527414880765946
57.49880318553977
57.04068050646508
57.20586886492771
57.26716366158118
56.43353205673121
57.309656167509274
57.16877880184333
57.01103977450677
57.65185002908153
57.90187239944519
57.46023108585746
58.240967965639136
58.15572010200888
58.08782045546058
57.92507605923668
58.71427452910386
58.31813453536752
58.80371683593576
58.63516733032078
58.613249966444435
58.84714889714107
58.7521978882376
58.677950650977536
58.58365397521362
59.15435550982062
58.4839940047425
58.69505838664934
59.63367410854099
59.366885150552505
58.80100442933207
59.062732092523795
59.230576931680915
59.303515502662016
59.245190371795466
59.21504630665295
58.52180551205759

