50.10634920634922
56.87539682539683
58.84920634920635
60.199603174603176
61.542857142857144
61.58809523809524
62.85198412698413
64.97698412698414
66.49285714285715
65.72460317460316
65.46111111111111
66.3484126984127
66.81150793650794
66.75476190476189
67.9357142857143
68.68134920634921
66.00555555555555
67.16587301587299
66.74960317460317
66.0952380952381
67.35555555555554
67.32976190476188
66.50515873015873
66.55238095238094
66.55198412698414
67.9988095238095
66.16746031746031
67.08452380952382
66.86507936507937
66.08373015873015
65.18928571428572
63.95753968253969
65.89880952380952
67.2718253968254
65.04841269841268
65.96666666666667
65.12896825396824
66.20595238095237
65.98253968253968
67.81904761904761
67.38968253968252
66.80515873015874
65.65317460317458
66.08015873015874
65.27698412698412
66.46071428571429
67.89047619047618
65.2186507936508
66.27142857142857
63.68492063492065
64.62976190476192

