48.89133986928103
53.34607843137253
52.5766339869281
53.476470588235294
52.26650326797385
53.70947712418301
52.80081699346405
54.44591503267973
53.99787581699347
54.94624183006537
55.084803921568636
54.258006535947715
53.41258169934642
54.93006535947712
54.47336601307189
53.48513071895425
55.18545751633987
54.85735294117647
55.79509803921569
56.684803921568616
55.818790849673206
55.92875816993463
56.3418300653595
55.509967320261424
55.13496732026144
55.758986928104584
55.666830065359484
54.840522875817
54.56437908496731
56.115849673202604
57.02565359477123
55.77091503267976
54.943300653594775
54.90653594771242
55.218137254901954
55.594117647058816
54.35996732026144
55.03415032679738
54.62794117647061
55.917647058823526
55.32810457516339
53.976307189542474
55.41258169934642
55.53415032679737
55.65898692810459
55.13186274509805
55.95375816993463
54.85980392156864
56.25424836601307
54.275163398692825
54.2266339869281
55.4562091503268
54.63006535947712
55.24983660130719
55.10653594771242
54.892156862745104
54.966993464052294
55.49232026143791
54.496405228758185
55.40571895424835
55.54084967320262
54.57630718954248
54.432352941176475
54.49591503267974
53.704084967320256
54.52516339869281
55.247875816993485
55.54281045751635
54.66503267973856
54.02647058823531
56.01993464052287
54.79117647058822
53.9919934640523
53.02450980392156
53.745424836601295
54.14379084967319
54.4045751633987
54.86813725490195
54.46519607843137
55.89035947712417
56.39918300653597
55.32761437908498
55.91617647058823
56.48954248366014
56.04428104575165
54.999673202614396
54.941013071895405
55.314052287581696
53.35098039215684
55.99444444444441
56.355392156862735
54.83643790849673
54.61960784313725
55.78431372549018
55.99330065359476
55.97042483660132
54.91405228758168
55.49133986928104
55.3565359477124
55.62336601307187
55.5607843137255

