49.68412698412699
56.55039682539685
60.93650793650794
61.33373015873016
61.57499999999998
64.03690476190476
65.23809523809523
66.35634920634922
65.65793650793651
65.1361111111111
64.73690476190477
65.375
66.07420634920636
67.04246031746032
67.35238095238095
67.34682539682541
64.7730158730159
66.33849206349207
64.22142857142858
64.40952380952383
64.20079365079366
64.57936507936509
62.78730158730158
63.56666666666665
64.5952380952381
65.87222222222222
65.64325396825397
66.53968253968256
65.35198412698414
61.83769841269841
63.375793650793646
63.836904761904776
64.14761904761905
65.14603174603177
65.05634920634921
65.5761904761905
66.81309523809522
66.92658730158732
66.19166666666665
63.99166666666668
64.89960317460317
62.61150793650793
64.8484126984127
64.27380952380952
65.71507936507936
64.08690476190478
65.26111111111112
67.62063492063491
66.5373015873016
67.36904761904762
66.83293650793652

