50.30729771583431
54.07385515181683
58.56043636966983
58.62386621315194
59.23033847685415
59.530377191526995
59.89246308279409
60.351854156296646
59.77130689674244
59.42615867485207
60.2554131408661
62.521431336762355
61.980808583596044
62.29380980034291
61.404927824788444
61.91305790608928
63.22036944859245
62.94694707151154
62.89077622919086
62.414620319672565
62.719152701731105
62.96284774072232
62.6541673580001
62.218800121674676
62.692190697417196
62.19667745146841
61.54751534760246
61.96075991372159
62.33217880648193
62.37244897959185
62.686487196504615
61.907008738454735
62.18803578341904
63.19064211050275
62.75631187434324
61.66348653282451
62.519530169791494
63.66576101985508
62.919985067197594
61.75750788120128
62.387658315358664
63.70326585918919
62.434150489464066
61.87382473314528
62.69409186438802
61.74575521265416
61.25438996736906
62.004313920690215
63.006747414412914
62.62357585310544
62.95714423980975
63.00380924727613
60.776851390962875
62.22813312316797
62.85569105691058
63.271528123444476
63.52939549803662
62.97632874287926
64.28485011890936
64.13171976107519
62.89526989657651
63.34429096841989
62.89146756263481
64.29072645318288
62.10922377080913
62.758385874675085
62.4467673248161
63.01659891598918
62.798483214423975
62.3340799734528
62.70480753276918
61.795185553896346
63.11131159780986
62.26581079586306
63.241455118632814
62.3641529782645
63.03889441955647
63.40754797854105
63.96372573419612
63.59023284110391
64.18771777003485
63.06170842320669
63.69790802499862
64.11962142580612
63.244220452408584
63.21656711465072
63.350858636137374
62.9526505724241
63.59922017587522
63.85829738399424
63.584702173552344
62.49343233228254
63.11234859797579
62.95852690669764
61.99066008517228
62.318524970963985
63.55238233504787
64.1659407665505
62.88801089541508
63.01383358221337
62.998451413085554

