# Extinction sequence for 215 applications  and 50 platforms.
# This is the data and average for 48 different extinction sequences.
0	215	215	215	215	215	215	215	215	215	215	215	215	215	215	215	215	215	215	215	215	215	215	215	215	215	215	215	215	215	215	215	215	215	215	215	215	215	215	215	215	215	215	215	215	215	215	215	215	215.0	50
1	206	215	203	215	215	211	203	214	215	207	215	203	211	215	215	215	215	213	211	215	213	215	203	215	213	215	215	215	215	215	208	215	215	215	213	215	214	215	215	215	210	215	214	215	198	215	215	213	212.52083333333334	49
2	206	215	203	214	215	211	203	212	201	207	214	199	204	215	215	215	210	213	211	206	199	210	203	215	213	215	215	215	215	215	208	215	215	209	213	215	214	215	215	215	210	214	214	215	198	203	214	212	210.79166666666666	48
3	206	215	203	214	215	211	198	204	201	207	213	192	204	215	214	215	210	213	211	189	196	201	203	198	212	215	215	215	214	215	207	215	215	202	213	215	202	214	215	215	202	206	213	215	184	203	208	204	207.95833333333334	47
4	206	201	201	212	215	211	198	204	201	206	213	190	204	210	214	215	210	213	211	189	186	197	192	198	212	214	215	211	205	203	202	215	215	197	212	207	192	214	215	198	202	206	213	215	184	199	208	202	205.27083333333334	46
5	206	201	201	212	215	194	197	204	191	205	204	179	204	206	214	215	206	213	210	189	186	197	190	198	212	207	210	211	205	195	202	213	215	196	212	206	192	214	203	198	197	197	199	215	184	191	208	202	202.52083333333334	45
6	206	201	190	212	198	194	197	204	191	199	202	179	204	206	214	215	194	205	209	189	186	197	190	198	205	199	202	211	188	194	202	204	215	194	208	206	192	197	189	198	197	197	199	203	184	184	208	202	199.125	44
7	206	201	190	212	198	182	197	194	191	199	202	178	204	206	214	206	194	193	209	189	186	197	190	191	204	197	202	211	187	194	200	204	210	194	199	206	184	197	189	198	197	186	199	203	184	184	208	196	197.125	43
8	191	193	188	200	197	173	195	194	191	198	202	178	204	206	209	195	194	192	209	189	171	197	190	191	204	196	202	211	180	194	200	204	209	182	199	206	184	190	189	195	197	186	199	203	184	184	201	196	194.625	42
9	190	186	188	185	197	173	195	180	189	197	201	176	204	205	209	195	194	192	209	189	171	197	190	191	204	192	201	197	167	184	187	204	209	181	198	204	184	190	189	194	194	186	197	202	183	184	201	196	192.3125	41
10	184	180	188	185	197	173	195	174	181	197	201	176	192	204	202	195	194	191	208	188	153	197	169	184	204	192	201	185	167	184	187	191	191	168	198	204	184	174	189	194	194	183	197	197	176	180	201	189	188.29166666666666	40
11	174	169	188	175	197	173	192	172	181	190	200	176	187	192	202	186	194	185	200	188	152	197	169	184	204	190	201	183	167	184	187	191	187	167	191	204	184	171	179	186	194	175	180	182	176	169	187	189	184.39583333333334	39
12	174	168	188	175	197	173	192	172	179	189	200	174	186	183	202	176	193	183	200	188	152	181	169	184	203	190	201	170	167	169	187	181	186	159	184	204	182	169	178	186	187	175	179	182	176	169	187	181	181.875	38
13	155	167	180	168	189	173	192	172	179	182	198	174	178	183	185	176	193	183	200	188	151	162	165	183	195	190	200	170	167	169	186	174	186	159	184	204	182	169	178	179	187	175	172	182	176	169	187	181	179.10416666666666	37
14	155	149	180	168	188	173	182	172	161	166	198	174	173	183	178	176	192	169	200	188	151	162	165	175	195	179	200	170	167	168	186	158	186	146	184	197	168	168	171	179	175	175	172	181	168	167	187	181	175.125	36
15	155	149	165	168	187	172	182	172	161	158	198	156	173	183	178	176	192	153	200	180	150	162	159	164	195	178	200	170	152	168	186	158	179	135	184	180	168	168	171	178	175	160	159	171	160	166	171	181	170.95833333333334	35
16	153	149	155	166	185	158	182	172	161	144	198	156	172	183	173	161	190	142	200	179	150	154	159	154	195	178	200	159	143	164	186	154	162	135	184	171	156	167	164	178	175	160	150	171	160	155	169	181	166.9375	34
17	153	132	141	166	182	158	182	160	161	130	198	156	158	183	172	161	173	142	193	169	138	152	159	143	195	178	200	159	138	164	186	154	162	135	184	171	156	166	164	178	175	158	150	163	160	154	169	180	163.77083333333334	33
18	137	131	119	166	182	158	180	151	151	128	198	144	158	183	159	161	155	142	191	168	138	152	144	143	176	172	188	159	138	152	186	152	154	135	184	171	147	166	152	178	175	158	148	162	160	154	155	167	158.91666666666666	32
19	132	131	119	162	182	158	180	151	151	128	197	131	158	183	151	159	155	142	191	168	125	138	136	143	174	172	182	159	138	149	180	151	141	135	174	170	144	157	152	178	175	153	143	162	148	138	155	167	155.58333333333334	31
20	118	126	118	148	182	158	180	151	150	128	197	131	158	181	151	159	142	142	191	168	125	138	127	143	161	172	182	141	129	149	171	151	140	135	158	170	142	157	148	178	173	153	143	147	147	119	149	167	151.95833333333334	30
21	118	126	104	148	172	158	164	151	141	128	178	127	157	181	151	137	140	142	191	168	125	138	127	143	161	172	173	141	129	139	171	150	132	135	155	170	125	157	143	170	156	152	135	136	138	102	136	152	146.77083333333334	29
22	105	117	104	148	164	156	153	135	140	128	178	126	143	169	151	137	140	140	187	168	125	124	126	126	161	172	173	140	129	124	170	150	132	135	155	170	106	157	121	170	156	152	126	134	138	102	134	152	142.6875	28
23	93	117	104	134	151	156	153	135	140	128	171	103	127	167	151	130	139	140	174	168	125	124	126	121	144	152	172	140	129	124	162	150	131	133	155	155	106	157	109	163	141	152	126	134	138	102	119	152	137.97916666666666	27
24	82	117	104	111	151	140	153	135	139	128	161	103	127	157	135	129	139	140	174	153	125	111	126	119	144	152	172	140	127	124	162	150	131	133	154	139	106	155	109	153	131	152	126	134	131	102	117	133	134.08333333333334	26
25	82	117	96	111	138	123	145	134	139	106	161	83	127	147	124	115	128	140	174	151	117	104	116	119	130	152	172	140	127	124	157	150	131	133	143	139	106	155	109	153	118	152	113	134	131	102	117	117	129.20833333333334	25
26	82	117	96	111	136	107	139	134	139	106	146	83	127	147	124	115	113	138	174	139	117	104	114	117	121	152	158	139	120	124	157	150	131	133	129	125	106	140	107	140	118	151	113	124	116	102	97	116	124.875	24
27	82	101	96	95	136	94	138	133	125	106	126	82	107	146	107	115	110	137	174	139	112	102	114	104	111	150	158	131	120	124	142	149	131	133	119	125	106	140	107	138	118	151	113	124	98	102	97	102	120.20833333333333	23
28	82	101	78	94	136	94	138	133	125	106	111	82	107	144	106	113	110	134	165	123	96	91	114	86	103	150	158	128	120	124	122	149	116	133	114	125	106	140	106	138	118	136	113	120	90	102	97	102	116.22916666666667	22
29	82	99	78	94	136	93	138	133	119	106	110	71	93	144	106	112	110	134	163	113	85	91	113	86	103	150	146	128	105	124	122	144	102	126	114	125	106	133	106	137	117	127	108	120	89	102	87	102	113.16666666666667	21
30	81	99	78	83	136	77	127	133	119	106	110	71	93	141	105	93	96	134	163	95	74	91	113	86	103	133	131	128	105	117	122	144	102	126	101	125	99	133	106	119	117	124	108	103	89	102	70	102	108.60416666666667	20
31	78	99	78	83	136	77	127	133	119	106	110	71	76	141	104	93	94	127	163	85	74	90	113	86	101	117	129	128	92	117	122	144	95	109	101	124	88	133	89	119	117	117	108	103	89	102	70	102	105.8125	19
32	78	96	78	83	119	70	127	113	103	99	96	71	76	141	92	93	83	111	148	85	74	90	113	68	94	117	109	128	82	107	122	138	84	107	101	105	88	133	89	119	102	94	108	101	74	102	70	102	99.64583333333333	18
33	68	96	77	83	118	70	125	113	103	80	81	60	75	141	71	91	83	111	148	79	57	90	111	67	94	117	109	123	82	107	118	129	84	107	101	93	88	118	89	119	102	94	108	101	65	102	69	102	96.22916666666667	17
34	65	96	77	83	109	59	108	89	92	80	81	60	75	123	71	84	83	111	131	79	57	90	111	67	94	101	109	123	82	107	118	129	84	88	101	91	78	116	79	119	102	81	96	101	63	102	65	102	91.91666666666667	16
35	65	96	68	72	109	54	89	87	92	74	65	48	63	108	54	84	76	102	131	78	57	87	111	67	94	101	109	122	82	107	118	129	84	88	81	85	55	107	59	119	88	74	96	95	63	82	65	95	86.14583333333333	15
36	65	84	66	63	109	54	89	78	92	74	65	48	63	108	54	73	76	86	125	78	57	85	96	47	94	91	91	122	72	100	118	127	84	88	81	85	55	99	48	119	63	74	96	86	61	71	55	95	81.45833333333333	14
37	65	84	52	63	100	53	89	78	82	59	53	48	63	99	54	72	76	86	111	78	57	85	83	47	93	91	80	122	72	99	104	127	64	88	81	74	45	99	48	119	63	66	77	86	61	59	48	95	77.04166666666667	13
38	48	84	52	62	100	53	89	78	81	59	53	48	38	99	54	65	60	86	99	78	57	70	83	47	93	89	79	112	72	97	104	117	64	88	81	74	45	88	46	119	63	46	75	74	55	59	48	71	72.95833333333333	12
39	48	84	50	62	93	53	77	73	81	48	45	48	22	99	54	65	60	77	99	74	57	70	78	47	93	89	59	99	51	77	104	117	59	87	81	57	45	88	26	112	61	46	75	72	55	58	48	51	68.20833333333333	11
40	47	72	50	62	93	53	74	67	81	48	36	48	22	99	52	65	60	77	99	74	57	53	69	37	82	89	41	94	51	77	104	100	58	87	79	55	43	72	26	97	61	46	55	72	53	50	36	46	63.9375	10
41	47	71	30	62	93	53	69	64	81	48	36	48	22	90	52	56	41	59	99	64	55	39	48	35	81	76	41	94	51	77	102	96	58	66	79	55	42	52	26	97	61	25	55	72	53	50	24	38	59.020833333333336	9
42	47	71	30	60	73	44	50	45	60	43	36	48	9	90	52	56	41	59	77	62	44	39	48	27	62	74	30	84	49	57	94	96	37	66	79	54	23	52	26	95	61	25	36	62	44	50	24	37	52.666666666666664	8
43	47	71	30	58	65	44	50	25	41	43	36	48	9	90	52	56	41	38	76	52	44	26	48	27	44	58	30	72	46	57	77	96	35	66	78	46	23	52	22	79	51	25	20	62	22	50	24	37	47.6875	7
44	47	53	30	58	65	44	50	25	41	43	36	48	9	71	50	50	26	38	76	43	31	4	46	25	44	58	17	51	45	55	77	80	35	45	78	46	23	52	22	76	51	25	20	42	22	49	24	37	43.395833333333336	6
45	47	53	24	37	44	42	38	25	30	43	36	27	4	60	31	36	26	38	66	22	23	4	46	2	44	38	15	51	43	55	75	55	13	33	78	46	23	52	11	64	50	23	20	42	22	44	2	37	36.25	5
46	45	51	11	24	25	40	38	25	30	22	23	25	4	35	23	36	13	25	66	22	21	4	46	2	22	38	15	49	21	55	55	55	13	33	59	46	23	52	11	63	48	23	18	25	22	42	2	15	30.4375	4
47	45	41	11	24	25	28	38	13	11	22	0	25	4	23	23	13	13	25	63	0	21	2	25	2	22	38	15	30	21	38	55	35	0	13	37	38	15	31	2	46	47	23	18	25	22	21	2	13	23.0	3
48	25	21	9	22	21	13	13	13	9	22	0	25	2	23	23	0	13	0	41	0	0	2	13	2	22	23	9	9	0	22	43	35	0	13	13	23	15	22	2	23	41	23	0	25	22	0	2	13	14.833333333333334	2
49	12	0	9	0	0	13	13	13	0	0	0	16	2	0	0	0	13	0	21	0	0	0	0	0	0	23	0	9	0	21	25	16	0	0	0	23	13	22	2	0	21	0	0	25	22	0	2	0	7.0	1
50	0	0	0	0	0	0	0	0	0	0	0	0	0	0	0	0	0	0	0	0	0	0	0	0	0	0	0	0	0	0	0	0	0	0	0	0	0	0	0	0	0	0	0	0	0	0	0	0	0.0	0

