50.57455540355677
48.60712114303084
52.07858337133303
52.99228606171151
53.881478948168436
53.46025231798146
54.601763185894534
54.35077519379846
53.07398540811672
53.85791913664691
54.905380756953946
54.39352485180119
54.86149110807113
54.808101535187724
54.284275725794195
54.031577747378
52.80456756345948
53.46367229062169
55.78507371941025
56.41681866545065
56.23385012919899
55.93593251253992
57.379920960632326
57.2448320413437
54.02378780969753
54.544763641890825
56.51542787657701
56.004521963824274
57.87011703906371
56.75425596595227
56.351459188326515
56.73449612403102
55.60799513603891
56.47913816689466
56.260259917920685
55.82364341085273
56.033211734306136
56.954894360845124
56.22872017023863
58.379312965496275
56.81106551147593
57.66548867609058
56.834815321477414
56.252469980240164
57.77112783097734
55.72161422708618
57.18080255357957
55.95075239398086
54.846291229670165
57.150972792217644
54.79138166894667
57.963026295789646
57.88550691594466
57.13881288949687
57.18213254293965
56.62999696002431
57.590629274965806
56.38926888584891
55.51052591579268
57.81064751481987
56.54867761057911
56.88972488220095
54.198966408268724
55.79742362061103
55.43053655570754
56.299399604803156
56.857995136038916
56.94596443228455
58.043395652834796
54.586753305973566
55.1814485484116
57.45972032223744
55.6670846633227
56.19528043775649
58.15663474692203
57.138242894056845
58.18209454324364
57.15838273293813
56.71378628970968
55.8310533515732
57.20303237574098
56.99536403708771
57.5860693114455
56.89181486548108
57.301641586867326
56.60681714546284
56.84298525611795
56.53252773977807
58.58261133910928
57.64572883416932
57.115063079495364
57.44642042863658
56.98206414348685
57.510829913360695
57.07364341085269
57.62824897400821
55.881022951816384
55.14458884328928
56.98187414500685
55.24927800577593
54.42487460100322

