51.02817460317459
54.399603174603186
57.76269841269842
59.50873015873016
61.799603174603156
62.788492063492065
63.15634920634919
64.01785714285714
64.20992063492064
64.13888888888889
66.09642857142856
65.55674603174603
64.86547619047617
65.13531746031747
66.91309523809524
66.47261904761905
64.10753968253968
63.74999999999999
66.00238095238096
66.16190476190475
64.91349206349206
65.19960317460315
66.40515873015872
67.40753968253969
67.08730158730161
67.11388888888888
66.96349206349207
66.66309523809524
66.75515873015874
67.72261904761906
68.11904761904763
66.2472222222222
65.7702380952381
65.85
66.58412698412695
66.40515873015873
64.8
65.37063492063494
65.8420634920635
64.33849206349207
63.80873015873014
62.810317460317464
62.00833333333333
63.32063492063491
65.71190476190478
66.46825396825395
66.51904761904763
66.08214285714284
66.80039682539683
65.25
65.58055555555556

