49.64016666666666
55.94183333333332
57.93149999999999
58.181166666666684
59.37049999999999
60.457666666666675
59.99966666666667
59.564666666666675
59.91933333333333
59.73000000000002
60.28000000000002
61.150000000000006
61.181166666666684
62.21466666666665
60.85516666666666
61.492000000000026
62.07283333333334
62.28449999999997
61.634833333333304
61.08283333333333
60.40916666666667
61.25816666666667
60.69783333333333
59.923
61.72099999999998
61.69716666666668
61.407833333333336
63.65616666666669
62.527333333333345
62.289833333333355
62.25683333333332
62.07333333333332
62.61683333333333
62.171833333333346
61.59450000000001
61.90333333333332
61.444333333333326
61.467499999999994
62.086833333333324
61.23766666666667
61.79083333333332
62.37083333333333
62.523999999999965
62.04033333333334
64.08000000000001
63.334666666666664
62.334833333333336
63.158500000000004
62.355
62.53833333333332
63.27550000000001
62.96166666666666
63.5525
62.083999999999996
61.591666666666676
62.41816666666667
63.133166666666675
62.62300000000002
62.32733333333332
62.11349999999999
62.76633333333332
62.02233333333334
62.53533333333332
62.235333333333344
62.596
62.26166666666665
62.04316666666667
62.99283333333332
62.071500000000015
62.19283333333332
61.71150000000001
62.723166666666664
61.11616666666667
62.0615
61.67233333333333
62.48916666666666
62.55966666666667
63.00016666666666
61.383666666666684
61.300333333333334
61.10416666666666
62.34433333333334
62.43733333333334
63.03716666666666
63.48216666666665
63.031333333333365
62.80866666666669
64.449
63.175166666666684
64.0445
62.70650000000001
63.08850000000004
63.5775
63.81733333333335
63.902833333333334
63.14866666666666
62.961333333333336
62.54833333333334
63.6495
63.66183333333334
62.491333333333344

