50.235814022578715
57.0617606546751
57.9780086965916
59.04634581105168
58.94439042834764
59.47644898179657
60.67729433371145
62.15362177929021
61.32160508831631
60.946868416788206
61.59911278561011
62.08390725436179
62.29170042672717
62.73345081834387
62.52970885323826
62.361414951655604
62.35550694106845
62.7960757305677
63.68447172257332
62.252201155944476
62.94293199373413
63.525124237022624
63.9810538540485
63.55010668179116
65.26241695025115
63.4522025063469
64.33519688867281
63.85107762113109
63.75604305082915
63.407639226489486
62.84249581375251
62.544900880462365
62.27583319829311
64.03979635931506
63.86086803867551
63.86745125047264
63.9280505590666
63.995908280667614
64.86860584454163
64.41774023659049
64.24100631988333
64.84261059795821
63.914377734564894
65.24199211364984
63.719244584886304
65.07285421055474
64.9710676281532
65.17801679900609
65.67040728136982
64.43850267379675
64.83484578404365
64.70993356020092
64.71803597472045
63.31682466374979
64.44103467833415
64.76665046183764
65.69015691676123
63.67856371198618
64.79703451628583
64.9072611138119
63.629611624264015
64.93123075676552
64.00586749851456
64.32945767838815
64.19965024577324
64.76259925457786
64.33553448927782
63.92366175120186
64.84818100794035
64.41352022902822
64.19323583427861
65.16738237994925
64.0463795711122
65.23456490034029
64.41081942418842
65.38716037379137
65.83937638416248
64.37267055582564
65.01225490196079
64.59903176146491
63.603616377680524
64.45555150434829
63.771235078053266
63.39008399503053
64.21180386755253
64.07507562253552
63.889057689191375
63.66337168476206
63.34433911305569
63.07257062604658
63.620665208232055
64.9334251606979
63.920285745152064
63.755367849619205
63.647166855723015
64.59869416085994
63.740175822395074
64.30700723815696
64.90185950413225
64.83636498676607
64.16690298709014

