# Extinction sequence for 250 applications  and 49 platforms.
# This is the data and average for 48 different extinction sequences.
0	250	250	250	250	250	250	250	250	250	250	250	250	250	250	250	250	250	250	250	250	250	250	250	250	250	250	250	250	250	250	250	250	250	250	250	250	250	250	250	250	250	250	250	250	250	250	250	250	250.0	49
1	250	239	249	249	248	245	250	246	245	250	248	250	248	250	250	249	250	250	250	250	250	248	250	250	249	248	246	245	250	250	249	248	247	247	250	249	249	249	249	250	250	248	250	247	250	250	249	250	248.60416666666666	48
2	248	239	244	249	245	244	249	245	245	247	247	250	245	249	249	249	249	249	250	250	250	248	245	247	238	248	235	245	250	250	249	247	241	245	249	248	249	244	249	250	250	247	248	242	249	250	249	249	246.9375	47
3	248	237	243	238	239	240	248	240	245	247	246	247	243	248	247	247	243	246	248	247	247	246	244	247	237	248	235	245	247	248	249	246	241	244	249	248	247	244	249	250	250	246	248	240	249	250	249	248	245.375	46
4	248	236	243	237	232	240	247	238	243	246	246	247	242	247	246	247	240	243	244	245	243	246	244	246	237	247	234	244	246	246	248	244	240	244	246	248	246	243	249	248	250	243	237	240	246	250	244	248	243.83333333333334	45
5	248	235	242	234	231	238	246	238	242	244	241	246	241	247	246	244	229	243	244	245	243	245	243	245	237	247	234	244	242	245	246	244	238	242	246	247	246	238	243	246	249	243	237	239	242	249	244	248	242.41666666666666	44
6	244	229	242	228	230	237	242	237	241	242	241	246	239	247	242	243	229	240	244	240	242	244	243	244	237	246	234	244	241	241	242	240	238	242	241	244	241	234	243	246	249	240	237	235	238	249	243	245	240.54166666666666	43
7	242	228	240	223	224	237	231	236	238	241	236	246	238	246	240	232	226	238	242	237	241	244	242	244	234	245	233	240	238	236	238	239	237	241	237	242	241	233	238	245	244	238	234	233	236	244	240	244	237.95833333333334	42
8	234	228	236	222	221	237	229	235	238	241	235	246	236	242	236	230	224	237	240	237	237	240	241	244	229	240	228	236	234	232	237	237	234	237	237	242	236	231	235	243	232	237	229	229	234	244	228	243	235.20833333333334	41
9	231	226	230	221	219	236	228	234	238	235	235	242	235	241	227	227	222	236	238	235	233	239	234	242	228	240	227	236	225	231	237	236	233	236	226	242	233	230	233	242	232	233	229	228	232	242	223	243	232.9375	40
10	226	225	227	219	218	234	221	222	233	228	228	242	234	239	225	227	220	234	238	230	230	239	234	234	225	239	226	224	224	227	236	225	229	235	223	242	233	225	232	240	232	232	227	224	228	241	218	242	229.91666666666666	39
11	226	219	224	216	215	234	218	221	230	227	216	235	232	238	224	225	217	232	232	228	228	237	230	226	217	230	219	223	221	226	234	223	227	234	217	238	228	219	230	238	232	231	221	220	222	230	215	241	226.375	38
12	220	216	223	216	209	231	217	217	230	222	215	235	231	234	221	225	213	228	228	226	221	232	225	224	217	227	218	214	215	226	233	218	223	231	217	235	227	211	225	234	231	230	220	219	211	225	206	236	223.08333333333334	37
13	217	215	222	210	209	229	217	216	223	222	213	233	221	227	220	223	212	227	225	218	220	228	222	220	216	225	213	213	204	225	233	211	221	229	215	228	227	207	220	229	227	229	220	212	209	220	203	234	219.97916666666666	36
14	213	212	218	203	209	228	209	216	223	221	211	229	214	224	212	223	207	227	223	215	217	228	219	219	212	220	213	210	203	224	232	204	215	227	211	226	226	207	220	217	227	228	220	207	206	215	195	234	217.0625	35
15	213	210	212	200	198	223	201	214	219	217	210	229	213	221	212	222	201	220	222	214	215	220	218	219	208	219	211	209	202	222	226	199	214	226	207	218	223	203	213	216	225	226	219	206	203	209	186	233	213.875	34
16	211	208	206	194	197	223	201	207	210	212	204	229	211	215	207	216	201	219	211	213	215	215	216	217	204	217	205	205	200	221	224	198	212	222	201	218	219	200	211	209	218	223	215	196	199	208	182	231	210.33333333333334	33
17	202	205	203	193	195	219	200	205	207	211	203	228	202	214	194	208	200	215	207	204	207	214	215	217	203	210	196	204	197	214	222	192	203	222	201	207	217	195	207	208	214	221	207	194	199	206	182	229	206.625	32
18	198	203	199	191	192	212	195	204	202	209	200	225	198	209	191	207	197	204	204	203	201	213	214	213	202	204	195	199	193	211	221	181	200	218	200	198	214	191	199	207	213	216	205	190	198	200	179	223	202.9375	31
19	195	196	198	187	183	202	190	202	199	200	199	225	193	207	185	206	193	202	203	202	196	209	211	211	196	203	193	194	188	204	215	170	191	216	193	194	209	181	196	207	210	210	205	186	188	198	174	219	198.625	30
20	184	188	197	185	182	190	187	202	187	197	194	219	184	206	184	204	190	196	193	200	196	205	209	206	192	202	185	186	185	204	215	169	182	215	192	192	208	180	193	206	210	207	202	185	180	197	170	208	194.79166666666666	29
21	183	186	189	178	181	189	179	199	186	194	192	208	179	202	182	204	189	181	190	193	195	199	208	195	185	200	177	181	182	201	207	164	176	210	187	191	207	172	193	202	203	202	198	180	178	196	166	207	190.54166666666666	28
22	179	182	183	174	180	186	173	198	184	190	187	205	175	197	181	199	186	176	186	188	194	192	201	184	184	197	176	180	179	196	205	164	172	208	181	186	199	165	192	202	201	196	197	175	168	195	162	204	186.75	27
23	173	176	178	171	177	186	171	188	173	187	185	201	169	189	177	190	183	176	186	185	193	191	201	178	183	192	170	176	176	196	201	148	161	207	173	185	191	154	191	202	197	192	194	171	166	189	156	189	182.16666666666666	26
24	171	171	175	170	164	180	170	184	172	178	181	200	164	184	173	187	181	164	183	178	180	180	196	174	177	185	164	172	175	186	198	147	158	198	167	184	187	150	188	199	191	186	191	169	164	186	153	184	177.47916666666666	25
25	163	170	165	170	163	173	169	182	162	177	173	195	162	183	171	184	178	164	180	176	176	172	185	170	176	179	157	169	171	183	194	141	153	196	163	173	183	141	186	190	189	183	182	163	158	184	151	173	172.9375	24
26	162	160	163	166	162	172	159	170	154	172	172	182	158	172	170	178	177	159	179	172	175	172	183	169	173	173	154	169	158	177	188	134	144	192	158	170	173	135	180	180	187	171	175	152	143	183	138	171	167.41666666666666	23
27	158	152	152	156	159	170	158	170	150	160	169	175	152	162	163	167	169	147	175	156	174	167	175	168	172	171	146	155	151	163	185	131	129	188	144	167	157	129	170	172	180	166	174	150	141	182	136	164	160.97916666666666	22
28	154	147	144	154	153	169	157	166	149	160	167	174	148	156	158	159	162	144	173	153	167	157	170	163	171	158	145	151	139	154	181	124	123	182	132	162	156	120	167	170	174	163	170	138	134	174	127	159	155.79166666666666	21
29	150	133	139	152	148	165	154	159	142	150	164	164	142	155	154	154	155	138	172	145	161	150	167	158	170	150	145	142	139	153	180	123	119	181	131	156	152	118	162	159	170	161	164	122	133	166	126	158	151.0625	20
30	138	131	133	141	141	155	148	148	134	131	156	162	141	142	144	154	154	137	168	145	149	139	164	151	159	143	134	140	135	149	179	117	114	169	129	155	144	103	152	153	155	152	158	107	123	165	124	147	144.0	19
31	137	120	129	140	138	154	137	136	126	119	156	159	130	141	139	149	148	124	167	139	143	136	161	149	156	143	130	138	125	144	167	110	113	156	125	140	133	96	145	145	147	148	151	106	109	151	123	137	137.8125	18
32	124	118	125	135	134	151	128	132	121	118	150	159	129	140	127	145	138	111	161	138	141	130	159	140	153	139	128	136	123	143	159	106	108	139	122	133	126	91	136	133	140	146	142	103	104	146	119	134	132.5625	17
33	120	117	125	130	127	147	123	131	116	110	139	147	116	125	117	128	126	106	157	136	138	125	154	129	146	131	123	129	119	128	147	94	94	138	118	129	121	86	134	132	130	131	126	101	103	142	114	125	125.625	16
34	119	103	124	127	119	132	119	127	111	105	137	139	112	115	114	115	120	94	148	122	134	118	153	120	139	119	118	126	117	127	146	88	90	127	108	122	116	80	124	121	118	129	123	97	92	138	110	112	119.04166666666667	15
35	114	95	113	112	113	120	117	123	110	99	120	132	109	104	110	101	119	88	136	117	128	103	149	112	139	118	115	121	116	125	136	86	89	124	101	112	107	80	123	115	118	126	113	92	91	124	102	108	113.02083333333333	14
36	113	91	107	111	99	106	103	121	100	95	112	131	91	102	104	100	110	82	119	114	120	97	139	105	126	109	101	119	114	110	125	84	76	116	97	108	91	78	110	112	113	125	112	91	78	124	96	102	106.02083333333333	13
37	99	86	103	109	87	90	96	113	95	88	105	121	87	96	101	88	109	82	116	111	104	81	125	105	114	97	96	111	100	93	112	78	69	103	90	97	90	68	103	104	101	109	107	82	68	114	82	94	97.47916666666667	12
38	91	82	102	100	81	81	94	107	89	77	101	118	81	96	95	87	107	80	105	110	88	76	111	88	112	87	94	96	97	81	99	73	67	102	85	87	79	65	96	97	96	104	98	81	66	106	75	93	91.3125	11
39	86	81	86	90	69	71	85	97	79	73	101	107	67	83	91	81	102	72	97	105	83	72	97	81	110	81	83	83	96	76	95	68	63	95	68	79	71	64	79	83	95	92	97	76	65	93	70	76	83.625	10
40	81	75	85	89	69	68	77	83	69	68	93	106	60	80	85	68	95	62	79	99	76	70	79	78	101	67	75	82	84	65	84	61	54	92	65	77	63	61	69	76	86	78	95	68	63	88	65	65	76.625	9
41	78	70	78	80	65	67	66	64	61	67	77	89	48	73	82	51	81	61	64	92	63	66	63	74	99	66	69	81	83	58	80	61	54	83	59	62	58	54	54	59	84	67	78	67	57	80	49	60	68.79166666666667	8
42	66	65	66	78	61	55	60	49	43	65	74	81	48	68	80	43	70	59	59	74	61	62	55	72	84	61	55	70	76	57	68	55	53	63	50	61	42	46	52	49	83	59	72	65	50	75	31	46	61.1875	7
43	58	64	53	71	58	50	55	43	32	56	68	77	46	65	76	41	56	44	58	68	48	58	52	59	83	60	39	52	70	51	51	38	51	59	33	52	36	38	40	31	67	42	65	61	49	58	20	31	52.770833333333336	6
44	50	60	50	57	42	48	50	37	28	55	50	70	44	64	74	37	52	34	57	67	36	40	37	53	70	57	38	37	60	34	45	35	44	57	30	48	32	30	38	30	53	32	58	51	45	52	19	31	46.208333333333336	5
45	32	47	44	39	29	43	46	19	26	49	33	59	37	51	59	28	45	18	51	53	32	34	36	47	53	50	36	30	42	32	27	26	40	47	30	43	16	29	34	29	48	21	52	34	43	42	13	25	37.479166666666664	4
46	30	28	38	21	28	36	42	12	25	33	14	44	30	42	40	21	37	17	35	41	32	29	26	35	34	43	32	30	26	17	19	13	31	31	29	39	14	23	30	22	31	21	43	29	33	25	7	13	28.5625	3
47	26	17	26	15	17	26	37	9	21	18	13	28	12	27	23	12	21	14	20	33	22	13	13	26	24	33	27	25	18	15	18	8	14	18	27	20	12	18	26	16	10	6	27	19	15	22	2	11	19.166666666666668	2
48	11	2	17	9	2	7	21	1	0	1	6	13	3	21	4	8	0	2	13	17	13	5	12	17	16	18	8	16	11	5	13	6	11	16	19	9	6	1	13	15	2	1	21	8	9	15	1	8	9.4375	1
49	0	0	0	0	0	0	0	0	0	0	0	0	0	0	0	0	0	0	0	0	0	0	0	0	0	0	0	0	0	0	0	0	0	0	0	0	0	0	0	0	0	0	0	0	0	0	0	0	0.0	0

