49.84183333333334
55.72716666666666
56.469000000000015
58.66866666666667
58.78916666666666
58.68966666666668
60.4865
59.51233333333333
59.557833333333356
59.744166666666665
61.02399999999999
60.68999999999999
61.10366666666669
60.95016666666665
60.71783333333332
61.785833333333315
61.323666666666675
62.69050000000003
61.84533333333333
61.434999999999995
61.98499999999998
61.55499999999999
61.88266666666667
62.40183333333334
63.14466666666668
62.05133333333336
63.36083333333331
62.18250000000002
62.83816666666668
62.03250000000001
62.971333333333334
62.391666666666666
61.44033333333333
62.35866666666665
61.75250000000002
61.36616666666666
61.47066666666666
60.830000000000005
61.93533333333333
62.953999999999986
61.414333333333346
62.34050000000002
61.9505
62.147833333333345
62.30166666666667
62.20933333333334
62.89983333333333
63.26400000000002
63.19866666666666
64.05266666666667
63.19183333333335
63.60733333333334
62.07749999999999
62.6835
62.07483333333332
63.04749999999999
62.15233333333332
63.01966666666665
62.83816666666664
62.432500000000005
60.78066666666668
62.41749999999998
63.41266666666665
62.645833333333336
63.20983333333336
63.44366666666667
63.68366666666668
64.08866666666665
63.635500000000015
63.628166666666665
63.61800000000001
64.13583333333334
63.536500000000004
62.86916666666665
63.13416666666667
63.371333333333325
63.575333333333326
63.69216666666667
62.891833333333345
63.395
64.62299999999999
63.6205
64.02333333333334
63.39983333333332
63.34783333333333
64.10133333333332
64.48816666666669
63.82266666666666
63.271333333333324
63.303166666666655
63.33483333333334
63.41066666666666
62.90033333333332
63.35733333333331
63.130166666666675
62.00133333333333
62.54533333333333
62.440666666666665
62.387666666666675
62.35449999999998
64.10249999999999

