51.90098039215687
57.89999999999998
59.41666666666665
61.28839869281045
60.557026143790836
61.182679738562086
62.58398692810457
62.91454248366013
62.816503267973864
61.34460784313725
62.095424836601296
62.3529411764706
62.8343137254902
63.74558823529413
61.960457516339886
62.88039215686273
63.063725490196084
63.247222222222234
62.88480392156863
61.67745098039216
61.10212418300654
62.40604575163401
62.55571895424835
62.98562091503269
61.20800653594773
62.49444444444446
61.97794117647057
62.511928104575155
61.0408496732026
62.785620915032666
62.28545751633985
62.69313725490196
63.37973856209152
63.27124183006535
62.07434640522875
62.325980392156865
63.369607843137246
63.19509803921567
63.15261437908497
63.48562091503267
64.47679738562091
62.89052287581699
64.08709150326797
61.784150326797395
61.727124183006524
63.74493464052288
62.73513071895426
62.96797385620915
62.30555555555556
63.288725490196086
62.10947712418302
64.23643790849674
63.17107843137255
63.89542483660131
63.36584967320261
63.435784313725485
63.818300653594775
63.28856209150325
61.6312091503268
63.65898692810457
62.458496732026134
62.93823529411764
63.14281045751633
63.78856209150327
63.50098039215686
63.484967320261454
63.74281045751634
63.0001633986928
62.82728758169935
63.08627450980394
63.78022875816993
62.564379084967314
64.02957516339869
62.71666666666667
63.77352941176472
61.93611111111112
63.27761437908496
62.82369281045752
63.52745098039215
64.32303921568628
63.03382352941175
63.45522875816994
63.8062091503268
64.14281045751635
63.21307189542485
64.32745098039217
63.346241830065374
65.04379084967321
64.15980392156862
63.88022875816992
64.5795751633987
64.42499999999998
63.50915032679739
64.1423202614379
64.1062091503268
63.626960784313724
63.888888888888886
63.984640522875814
64.93202614379082
62.767320261437895
64.27320261437906

