# Extinction sequence for 721 applications  and 247 platforms.
# This is the data and average for 50 different extinction sequences.
0	721	721	721	721	721	721	721	721	721	721	721	721	721	721	721	721	721	721	721	721	721	721	721	721	721	721	721	721	721	721	721	721	721	721	721	721	721	721	721	721	721	721	721	721	721	721	721	721	721	721	721.0	247
1	721	721	721	720	721	721	719	720	721	721	721	717	721	720	721	720	721	719	720	721	721	721	721	721	721	720	720	721	720	721	721	721	721	717	721	721	721	721	718	721	721	721	721	721	721	721	721	721	721	720	720.52	246
2	721	720	721	720	721	721	718	720	720	720	715	717	721	716	721	718	720	719	720	717	721	720	721	720	720	719	720	720	720	721	720	721	718	717	721	721	721	721	717	721	721	717	721	721	720	719	721	721	720	720	719.74	245
3	721	719	721	720	721	719	718	719	719	718	714	713	720	716	720	718	717	718	720	717	721	720	721	718	720	713	720	720	720	720	718	721	718	717	721	721	721	721	717	719	721	717	721	721	719	717	721	720	720	718	719.0	244
4	721	716	721	720	721	718	718	718	718	718	712	713	720	716	719	715	717	718	718	717	721	718	720	717	720	713	720	720	716	719	718	721	715	717	720	720	720	721	716	719	721	715	721	721	717	716	718	720	720	717	718.22	243
5	720	716	721	717	720	718	717	716	718	718	711	712	720	716	718	714	717	718	717	716	721	718	720	710	719	712	720	720	716	717	718	720	715	716	719	718	720	720	714	719	719	715	721	721	716	716	718	719	720	717	717.48	242
6	719	715	720	717	720	710	717	716	718	718	711	711	720	716	715	714	716	718	716	713	721	718	720	710	719	709	719	720	715	717	718	719	715	716	719	717	720	720	714	718	719	714	721	720	715	713	715	715	718	716	716.6	241
7	719	715	719	716	720	710	716	715	715	718	710	707	720	716	714	710	716	718	716	713	720	718	720	710	719	701	713	720	715	716	718	719	714	715	716	717	719	719	713	718	717	714	718	720	715	713	715	715	718	716	715.68	240
8	718	713	719	714	720	708	715	715	715	718	710	707	720	711	714	706	716	718	716	710	719	715	717	710	717	701	711	720	715	713	716	719	714	715	716	717	718	719	713	717	713	713	717	719	709	711	713	715	718	716	714.58	239
9	717	713	718	714	720	707	715	714	715	718	710	705	720	711	714	706	713	718	715	709	719	714	717	710	714	701	709	718	715	709	716	719	714	715	713	716	717	719	713	715	713	713	714	719	709	711	713	715	718	715	713.9	238
10	717	710	717	713	720	706	714	714	715	718	708	705	719	711	714	706	713	716	714	703	718	714	717	710	714	700	709	718	715	708	715	717	713	715	713	716	716	718	711	715	713	712	714	719	709	710	712	713	717	714	713.16	237
11	715	710	713	711	719	700	714	714	714	718	707	700	719	708	713	706	712	714	714	702	714	714	717	703	714	699	709	715	715	706	715	716	713	709	713	716	716	715	709	715	711	712	713	719	707	710	712	710	717	711	711.76	236
12	715	709	713	711	718	700	714	712	714	717	706	700	719	707	712	704	712	713	714	702	714	714	716	703	714	699	709	713	714	706	715	713	709	708	713	714	716	712	709	715	709	712	709	716	707	710	710	707	717	710	710.9	235
13	715	708	713	711	717	700	714	712	713	717	706	699	718	707	711	697	711	713	713	702	714	711	716	702	714	699	709	707	712	706	714	713	709	708	713	714	716	712	708	713	709	709	709	716	707	710	710	707	710	710	710.08	234
14	715	706	712	711	717	695	710	712	713	711	704	699	718	707	710	697	711	713	713	698	714	709	714	702	714	699	708	701	712	703	714	712	700	706	710	712	716	710	707	713	708	709	706	716	707	710	708	707	702	710	708.62	233
15	715	705	712	708	717	695	710	712	713	711	704	699	718	706	710	694	711	712	712	697	714	709	714	701	712	699	701	701	711	703	711	712	699	705	710	712	716	710	706	713	707	708	706	716	705	710	707	706	700	710	707.9	232
16	715	705	712	706	716	695	708	711	709	710	703	699	718	706	710	694	710	711	708	694	714	706	713	697	711	697	700	699	710	702	711	712	699	696	710	711	716	708	701	713	704	706	706	716	705	710	707	706	700	709	706.7	231
17	715	704	712	706	715	695	706	710	709	710	703	699	718	706	706	689	710	709	707	694	714	706	713	696	711	696	699	698	710	702	711	712	699	693	710	710	713	707	701	713	703	706	703	716	703	709	701	704	700	709	705.82	230
18	714	704	712	703	715	694	706	710	709	709	702	697	716	705	706	687	709	709	707	689	714	705	713	694	711	696	698	698	710	699	710	712	698	691	710	709	713	707	700	713	703	705	702	715	703	709	701	701	700	709	705.04	229
19	714	704	712	703	713	694	706	710	707	709	702	697	716	705	705	686	706	709	706	689	713	705	711	694	709	694	694	698	710	698	709	712	698	689	710	701	713	707	700	713	703	705	702	712	700	709	701	701	700	709	704.26	228
20	714	704	707	702	713	694	706	709	707	709	702	697	713	703	705	684	705	709	704	689	712	705	711	694	709	693	689	698	709	698	707	710	698	689	708	701	713	707	699	713	703	705	702	712	699	709	699	700	700	709	703.54	227
21	714	704	707	702	713	690	705	705	706	700	700	697	712	703	704	684	705	709	703	689	712	704	709	694	707	692	689	698	707	695	706	709	698	686	706	699	713	707	699	709	703	705	702	710	699	707	698	697	700	709	702.42	226
22	712	704	707	702	712	689	704	702	706	697	700	694	712	702	700	682	704	709	703	688	710	700	708	692	707	692	689	697	707	694	706	709	697	686	706	699	713	707	697	709	703	705	701	708	699	707	697	697	700	709	701.6	225
23	712	704	699	702	712	689	701	702	705	695	697	694	712	702	698	681	701	708	701	687	710	700	708	692	701	691	688	696	704	690	705	705	695	685	706	699	710	707	697	709	700	705	700	708	698	706	692	693	697	706	700.1	224
24	712	703	699	701	708	689	701	702	705	694	697	694	706	700	698	681	701	708	698	687	708	700	707	689	701	691	688	696	704	690	703	705	695	685	705	696	710	707	697	709	700	703	700	708	697	706	690	693	695	706	699.36	223
25	707	703	699	701	708	689	700	702	705	694	697	694	705	700	698	679	697	708	696	686	708	700	707	689	701	689	687	694	704	689	701	705	695	685	705	695	705	707	697	708	697	703	700	707	696	706	687	693	695	706	698.58	222
26	706	699	699	696	708	689	700	700	704	693	696	691	703	699	695	678	697	708	690	684	708	700	704	688	701	689	684	692	704	689	700	704	695	685	705	695	705	705	697	708	693	703	700	707	691	706	687	693	695	702	697.4	221
27	705	699	699	694	707	688	700	700	702	693	695	691	703	697	695	677	697	708	690	684	704	696	704	688	701	689	684	691	702	689	700	704	695	685	704	694	702	705	696	707	692	702	699	704	690	706	687	692	695	702	696.66	220
28	704	698	699	692	707	686	700	700	702	693	695	688	703	697	694	675	694	707	687	684	704	694	704	688	701	685	683	683	702	688	700	703	692	685	703	693	702	705	696	701	692	702	699	703	690	705	687	692	693	702	695.64	219
29	694	698	699	692	705	686	700	699	702	693	692	688	703	697	691	675	694	707	687	684	704	694	703	688	701	683	682	681	702	685	699	700	691	684	702	693	702	705	695	701	692	702	699	703	688	699	687	689	692	702	694.68	218
30	694	696	698	692	705	686	700	699	702	691	686	688	703	697	691	675	692	706	686	678	704	693	703	688	701	683	682	680	702	684	696	700	690	684	699	693	701	705	695	701	692	702	699	703	688	695	684	688	690	702	693.84	217
31	694	694	695	692	705	686	700	698	702	690	685	688	703	695	691	675	688	705	684	678	699	691	703	687	701	682	681	679	702	684	696	700	687	683	697	693	699	705	695	701	691	696	698	701	687	695	682	683	690	701	692.74	216
32	694	694	695	691	705	685	700	695	702	687	684	688	703	692	691	675	688	703	682	678	699	688	703	686	699	682	678	679	699	682	695	700	687	682	697	686	699	705	695	700	691	696	698	701	687	695	680	683	689	701	691.88	215
33	693	693	695	691	704	684	699	695	702	687	684	688	703	692	691	671	680	701	681	675	694	688	703	683	699	682	678	679	697	682	693	697	687	681	697	686	699	705	694	696	691	696	698	698	684	694	680	683	684	701	690.76	214
34	693	692	695	691	700	683	696	694	702	685	684	688	703	692	688	670	677	701	681	675	693	688	702	683	697	682	678	679	697	682	693	695	687	681	695	686	693	705	694	695	687	691	698	696	684	694	678	682	683	701	689.78	213
35	692	692	695	691	700	681	694	693	702	685	684	684	701	692	686	666	677	700	681	675	692	680	702	681	697	682	678	679	694	680	693	693	685	680	694	685	693	703	693	694	687	688	698	696	681	694	677	681	683	699	688.66	212
36	692	691	694	689	699	678	694	693	702	685	682	684	701	692	686	666	675	693	679	675	691	680	699	681	697	679	675	679	694	680	693	693	685	676	690	683	693	701	687	692	686	684	695	696	680	694	677	681	683	691	687.3	211
37	692	691	694	689	699	672	691	687	702	684	682	684	701	688	686	666	675	692	678	675	691	680	699	680	696	679	675	679	691	680	693	693	685	673	690	683	690	701	687	691	682	684	693	696	679	694	677	681	680	691	686.42	210
38	692	691	691	687	699	672	688	687	702	683	678	684	701	686	684	665	674	692	677	675	688	680	699	680	696	678	674	679	691	679	691	692	680	673	690	683	690	698	686	682	681	682	689	696	678	694	677	681	680	690	685.3	209
39	692	691	687	685	699	669	686	687	702	681	676	683	699	685	679	662	674	692	676	675	687	673	693	680	696	678	674	676	689	678	689	692	679	670	690	683	690	698	685	682	681	681	687	695	675	693	677	678	680	683	683.84	208
40	691	691	687	685	696	669	686	685	702	681	675	683	699	684	679	661	674	690	676	675	687	673	692	680	696	678	674	676	689	678	689	689	679	669	687	683	689	697	683	682	679	680	687	693	675	693	677	678	674	682	683.14	207
41	691	690	687	685	694	669	678	682	702	681	675	683	699	684	677	656	664	686	676	675	687	673	692	680	693	676	674	674	687	678	689	688	679	669	686	683	686	697	680	677	679	680	685	693	674	692	677	678	674	682	681.92	206
42	691	690	687	684	694	669	671	682	701	680	673	682	698	684	675	652	664	682	676	673	687	673	691	680	692	676	672	674	687	678	689	686	678	669	686	681	686	696	680	676	676	680	685	686	674	692	677	678	674	682	680.98	205
43	691	690	687	684	694	668	671	681	701	680	664	681	697	683	673	652	663	680	674	670	686	672	691	680	692	676	672	674	687	677	687	683	677	665	685	680	685	693	680	675	676	680	685	685	671	691	674	678	673	681	679.9	204
44	691	690	682	683	694	668	671	680	694	680	656	681	697	683	673	650	663	680	674	670	685	672	688	680	692	676	672	673	686	677	687	681	677	662	684	680	683	693	680	675	674	679	679	684	670	691	673	677	673	681	678.88	203
45	686	690	682	683	689	668	668	676	694	680	654	680	696	683	671	649	663	680	674	669	684	671	688	680	692	674	672	672	686	673	687	681	677	662	684	680	680	692	678	675	674	676	679	683	664	689	673	677	673	681	677.84	202
46	686	690	682	683	689	668	666	675	693	678	654	680	696	681	671	647	659	680	674	668	684	671	687	679	692	673	672	671	685	672	687	678	672	662	683	678	679	691	674	675	672	675	679	682	663	686	673	677	673	680	676.9	201
47	686	687	681	682	688	668	665	675	685	677	653	680	696	681	670	645	659	676	673	668	683	669	686	678	692	673	672	669	685	671	685	678	665	657	680	676	679	690	673	675	672	675	679	682	663	686	671	677	672	679	675.74	200
48	683	687	679	681	686	668	663	675	681	677	652	680	696	678	670	641	658	676	672	668	677	667	686	678	691	664	672	666	683	671	682	677	664	655	680	673	679	690	672	674	670	675	679	682	662	686	669	674	672	677	674.36	199
49	682	685	676	680	684	666	661	674	681	677	651	680	689	677	669	641	657	675	672	666	676	666	686	676	691	664	672	666	683	666	678	676	661	655	680	671	679	687	672	671	670	675	676	682	662	685	669	673	672	677	673.2	198
50	682	684	676	680	684	666	658	672	681	677	649	678	689	677	664	640	654	675	672	666	675	666	686	672	688	664	669	663	682	666	678	676	658	655	679	670	679	687	671	671	670	672	676	682	662	685	669	673	670	669	672.14	197
51	682	684	676	679	684	665	658	672	679	677	649	674	681	677	662	640	654	675	670	664	674	664	686	672	687	664	669	661	682	666	678	676	657	654	679	668	678	687	671	671	669	671	675	682	662	682	668	673	670	669	671.34	196
52	682	681	673	673	681	665	658	672	679	674	649	674	681	676	662	639	654	672	670	663	673	663	686	672	683	664	669	661	682	666	673	675	657	653	678	668	676	687	670	669	667	669	675	682	662	682	668	672	667	669	670.32	195
53	682	681	673	671	681	659	655	672	679	671	644	671	681	676	657	639	653	672	670	656	673	661	685	672	683	664	665	659	680	666	672	673	657	651	678	667	675	687	668	669	667	669	673	682	662	682	668	672	666	668	669.14	194
54	680	676	673	671	681	658	654	671	677	671	643	670	681	675	657	637	653	672	670	654	672	659	685	672	683	661	661	659	676	666	671	671	656	651	678	666	674	687	668	668	667	668	672	682	658	682	665	672	665	665	668.08	193
55	680	674	673	670	681	657	648	668	675	669	642	666	680	675	657	636	653	671	668	652	672	658	684	672	679	660	661	659	674	664	671	671	655	651	678	666	674	685	665	668	667	668	671	679	658	682	664	672	662	665	667.0	192
56	680	674	669	669	680	657	639	665	675	666	639	666	678	675	652	629	652	670	668	651	671	654	684	672	677	659	655	659	671	662	670	669	655	651	677	660	674	684	665	667	660	667	671	679	658	681	663	672	662	665	665.36	191
57	680	674	669	669	679	654	639	665	674	666	639	666	677	674	651	629	651	670	668	651	670	654	682	672	677	657	655	659	668	659	670	669	655	651	670	660	674	684	664	666	660	667	671	677	657	681	663	672	662	665	664.72	190
58	679	674	668	668	679	653	636	659	672	663	639	666	677	674	650	629	650	668	668	650	669	654	673	669	677	651	653	657	668	658	670	666	655	647	670	659	673	679	664	663	658	667	671	676	657	679	660	671	662	665	663.26	189
59	678	673	667	668	679	653	636	659	672	663	637	666	676	671	650	629	650	668	667	650	668	654	673	669	677	651	653	656	668	658	670	664	655	647	669	657	673	676	661	663	653	667	671	670	657	679	658	671	661	665	662.52	188
60	677	671	666	668	679	649	636	659	672	663	633	665	674	667	650	628	650	667	663	649	668	652	673	668	677	651	653	654	668	658	670	660	655	638	669	655	673	676	657	663	653	667	671	668	657	679	658	671	660	663	661.42	187
61	677	668	664	657	679	649	635	658	671	661	622	664	674	665	650	627	649	667	663	647	667	651	668	666	675	651	653	644	661	658	669	656	654	638	667	655	669	676	657	662	650	665	670	667	656	679	656	671	656	663	659.54	186
62	675	668	662	656	678	649	635	658	666	661	622	664	665	663	647	624	649	667	661	646	659	651	668	659	674	647	653	644	660	658	669	655	653	638	664	655	669	672	657	661	650	665	668	666	650	675	654	670	656	663	657.98	185
63	672	663	662	656	678	642	635	656	665	659	620	663	665	661	647	620	649	667	661	646	659	651	668	650	674	646	651	641	660	657	668	655	650	636	659	655	666	672	654	659	649	661	667	665	650	674	653	670	656	663	656.52	184
64	670	659	662	656	678	641	635	656	664	658	620	659	665	659	642	616	649	667	656	642	656	651	668	650	673	645	651	641	660	657	668	653	650	630	658	654	662	672	654	658	648	658	667	665	650	673	653	670	651	662	655.24	183
65	670	659	659	654	675	641	635	656	664	657	619	659	663	658	642	612	648	665	656	642	656	648	668	650	673	645	650	641	659	657	668	648	648	630	658	654	655	670	653	657	648	657	667	664	650	673	652	669	651	661	654.28	182
66	670	654	659	654	674	639	631	655	660	651	619	659	663	655	636	610	648	664	650	642	655	648	668	650	671	645	649	633	657	656	668	647	648	628	656	653	654	668	653	656	648	657	667	656	646	673	651	669	651	661	652.7	181
67	669	654	658	654	673	632	629	655	656	651	616	657	661	653	636	610	643	656	649	640	655	645	667	648	671	644	648	633	657	656	668	644	643	627	656	648	654	666	653	656	648	656	667	653	646	673	651	664	651	660	651.2	180
68	669	654	658	653	670	632	629	651	653	650	615	656	659	651	636	608	643	656	646	640	653	644	665	648	667	642	648	633	657	656	659	642	643	623	656	648	652	664	653	656	645	656	662	651	643	672	649	662	647	660	649.7	179
69	669	653	658	653	670	631	624	649	653	647	615	655	657	648	636	608	638	656	645	639	651	644	664	644	666	639	648	633	657	654	657	642	643	623	656	648	651	664	653	656	645	656	662	649	640	672	649	661	640	660	648.62	178
70	668	653	658	651	666	631	622	646	652	647	615	655	656	648	630	600	635	654	645	638	647	642	664	641	666	639	644	633	657	652	657	639	640	622	655	647	650	663	650	655	645	655	660	648	640	672	649	656	640	660	647.16	177
71	667	651	655	650	663	631	622	644	652	645	613	653	656	647	629	595	635	654	645	638	644	642	657	640	663	639	642	632	656	652	655	635	640	622	655	642	645	663	650	653	645	655	660	647	634	672	648	655	636	660	645.68	176
72	664	651	655	650	662	631	620	644	648	645	607	653	653	645	628	595	635	653	644	632	644	642	653	639	660	639	641	631	656	649	651	634	638	622	652	642	642	660	650	653	643	655	660	644	629	671	648	655	628	658	644.08	175
73	662	651	653	648	661	631	615	642	648	644	606	652	653	641	628	592	635	650	644	631	640	642	653	633	660	639	641	627	655	648	649	634	638	618	652	642	641	660	645	652	642	653	657	643	624	671	648	650	628	658	642.6	174
74	659	651	652	645	661	629	615	641	648	644	605	651	652	640	626	592	634	650	644	627	640	641	651	633	660	637	641	622	652	647	648	634	635	618	649	642	641	660	643	652	638	653	657	643	624	671	648	650	626	651	641.46	173
75	659	651	652	645	661	629	615	640	645	643	605	650	652	636	625	592	634	650	639	627	638	640	650	633	659	634	641	622	652	646	646	634	634	617	649	642	641	652	641	652	633	652	657	643	624	664	643	646	620	647	640.04	172
76	658	651	649	645	661	629	615	639	645	642	605	646	649	636	625	592	634	647	639	626	637	634	650	631	652	634	635	621	651	646	646	628	634	610	643	639	640	651	636	652	633	652	657	642	623	660	643	646	618	647	638.48	171
77	658	651	648	645	657	626	615	638	644	637	601	645	646	636	623	587	634	644	639	622	637	629	650	628	651	634	633	618	649	646	646	628	634	608	643	631	640	650	635	652	633	652	653	640	622	651	643	645	618	645	636.8	170
78	657	651	645	644	657	623	607	638	644	637	601	640	644	636	620	583	630	644	639	619	637	629	645	627	651	634	633	615	644	646	643	623	633	608	643	631	640	650	635	652	632	651	652	640	622	650	642	643	617	644	635.42	169
79	656	649	645	642	653	623	603	638	644	636	601	639	643	634	620	581	626	643	639	619	637	625	645	616	647	631	631	615	644	646	640	623	630	600	643	631	639	642	635	651	632	648	652	639	621	650	640	642	616	644	633.78	168
80	656	649	645	642	653	621	602	637	644	634	601	638	642	634	620	578	625	641	639	616	636	624	644	616	647	631	631	615	644	645	640	622	630	599	642	626	637	642	634	650	630	648	650	639	621	647	636	642	616	644	632.9	167
81	654	648	643	641	653	621	602	633	644	632	599	635	641	632	619	574	625	641	634	616	635	621	644	615	647	627	631	614	643	644	639	617	628	597	641	625	635	642	633	650	628	647	650	628	619	647	632	642	615	642	631.3	166
82	650	648	636	640	648	620	602	629	641	632	597	635	641	632	618	574	623	637	634	603	634	620	642	612	647	626	631	614	643	636	639	617	621	596	640	624	635	637	633	649	628	644	650	626	617	646	629	641	615	641	629.46	165
83	650	647	634	640	645	618	602	629	639	630	597	631	640	627	617	574	618	629	633	602	633	620	642	611	647	624	629	613	639	636	639	616	618	594	635	622	635	637	633	647	626	643	650	626	616	646	628	640	614	639	628.0	164
84	649	647	632	638	645	618	598	627	637	629	596	631	640	627	617	574	618	629	629	598	632	620	642	608	645	623	629	613	639	629	634	615	618	594	634	620	635	637	626	639	626	643	649	626	610	645	621	630	611	639	626.22	163
85	649	646	630	637	645	618	591	626	636	627	596	631	637	622	615	569	618	626	628	598	629	620	638	603	645	623	629	611	639	627	634	613	616	593	634	620	623	630	626	637	623	643	649	626	606	642	614	624	611	639	624.24	162
86	645	642	629	633	644	618	590	626	633	625	596	626	634	617	611	569	618	626	624	598	629	613	637	602	645	623	624	605	639	626	634	612	616	591	634	620	621	630	624	637	621	643	649	626	606	641	614	624	610	639	622.78	161
87	645	642	628	633	642	613	589	624	633	624	596	625	634	612	610	565	617	624	624	598	629	607	636	602	641	623	624	605	638	626	634	612	616	583	633	620	619	628	622	631	615	643	649	625	604	638	609	623	608	639	621.2	160
88	639	642	627	629	641	613	589	621	633	623	591	624	634	611	606	565	616	623	624	595	629	605	636	601	641	621	619	602	629	621	634	611	616	581	632	619	616	628	616	631	614	643	648	625	603	637	608	619	607	637	619.5	159
89	637	642	625	629	640	613	582	618	632	619	590	623	633	605	606	565	613	623	624	595	625	605	636	601	641	619	619	602	629	618	627	611	616	581	629	619	616	627	615	631	613	641	646	623	602	637	607	619	607	636	618.24	158
90	635	642	625	620	640	610	581	618	628	614	590	622	631	605	602	565	612	623	623	594	624	604	636	600	638	619	619	602	628	609	621	611	614	580	626	615	615	627	607	626	613	638	646	622	602	636	607	618	607	636	616.52	157
91	635	641	623	620	640	609	581	616	623	614	588	622	629	600	600	560	611	622	623	594	621	601	632	600	638	619	617	601	622	608	613	611	613	574	620	615	613	625	604	623	608	627	646	622	601	636	604	618	607	636	614.52	156
92	632	641	621	620	634	605	581	616	623	612	588	622	625	597	600	559	608	621	623	591	615	601	629	598	638	619	617	601	622	608	613	607	612	574	620	614	612	619	604	618	606	623	646	622	601	635	604	618	606	635	613.12	155
93	632	641	613	620	634	599	579	614	622	612	587	620	621	592	599	557	608	618	623	591	613	600	629	593	638	619	617	597	619	602	611	607	611	573	620	612	612	619	604	618	606	621	646	622	601	631	603	612	606	635	611.58	154
94	631	641	613	619	634	599	579	613	620	612	587	615	620	592	599	556	607	617	618	587	609	600	625	593	636	616	611	597	617	596	604	605	611	570	620	612	612	616	604	618	606	616	642	622	601	628	603	612	606	634	610.02	153
95	630	641	612	619	633	596	576	612	619	610	587	613	620	592	599	555	607	617	617	583	601	600	625	589	635	615	610	594	617	596	602	603	611	566	620	607	612	616	604	615	606	616	640	621	600	627	603	609	603	630	608.62	152
96	627	641	611	618	633	596	574	611	619	609	587	611	619	590	598	555	607	615	616	578	601	598	622	586	627	614	610	592	617	596	601	596	611	565	619	607	609	615	603	615	606	615	633	620	594	625	601	602	600	627	606.84	151
97	626	639	611	617	633	596	573	609	619	606	587	610	619	579	597	553	605	615	616	578	598	598	620	586	627	613	603	592	615	595	601	596	608	559	619	604	609	615	600	615	603	615	632	618	593	619	599	601	593	627	605.22	150
98	625	639	609	617	633	596	567	609	619	606	586	606	617	578	596	553	605	610	614	578	596	597	620	584	623	613	599	588	615	593	599	596	608	559	615	604	609	610	595	612	602	613	627	618	587	619	597	601	593	627	603.64	149
99	623	636	609	617	628	592	567	607	617	606	586	602	617	578	596	553	605	600	613	578	596	596	613	584	623	613	593	588	612	593	595	593	608	559	615	604	606	608	595	611	602	613	619	617	587	619	594	598	592	624	602.0	148
100	623	633	608	617	623	592	555	606	617	603	585	600	616	578	593	548	598	598	611	578	596	594	613	584	623	613	593	585	611	593	595	593	608	559	615	604	606	601	594	611	602	613	619	616	587	613	590	598	583	623	600.34	147
101	623	631	608	613	623	592	554	599	617	603	584	600	615	578	593	547	598	598	611	574	596	588	609	583	622	608	593	579	610	592	591	593	607	558	606	604	604	597	591	611	602	611	619	611	586	610	589	596	581	618	598.52	146
102	621	627	606	611	623	592	554	595	617	603	584	600	615	577	586	545	596	598	604	571	592	588	607	582	619	608	592	578	610	592	591	589	607	556	606	600	603	597	588	610	602	607	617	610	586	610	589	596	580	615	597.04	145
103	620	627	606	607	623	591	553	595	617	597	583	598	613	576	586	545	596	593	601	567	587	588	606	582	613	607	592	578	606	592	591	587	604	554	606	600	599	597	586	610	600	606	617	610	583	608	589	596	580	610	595.56	144
104	620	624	602	606	622	586	552	593	616	597	583	598	606	576	583	544	591	589	597	567	581	587	601	582	613	607	590	578	606	592	590	587	602	554	605	600	597	596	583	610	599	597	617	607	576	606	589	595	576	608	593.66	143
105	620	624	602	606	622	586	550	591	615	597	582	596	604	576	582	544	590	586	597	565	581	587	599	582	606	604	590	571	606	592	590	587	602	548	600	594	596	594	583	606	599	596	617	607	576	605	588	589	573	608	592.22	142
106	615	624	601	606	622	584	550	590	615	588	582	593	604	576	581	543	586	586	596	560	580	587	599	582	606	601	589	570	600	592	588	586	598	548	598	592	596	594	582	603	599	593	615	607	576	604	586	589	569	605	590.72	141
107	613	618	601	606	621	577	549	590	615	587	577	593	604	575	579	543	586	585	592	560	579	587	596	582	603	601	588	567	600	589	588	585	597	545	598	583	594	594	582	603	589	591	611	607	570	604	586	584	569	605	588.96	140
108	613	618	601	603	615	576	549	589	614	587	574	589	599	575	579	541	581	583	591	560	579	587	591	580	600	601	588	557	600	588	587	584	597	545	595	582	591	594	582	602	589	588	609	606	570	604	586	584	568	605	587.52	139
109	608	618	601	600	615	573	549	588	612	587	574	588	599	575	579	537	581	580	589	560	579	587	588	579	600	596	585	556	597	585	587	580	596	545	584	582	588	593	575	600	582	584	596	605	570	600	585	583	568	601	585.38	138
110	605	618	599	599	615	570	549	586	612	586	574	587	597	575	575	536	581	576	589	555	578	587	588	579	600	596	582	552	594	585	583	580	594	545	584	582	583	593	575	600	579	584	595	602	567	600	581	582	563	601	583.96	137
111	604	618	597	598	611	570	548	581	611	581	569	580	597	574	573	529	570	576	589	555	576	587	588	579	599	593	582	550	591	585	582	580	591	540	584	582	575	593	573	599	579	584	594	597	561	597	581	582	559	594	581.76	136
112	599	613	589	598	609	570	545	581	608	579	569	575	595	573	571	529	570	572	588	555	576	586	586	574	599	589	575	550	589	580	579	576	591	540	584	582	571	592	573	597	579	581	592	597	557	596	581	581	556	593	579.8	135
113	599	612	589	597	608	570	544	581	600	576	569	575	595	565	571	528	569	570	579	552	576	583	583	572	597	588	570	550	587	580	574	576	591	539	580	578	569	592	570	592	572	581	586	596	557	588	574	578	556	593	577.54	134
114	599	607	589	594	608	568	544	578	591	576	569	575	592	565	570	528	567	565	579	546	575	578	582	570	596	585	570	548	584	580	569	571	587	539	580	573	569	588	570	591	564	579	586	596	556	585	574	574	550	593	575.44	133
115	596	595	589	593	601	568	544	573	585	571	567	573	589	565	568	528	567	561	579	543	573	577	582	570	593	582	560	546	584	575	569	569	586	539	578	571	569	588	570	588	559	579	583	594	556	585	573	574	550	592	573.38	132
116	591	594	587	591	601	567	544	573	585	568	563	570	589	565	568	526	567	558	579	542	566	577	582	569	591	582	560	542	584	568	566	568	586	539	578	570	569	585	555	583	559	579	579	589	556	584	563	574	547	592	571.4	131
117	591	587	587	591	598	566	539	573	579	568	562	564	588	553	568	526	567	558	576	542	566	577	579	568	591	580	560	542	583	568	566	565	586	537	577	570	568	582	550	583	557	579	579	589	556	583	563	574	547	592	570.0	130
118	591	587	586	590	597	566	535	572	569	565	561	563	586	547	567	522	566	551	576	542	566	572	577	566	586	576	560	542	583	568	566	564	575	534	577	570	562	578	550	582	553	571	579	587	555	583	561	574	540	584	567.6	129
119	591	586	582	584	592	566	530	572	565	565	561	562	580	541	567	522	565	546	576	535	562	570	575	565	584	569	556	536	581	568	562	564	575	534	574	567	556	578	547	582	551	567	579	587	554	581	561	572	539	584	565.36	128
120	588	586	582	584	587	566	528	572	564	561	555	562	572	541	567	522	564	545	576	528	561	564	573	560	583	561	553	535	579	566	558	558	574	533	569	562	556	578	537	578	549	567	576	583	554	581	555	572	536	581	562.84	127
121	585	583	582	584	587	563	528	572	563	561	554	562	570	538	567	522	564	543	576	521	557	564	573	559	582	555	549	532	577	565	551	558	574	532	569	559	556	577	536	570	549	567	569	581	554	581	555	571	532	578	561.14	126
122	585	578	578	582	586	563	527	570	562	561	550	557	569	533	566	518	564	541	576	521	556	562	572	554	580	555	545	531	577	565	549	553	574	524	569	559	556	575	536	570	547	565	565	581	549	581	555	571	532	578	559.46	125
123	580	572	578	581	585	563	527	569	560	553	550	557	562	529	566	517	564	540	576	519	555	556	572	553	580	550	539	527	577	562	549	549	568	524	566	559	556	573	534	566	547	565	565	580	548	576	555	569	529	578	557.5	124
124	580	565	577	576	583	563	527	568	560	553	550	557	562	523	566	506	562	540	575	519	542	555	567	549	579	546	539	526	568	554	549	548	565	521	566	559	556	570	528	560	547	562	564	572	548	569	548	566	529	577	554.82	123
125	574	560	577	576	583	563	521	568	558	553	550	556	561	521	565	506	560	534	575	519	541	553	559	546	579	544	532	522	568	553	549	543	564	521	565	559	556	561	524	558	536	562	563	570	538	569	548	562	528	577	552.6	122
126	572	559	577	576	582	562	519	567	558	552	549	555	555	520	561	505	552	527	573	519	539	552	557	546	574	541	529	521	562	553	549	540	564	521	563	549	550	557	521	558	532	558	560	570	532	563	548	561	528	577	550.3	121
127	571	553	577	570	577	562	519	563	558	545	547	551	550	517	558	500	552	527	569	519	538	545	557	546	573	540	529	520	561	553	547	540	561	517	558	549	544	553	521	556	527	552	560	565	528	563	548	554	523	573	547.72	120
128	571	553	577	566	577	562	517	563	557	545	546	547	549	517	556	494	552	527	569	518	537	541	557	546	568	540	529	517	561	551	546	539	561	510	555	542	541	553	520	552	522	546	558	562	528	562	548	554	523	569	546.02	119
129	571	549	577	560	573	560	517	563	555	541	545	547	548	516	553	494	550	522	569	518	536	540	552	543	568	540	527	517	561	544	542	539	561	510	553	542	541	553	519	549	521	541	556	560	527	558	548	550	522	565	544.26	118
130	564	544	576	560	573	555	516	563	555	541	544	546	547	509	550	493	550	522	569	513	533	537	552	542	568	538	526	517	561	544	542	538	557	509	553	536	541	553	517	549	515	533	549	559	527	552	547	544	520	562	542.22	117
131	564	537	576	557	569	555	514	563	551	541	544	535	545	509	549	493	549	522	569	509	530	537	551	541	564	538	526	517	557	544	542	537	557	509	549	531	534	552	516	546	510	533	547	557	527	549	546	541	514	556	540.18	116
132	558	532	576	557	564	551	508	557	540	541	543	535	545	508	545	493	546	517	569	506	521	535	551	540	560	538	526	513	557	539	542	537	555	503	543	527	534	548	516	541	510	531	546	557	526	549	546	539	512	554	537.74	115
133	557	532	574	556	560	550	508	550	538	541	543	534	542	507	545	493	546	517	564	505	515	532	548	536	559	538	518	513	557	532	542	534	554	498	543	525	528	547	515	541	510	531	545	554	520	549	545	536	510	553	535.8	114
134	544	528	563	556	552	549	508	542	535	541	543	529	541	507	542	492	544	512	562	495	515	530	548	535	556	538	517	512	554	525	539	531	553	497	542	525	521	546	511	541	507	531	543	549	520	549	545	533	510	552	533.2	113
135	544	528	557	556	546	547	508	541	534	540	540	526	541	504	531	488	542	508	555	494	515	527	548	534	548	537	517	510	547	525	539	531	553	492	538	523	521	545	510	541	507	530	543	546	520	548	544	532	510	551	531.24	112
136	544	528	553	556	545	545	508	537	534	538	540	526	532	504	529	483	540	504	555	494	508	527	547	523	547	530	516	510	547	525	538	528	553	487	531	517	517	539	508	539	502	530	543	546	520	545	544	531	510	551	529.08	111
137	544	521	553	550	544	545	503	537	532	538	538	524	531	501	526	478	532	498	550	494	501	522	547	523	542	523	513	507	540	525	534	524	553	487	529	513	513	531	505	533	497	530	538	546	513	544	540	531	510	551	526.08	110
138	541	511	550	543	533	543	502	537	529	534	535	524	531	501	519	478	527	493	546	490	499	522	544	523	537	519	513	507	540	524	534	520	552	487	529	512	513	531	504	527	496	530	536	540	511	540	538	531	508	550	523.68	109
139	539	510	545	539	533	543	502	536	529	532	534	524	531	501	513	471	527	484	540	489	495	521	543	523	537	518	510	498	540	524	534	511	552	483	529	505	513	531	497	526	496	528	522	538	508	538	538	528	508	545	521.22	108
140	529	510	539	537	528	543	496	535	529	532	531	523	529	498	513	466	527	483	538	489	495	518	538	519	533	516	503	498	540	524	530	510	552	477	522	500	513	525	497	519	491	528	521	537	507	532	528	528	504	538	518.36	107
141	529	505	539	537	527	539	496	530	529	526	528	521	524	498	505	466	527	478	538	489	490	517	538	515	526	516	494	498	527	521	524	510	549	474	522	500	510	523	496	513	489	520	519	536	493	531	528	525	497	534	515.32	106
142	529	505	531	533	527	537	487	527	528	525	528	519	520	491	503	465	527	475	524	487	490	514	533	515	526	516	494	496	526	518	520	509	545	474	521	498	502	523	483	507	485	520	519	536	493	529	523	518	490	529	512.4	105
143	522	504	523	530	525	535	482	522	528	519	520	519	520	491	503	465	526	468	523	484	490	509	530	515	524	516	493	492	525	513	520	509	542	474	521	496	502	521	483	503	485	518	519	530	488	529	516	515	488	529	510.08	104
144	520	504	520	530	524	534	482	521	522	515	520	519	520	491	497	462	523	465	515	480	490	509	530	514	524	508	492	492	523	513	518	508	540	469	514	494	502	521	483	502	476	511	515	526	484	520	516	512	488	523	507.62	103
145	513	503	520	529	523	534	482	521	522	510	515	506	520	482	496	462	520	459	514	479	488	509	524	511	523	508	491	492	520	512	518	506	540	469	507	494	499	514	476	496	465	511	515	518	484	520	511	506	483	523	504.86	102
146	513	499	514	529	523	534	480	521	522	508	501	502	512	482	492	458	519	451	512	479	488	505	518	510	516	503	484	491	520	497	518	505	533	462	507	494	499	512	475	489	458	510	514	513	484	514	510	506	483	523	501.84	101
147	512	498	513	529	519	530	476	521	522	499	498	500	511	482	492	458	516	450	510	475	488	505	518	509	516	499	484	490	519	496	513	496	531	462	503	494	499	512	470	487	450	499	510	512	482	513	506	506	483	523	499.72	100
148	512	490	510	526	519	519	474	518	519	495	495	491	511	482	484	458	511	448	509	474	487	501	514	506	513	499	483	488	509	496	513	496	527	457	503	486	491	505	465	473	446	490	510	505	481	512	505	500	483	522	496.22	99
149	506	484	508	526	519	516	473	517	516	492	493	489	506	478	476	458	499	443	509	469	483	500	509	506	512	499	477	488	500	494	510	496	527	449	494	481	483	505	464	472	445	489	507	505	477	512	501	500	482	522	493.32	98
150	506	482	504	525	518	516	466	517	516	492	492	479	503	472	470	450	492	437	509	469	474	496	509	506	510	494	477	487	488	490	510	493	527	439	494	481	483	504	457	472	444	489	504	504	477	507	501	497	481	521	490.62	97
151	503	482	504	524	515	507	466	516	516	492	491	475	494	471	469	449	492	428	507	465	472	494	501	506	509	494	477	483	483	484	506	480	520	437	481	471	483	499	457	472	441	488	504	501	468	507	497	494	481	519	487.5	96
152	503	482	501	524	515	499	465	516	513	484	491	475	491	468	464	440	479	428	505	465	472	484	500	506	508	494	469	480	476	479	504	471	520	431	476	471	480	498	455	468	436	488	504	501	461	503	497	494	476	512	484.44	95
153	503	482	494	521	515	499	464	513	512	484	488	472	490	467	464	435	475	418	499	465	466	484	491	506	505	491	467	477	476	477	501	463	520	431	476	470	474	491	455	459	436	481	503	501	451	497	497	491	476	508	481.62	94
154	503	474	494	520	512	498	464	505	505	476	488	472	481	460	460	435	473	418	499	465	460	482	490	501	495	488	462	477	475	477	501	461	513	424	467	469	474	485	450	458	428	481	501	501	444	496	492	486	470	508	478.36	93
155	497	469	493	519	511	498	459	505	501	473	480	472	481	460	456	432	473	414	499	464	453	482	484	501	495	485	461	477	470	476	501	461	513	419	461	468	472	484	445	454	428	477	501	501	444	492	489	486	464	508	476.16	92
156	496	466	487	519	505	496	459	498	499	465	480	472	474	458	456	432	468	405	492	464	448	481	483	495	487	482	460	476	462	473	489	454	513	419	460	461	472	481	442	454	424	475	500	498	438	487	485	485	457	505	472.74	91
157	493	466	485	518	501	495	453	498	499	458	476	472	471	458	456	424	467	405	489	461	441	481	481	491	484	482	458	475	462	467	489	447	510	419	459	461	472	479	436	450	409	474	500	498	436	486	482	485	457	501	470.34	90
158	490	461	483	518	497	495	443	491	493	458	466	472	471	458	454	419	465	405	489	456	441	480	481	487	478	481	451	466	462	466	481	442	508	418	459	460	467	477	429	446	409	472	497	491	431	483	479	480	455	499	467.2	89
159	485	461	481	512	488	494	440	491	485	453	460	472	470	456	454	417	460	399	487	452	438	477	479	484	468	478	451	464	461	466	481	441	508	412	448	460	464	470	429	445	405	467	495	491	431	474	477	470	455	495	464.02	88
160	478	459	480	510	485	493	440	489	478	450	458	463	470	456	454	416	459	389	480	452	438	474	464	476	468	476	451	453	452	463	481	437	500	400	443	456	464	470	426	443	398	467	491	484	429	468	477	469	455	495	460.54	87
161	478	459	479	506	485	493	439	482	471	450	456	462	465	444	451	415	456	386	473	452	433	469	461	475	465	467	450	453	451	462	481	437	495	397	437	455	458	461	421	441	398	467	486	476	429	468	469	469	449	494	457.52	86
162	477	459	477	505	485	488	438	476	471	447	449	460	465	441	451	413	453	386	467	451	433	466	460	471	458	465	448	451	451	455	480	437	489	393	437	455	456	457	415	440	397	457	478	475	422	468	468	466	448	488	454.86	85
163	477	453	477	504	481	488	434	474	468	444	446	460	460	431	451	411	450	386	458	439	432	458	460	470	450	465	448	451	451	446	475	429	489	388	429	453	451	452	415	433	392	455	475	465	420	468	464	466	448	481	451.42	84
164	475	450	476	502	476	488	434	474	466	444	440	459	458	431	450	409	443	384	456	436	420	456	460	467	442	458	442	447	451	446	468	426	489	381	428	452	444	450	415	429	390	455	472	464	410	462	463	460	448	480	448.52	83
165	475	440	472	495	470	488	433	471	465	444	440	459	458	431	441	405	438	383	456	433	416	445	457	461	433	458	441	447	451	441	468	421	486	375	425	452	444	441	412	429	385	455	472	463	397	457	460	460	440	480	445.38	82
166	472	440	472	486	470	486	433	462	462	444	432	457	457	430	440	405	431	382	454	425	416	445	452	457	433	454	439	443	448	441	464	418	482	375	413	451	441	441	411	427	377	454	471	454	393	457	454	459	440	480	442.6	81
167	472	440	462	481	466	484	431	462	462	438	425	457	457	430	439	404	431	381	453	422	416	444	452	451	433	452	436	435	441	426	460	414	479	373	402	444	435	432	407	427	368	453	466	449	385	450	452	456	434	479	438.96	80
168	469	436	450	481	453	480	422	456	461	438	425	447	452	427	437	404	431	369	443	420	416	444	444	451	427	450	431	430	435	426	460	412	479	371	402	444	432	431	399	426	363	450	465	446	385	450	449	456	434	477	435.72	79
169	467	427	449	480	453	479	422	454	453	438	417	434	443	427	437	404	425	359	439	413	414	434	444	446	417	450	431	430	434	423	460	412	475	371	397	442	431	429	396	425	351	441	457	446	382	449	440	451	429	476	432.06	78
170	467	419	439	476	447	479	421	448	452	434	414	434	443	424	427	394	425	359	439	412	414	434	438	438	409	440	426	423	432	423	453	412	470	370	397	442	429	429	396	421	349	435	457	439	381	442	440	451	425	464	428.64	77
171	462	415	435	476	445	473	420	441	452	427	414	433	440	424	424	392	424	357	432	409	412	434	428	427	400	440	422	421	432	423	444	412	468	360	391	436	420	427	396	418	342	435	454	431	379	438	439	446	424	464	425.16	76
172	462	415	431	462	435	473	415	438	443	425	406	432	437	423	414	391	422	356	425	409	412	434	427	427	397	434	422	415	432	423	443	406	462	359	382	428	420	426	384	417	336	434	449	424	375	435	432	444	424	464	421.62	75
173	457	414	431	460	432	473	410	438	443	423	406	431	436	413	405	381	413	356	425	409	412	424	427	424	397	434	419	414	432	418	443	406	451	357	374	420	420	416	383	405	327	426	449	424	375	434	432	435	422	459	418.3	74
174	453	414	431	457	432	473	406	438	434	419	402	428	434	413	401	379	412	346	419	403	411	418	418	418	390	431	418	414	432	418	435	398	447	356	372	414	418	416	374	405	327	426	445	420	366	434	430	435	422	458	415.2	73
175	441	413	428	456	426	473	406	430	423	419	395	421	425	407	400	379	412	342	413	403	411	410	418	413	389	422	418	414	423	414	428	387	445	351	368	409	412	415	373	405	321	426	437	419	366	430	416	433	418	457	411.2	72
176	435	406	423	447	424	464	406	430	413	417	394	421	424	396	400	379	412	330	409	403	411	410	418	411	388	411	417	413	423	412	425	386	445	347	368	400	410	406	372	404	308	418	430	418	365	429	413	430	415	457	407.86	71
177	432	406	420	447	423	464	406	420	413	411	394	418	424	390	400	368	405	330	409	400	410	401	416	402	388	409	417	407	418	412	425	385	444	346	367	388	398	405	360	396	308	412	427	413	364	424	411	425	415	456	404.58	70
178	431	394	411	441	423	455	406	420	405	402	393	410	417	390	399	363	398	327	400	400	410	400	416	398	387	407	411	407	412	409	421	380	440	346	367	383	392	394	355	396	306	402	426	410	356	424	398	421	415	456	400.6	69
179	422	382	410	428	418	452	401	419	401	398	385	410	408	379	394	363	390	327	400	400	408	400	416	390	384	403	408	402	412	399	420	378	440	345	367	375	389	394	351	389	305	402	419	400	349	424	393	421	412	448	396.6	68
180	409	381	403	428	411	452	401	415	398	397	384	402	402	378	387	359	384	327	400	400	403	394	416	389	374	403	405	393	405	389	413	366	439	343	354	371	389	385	350	389	294	396	419	396	346	423	384	415	410	448	392.38	67
181	409	371	400	422	406	445	401	410	398	394	379	401	402	375	379	359	381	327	398	400	403	392	415	383	362	403	404	393	400	386	406	365	435	343	343	371	388	384	340	388	294	396	410	392	343	423	370	414	405	438	388.92	66
182	408	371	393	421	405	436	400	403	398	384	379	393	402	364	379	359	377	326	398	395	403	388	415	382	360	403	402	390	396	382	406	361	429	336	340	368	382	378	338	380	292	395	409	391	343	415	363	414	405	437	385.88	65
183	408	370	393	411	404	431	396	394	396	383	379	391	397	354	374	349	374	326	397	392	400	386	409	382	348	403	402	390	389	377	396	360	424	335	326	366	382	375	326	372	285	386	400	385	343	412	363	412	392	434	381.58	64
184	403	370	390	403	395	422	392	394	390	383	371	391	392	350	374	349	370	326	397	392	397	380	409	382	347	401	398	381	386	374	396	351	418	325	318	360	373	375	324	367	285	386	398	382	337	412	362	412	385	432	378.14	63
185	401	368	388	403	391	421	388	394	390	383	371	391	385	350	372	348	365	324	395	384	397	380	403	380	335	401	387	375	386	369	385	351	408	323	318	360	362	372	323	357	276	380	393	381	337	411	353	398	381	424	374.36	62
186	401	367	376	403	387	413	382	394	389	383	369	387	371	342	372	348	354	323	390	384	393	372	394	378	332	391	376	374	381	368	380	350	408	323	315	348	351	365	323	357	276	374	382	380	331	406	350	392	381	417	370.06	61
187	401	367	376	397	383	403	382	394	383	383	369	383	364	335	371	341	353	309	390	382	384	360	385	378	329	391	363	374	373	362	380	350	403	323	310	345	350	364	322	355	267	374	382	378	323	404	350	390	379	407	366.42	60
188	398	367	376	397	375	393	382	379	382	374	367	375	358	335	370	341	344	309	384	379	377	358	379	378	322	380	361	369	369	362	377	341	396	314	305	334	346	358	318	348	266	372	372	378	309	394	343	385	379	403	361.56	59
189	392	361	367	393	367	392	372	376	379	370	367	370	357	334	360	340	342	300	384	368	376	350	379	378	322	380	360	358	369	358	377	341	393	313	304	327	345	349	318	333	261	364	361	369	309	393	340	385	378	399	357.6	58
190	390	359	364	386	367	390	371	375	379	357	361	361	356	331	360	332	332	300	384	368	367	344	379	366	314	377	351	357	369	357	377	341	389	299	304	327	343	344	318	333	251	362	361	357	309	380	338	384	367	394	353.64	57
191	387	353	364	371	363	384	365	370	364	344	359	352	347	324	360	332	332	285	384	366	367	344	373	365	314	375	350	350	358	353	366	339	383	286	304	327	342	341	311	328	251	353	361	347	309	379	334	376	367	394	349.06	56
192	384	353	354	367	363	379	365	367	364	334	359	346	334	324	360	332	321	270	384	354	364	337	362	365	306	372	349	350	345	349	366	339	376	277	293	323	342	330	300	328	242	352	351	347	299	370	326	375	367	387	344.06	55
193	383	343	354	362	355	379	363	362	356	328	357	344	323	322	360	331	319	257	383	347	364	326	361	362	294	366	345	347	332	347	365	337	371	277	292	321	340	326	292	326	242	347	340	345	299	361	326	374	367	387	340.14	54
194	374	335	342	354	354	379	359	352	347	328	345	344	321	321	360	322	319	257	383	341	355	324	358	355	294	361	345	347	332	347	364	325	371	274	290	318	334	325	292	323	235	347	340	334	299	361	323	369	366	379	336.48	53
195	364	335	342	352	350	369	350	350	342	328	345	337	320	318	349	322	310	257	371	341	349	314	357	344	281	361	336	338	330	346	355	319	360	272	289	318	322	314	292	322	234	338	333	323	288	358	310	358	365	368	330.92	52
196	353	331	329	351	340	362	350	337	330	326	333	330	314	306	333	315	295	255	364	338	349	314	353	343	280	359	335	334	318	342	351	319	357	266	285	317	320	305	278	306	233	338	326	313	283	354	310	354	364	367	325.3	51
197	344	323	328	351	338	361	347	336	330	325	326	328	303	306	322	312	295	254	362	338	344	310	351	343	280	359	323	334	312	337	349	319	354	252	284	306	319	302	278	295	230	333	326	313	283	354	308	352	356	359	321.88	50
198	344	314	326	344	330	353	342	336	330	325	326	327	300	304	320	311	288	254	355	335	334	309	351	342	278	352	313	326	311	332	347	306	354	252	279	303	313	288	273	285	228	328	325	305	274	345	308	351	350	359	317.7	49
199	342	314	321	344	330	353	334	336	329	320	326	324	299	304	311	311	278	243	345	335	332	297	348	337	270	350	313	318	310	322	342	306	353	250	271	299	313	288	269	281	226	324	321	297	272	340	306	336	348	359	313.94	48
200	342	299	321	344	327	352	330	335	323	320	317	324	289	294	307	303	278	230	338	331	320	293	348	337	270	341	307	308	300	313	327	299	350	247	266	299	312	284	269	281	222	321	309	283	264	340	298	331	339	349	308.62	47
201	334	299	312	342	317	347	317	326	315	320	313	320	289	286	303	293	269	226	338	326	317	284	345	336	265	331	302	298	290	300	315	282	350	247	256	291	300	271	268	280	213	315	309	275	263	340	298	331	333	349	302.92	46
202	334	294	304	342	305	334	313	320	306	314	313	319	278	284	302	283	259	225	332	315	316	284	339	327	262	326	293	285	282	290	315	268	350	247	252	291	300	256	268	280	212	315	309	266	254	340	292	325	326	349	297.9	45
203	330	293	304	342	299	332	313	309	302	313	312	315	264	268	300	279	259	225	317	309	315	284	333	317	260	326	285	285	282	277	312	266	345	246	252	282	298	255	262	279	205	302	306	265	254	328	287	319	316	349	293.54	44
204	324	288	292	339	292	329	302	300	293	311	300	313	261	265	300	274	247	216	310	301	311	276	328	308	259	320	275	277	281	275	307	266	333	244	250	275	297	255	257	279	192	302	294	264	254	328	285	314	315	344	288.44	43
205	315	277	291	337	292	329	291	282	284	300	288	303	261	264	300	273	233	216	310	288	310	265	328	308	247	320	269	276	279	270	301	249	323	244	242	274	290	255	256	279	185	294	292	261	252	327	281	314	305	336	283.32	42
206	314	274	277	331	292	321	280	279	272	290	280	300	249	251	300	270	232	216	310	288	310	263	325	302	243	320	269	275	278	258	290	248	322	244	233	268	289	255	247	278	185	293	292	256	237	326	272	313	291	324	278.64	41
207	314	274	275	323	292	309	272	274	260	288	277	299	249	250	288	270	226	213	310	288	299	263	315	298	243	316	268	266	268	256	290	236	309	243	227	265	287	245	237	278	174	284	286	248	224	310	263	304	281	324	273.16	40
208	312	270	273	309	283	298	264	274	260	288	273	298	248	235	288	268	217	211	304	282	296	253	307	282	241	310	267	265	262	251	277	230	309	241	227	264	275	245	237	272	172	271	286	236	222	299	260	304	269	311	267.92	39
209	305	270	263	302	279	296	264	260	260	286	273	286	248	232	284	261	217	210	295	276	289	253	293	282	241	300	267	265	257	251	269	219	303	240	227	259	265	245	234	262	172	269	285	228	220	290	249	290	259	311	263.22	38
210	295	256	250	301	271	296	250	250	259	285	261	286	233	229	270	254	216	209	288	275	282	248	281	281	238	294	264	259	252	251	267	205	291	237	225	253	254	237	234	258	170	262	282	228	212	282	249	278	257	297	257.24	37
211	287	255	249	292	271	295	250	250	257	272	250	281	220	216	257	242	216	209	288	263	280	235	269	278	236	294	257	258	242	251	255	202	277	236	207	246	249	236	232	257	156	262	279	225	210	274	244	272	242	283	251.28	36
212	287	254	249	287	268	294	235	250	256	271	249	276	220	210	257	235	216	205	272	252	280	223	269	272	222	289	257	256	242	251	253	202	277	225	207	240	245	236	220	245	150	251	279	224	209	265	237	269	242	273	247.06	35
213	287	244	244	283	256	287	235	250	255	266	238	275	219	198	249	223	216	204	269	251	273	223	256	268	211	280	252	252	242	249	242	201	267	220	205	237	233	235	220	233	150	241	270	213	209	249	224	259	241	265	241.38	34
214	278	237	241	272	253	272	224	250	245	265	238	267	210	185	248	222	215	202	260	251	270	223	256	254	193	275	251	251	239	246	242	184	267	217	205	237	225	233	214	228	149	238	269	202	204	249	218	250	225	252	236.02	33
215	276	219	235	261	241	269	219	250	245	256	238	252	210	184	243	222	213	194	254	240	259	219	256	250	180	262	247	242	239	246	241	182	264	203	192	237	225	228	214	228	149	238	269	201	197	249	217	247	213	239	231.08	32
216	276	219	234	260	241	260	208	248	233	251	230	252	203	179	237	212	205	185	254	239	259	216	243	238	167	262	238	242	237	239	240	179	259	203	183	234	219	221	213	222	149	230	263	196	191	247	201	238	200	227	225.64	31
217	274	219	223	249	233	246	208	240	233	251	230	252	195	178	222	208	191	184	241	230	247	206	237	234	152	251	231	229	225	232	226	175	258	196	183	233	212	208	213	219	149	230	253	190	189	233	196	238	192	224	219.36	30
218	267	215	222	237	220	244	206	227	224	243	218	252	194	178	210	208	178	169	227	228	232	205	236	234	150	247	231	227	210	232	226	175	247	193	182	220	199	208	212	219	131	224	236	188	189	222	196	238	191	217	213.68	29
219	257	201	221	235	217	236	198	224	220	243	204	251	193	172	193	207	178	160	221	215	230	200	223	223	146	233	226	214	200	227	225	172	233	191	180	213	185	191	203	218	131	210	225	180	176	222	195	233	187	205	206.86	28
220	246	200	208	235	213	224	198	222	212	243	204	245	193	171	185	195	178	158	221	214	230	198	218	222	146	227	215	206	199	225	217	165	233	182	171	201	185	179	203	217	131	209	224	165	172	219	183	218	187	205	202.34	27
221	233	186	205	231	206	211	198	206	211	229	203	232	190	171	178	185	167	142	220	214	219	186	218	221	143	226	199	197	187	214	209	165	233	182	167	199	185	179	190	202	124	196	218	159	165	215	182	218	180	199	195.9	26
222	225	183	203	222	206	208	191	201	203	216	203	224	189	161	178	181	166	140	213	214	217	186	216	220	135	214	191	189	179	202	208	153	232	169	166	199	184	179	188	202	114	196	200	145	159	215	170	209	178	192	190.68	25
223	225	183	200	208	197	200	185	194	201	204	188	217	188	161	178	165	164	140	196	208	206	171	215	213	133	214	191	175	175	186	196	152	222	163	150	198	179	179	188	186	98	188	199	145	154	214	170	196	172	180	184.2	24
224	222	166	188	195	193	188	185	192	201	204	175	214	187	157	166	162	162	139	194	196	206	170	201	202	133	211	191	164	168	172	195	151	220	161	150	198	177	164	173	186	92	185	198	145	152	211	170	187	160	180	179.18	23
225	222	155	174	191	187	180	179	174	194	189	156	199	172	156	165	161	156	127	182	180	193	169	187	185	133	197	186	150	151	169	184	133	210	150	142	198	177	153	173	181	74	180	198	136	143	193	155	186	160	168	170.26	22
226	215	143	174	179	172	177	178	174	180	188	154	185	166	152	152	146	155	125	172	175	188	165	178	169	132	197	174	149	137	157	179	133	201	139	141	183	162	152	171	178	73	180	193	136	137	175	149	185	159	168	164.04	21
227	202	143	174	174	167	177	165	159	180	171	141	168	160	152	146	130	155	125	164	158	178	165	170	156	132	197	174	144	137	155	165	117	197	129	126	168	158	152	155	178	71	164	193	135	131	164	147	185	152	151	157.14	20
228	197	141	161	160	152	176	162	142	163	170	125	165	156	143	145	129	148	123	152	147	175	162	170	153	132	192	174	142	127	155	156	108	197	128	123	157	158	142	153	178	68	156	193	135	111	145	144	184	151	148	151.48	19
229	187	134	161	159	150	173	154	124	162	155	123	150	153	135	129	123	141	121	142	132	158	161	154	153	124	191	160	137	111	142	156	93	183	115	107	148	142	141	145	171	64	155	181	135	109	145	143	177	144	147	144.0	18
230	176	121	146	144	133	167	145	118	151	152	123	150	142	132	129	116	127	118	138	132	139	149	141	153	111	177	145	136	103	141	155	91	179	115	107	145	127	128	131	156	63	138	180	134	107	142	127	165	140	135	136.4	17
231	171	112	132	143	128	150	143	99	146	151	123	150	136	126	113	101	112	101	121	119	123	131	124	152	110	161	129	135	103	140	138	85	164	114	97	131	124	128	119	155	45	132	167	134	106	128	127	163	132	123	127.94	16
232	153	94	132	128	113	136	143	89	146	151	117	144	125	126	103	101	100	100	121	108	104	130	107	139	106	152	128	133	103	140	125	84	157	111	95	118	123	126	106	145	45	117	167	134	106	128	119	144	129	115	121.32	15
233	137	88	126	110	100	116	128	83	138	151	100	131	110	119	92	98	81	99	107	107	90	121	104	122	104	152	114	120	86	129	106	83	147	111	79	117	118	125	93	133	41	100	156	118	92	115	105	129	128	98	111.14	14
234	137	69	109	99	99	112	123	82	127	142	100	120	110	108	74	97	81	84	106	105	90	103	88	112	102	149	95	119	84	119	104	63	128	111	79	99	118	118	93	115	41	100	142	99	78	115	104	129	128	89	103.96	13
235	136	59	102	82	95	107	122	64	112	128	82	120	98	92	74	95	80	66	105	86	90	92	85	111	87	134	95	115	84	106	103	61	110	108	70	82	115	117	90	108	39	100	142	87	75	113	104	120	118	89	97.1	12
236	120	57	102	69	95	92	121	60	94	127	66	114	79	92	59	84	63	65	103	80	88	88	72	106	87	134	84	98	84	97	101	54	103	90	63	80	106	115	73	108	38	93	134	70	71	110	87	107	114	75	89.44	11
237	105	57	96	55	94	77	103	60	77	126	47	113	79	91	59	75	44	54	87	78	68	68	71	88	68	124	64	80	67	77	82	48	84	86	63	76	93	114	55	102	38	81	124	69	71	106	82	91	114	57	79.76	10
238	90	57	96	50	94	70	94	41	59	114	46	94	79	84	58	58	38	54	87	63	50	63	71	79	68	111	61	80	65	77	76	41	82	70	60	61	93	111	36	89	38	81	115	51	55	104	65	91	98	37	72.1	9
239	71	54	88	42	85	60	77	41	59	113	43	94	67	65	43	40	38	52	87	62	48	63	71	75	67	108	58	80	65	58	66	23	63	69	54	61	76	91	30	71	37	62	115	51	51	98	47	89	82	25	64.7	8
240	54	52	71	42	67	60	73	41	58	100	29	86	56	64	32	33	32	41	71	48	47	61	53	72	61	92	39	80	59	52	63	23	52	59	52	43	66	89	28	55	36	55	97	46	34	82	47	73	64	25	56.3	7
241	54	35	52	41	66	44	73	40	39	81	22	70	54	52	24	31	32	41	59	45	46	58	53	70	42	92	39	68	43	34	47	8	33	39	43	40	66	73	28	54	28	55	84	40	34	63	46	56	47	17	48.02	6
242	45	34	51	41	65	44	57	40	19	73	17	51	44	46	24	22	32	22	44	45	40	52	39	63	36	76	37	68	42	28	47	8	14	39	42	29	56	63	26	47	28	55	65	38	34	44	32	56	30	6	41.12	5
243	43	34	46	41	46	28	56	35	12	55	15	35	25	46	24	20	31	22	44	45	40	40	28	45	35	58	22	51	41	27	34	7	12	20	35	28	38	46	6	47	10	48	52	36	14	29	30	56	30	6	33.48	4
244	30	28	33	40	29	27	37	35	11	36	8	25	22	30	21	20	11	15	28	26	24	40	17	31	17	57	5	31	39	21	19	7	12	20	16	22	27	26	3	47	10	48	33	35	14	29	10	40	30	6	24.96	3
245	30	19	21	20	26	27	24	15	5	34	7	9	20	14	21	20	9	15	21	6	21	40	14	31	15	39	3	19	20	21	12	7	2	7	1	2	25	11	1	27	3	28	31	17	13	16	4	20	30	4	16.94	2
246	20	2	1	20	20	20	13	15	3	17	0	9	20	11	1	17	2	13	20	5	10	20	14	15	7	19	1	2	20	1	2	0	0	6	0	0	7	3	0	7	2	20	16	0	7	3	1	0	20	1	8.66	1
247	0	0	0	0	0	0	0	0	0	0	0	0	0	0	0	0	0	0	0	0	0	0	0	0	0	0	0	0	0	0	0	0	0	0	0	0	0	0	0	0	0	0	0	0	0	0	0	0	0	0	0.0	0

