50.04948324459757
57.3226421636616
61.3328542347099
63.67677061429019
64.37846181378906
66.35091271084067
66.57155720102007
67.13429488613481
67.9551250503333
67.92121157890031
68.08163504988592
68.39154847657825
68.11444118831372
68.40313073240567
68.18199409422392
68.24360207596976
68.8645138919959
68.68532727842151
68.75289696210454
68.87195203794015
69.36951926088317
69.38872981074672
69.53752628517735
69.61227126303075
69.65546284282584
69.45991230817415
70.17665876247148
70.31414142543956
69.6835208715494
69.83521990067551
69.69208312827166
69.82354257080222
69.28262158292688
69.85898281956072
69.19649008992884
69.37008411256768
69.57129434924607
69.47691937720909
69.4032034360879
69.99170618764259
69.81788846136642
69.49946870386111
69.4382018701624
69.05259272515771
69.03131850923899
69.55710035345172
69.61093463379714
69.92857702116237
69.29537269025997
69.131850923896
69.29186054315241

