49.68055555555556
57.421031746031744
59.9734126984127
59.953968253968256
61.209920634920636
63.61984126984126
64.86111111111113
64.92222222222223
65.30674603174606
65.93412698412699
66.98849206349206
66.26309523809525
64.88373015873017
65.30039682539682
66.00595238095238
67.1206349206349
65.57341269841268
66.93928571428572
65.12261904761904
66.51587301587301
66.53928571428568
66.93769841269841
66.20158730158731
64.96309523809525
64.74047619047619
65.71428571428571
63.332142857142856
64.84126984126983
65.18769841269841
66.134126984127
65.13769841269843
64.77579365079366
65.96666666666668
66.70039682539684
66.40912698412698
65.0734126984127
64.86428571428571
64.04920634920634
65.14484126984127
65.27063492063493
65.46666666666667
65.4
64.5654761904762
65.16666666666666
63.84841269841273
62.4734126984127
64.12619047619047
65.51746031746033
66.64404761904763
64.60912698412697
66.68571428571428

