48.344934640522865
56.8751633986928
60.17663398692812
59.93562091503267
61.87483660130718
59.98480392156862
61.94901960784315
63.13611111111109
62.23104575163397
62.04477124183006
61.33071895424836
61.29117647058824
61.71633986928104
62.69444444444444
62.19133986928104
61.05081699346405
63.302614379084964
61.800980392156866
62.46911764705884
61.42075163398694
63.29852941176469
60.93807189542483
62.05833333333335
62.85261437908496
62.77957516339868
62.14918300653596
62.25228758169937
63.41454248366011
64.30767973856207
62.31650326797386
64.1238562091503
63.2968954248366
62.631535947712415
62.606209150326784
63.57254901960784
63.657843137254886
63.374673202614375
62.59248366013072
62.282679738562074
63.62663398692813
63.01633986928105
62.58856209150328
63.35702614379084
62.6797385620915
62.79558823529413
62.72303921568629
63.825980392156865
64.24999999999997
63.95604575163397
63.35212418300653
63.97941176470587
62.72401960784312
62.74624183006537
61.99035947712416
63.53447712418302
62.987908496732025
62.40571895424837
62.78071895424835
62.89509803921567
63.39052287581698
61.365196078431374
61.925980392156845
61.30163398692812
62.88839869281044
62.778431372549015
63.9359477124183
63.0529411764706
62.28594771241832
62.79787581699349
62.410294117647055
63.711111111111116
63.30457516339869
63.484477124183016
62.536274509803945
63.440849673202614
62.77843137254903
62.994607843137274
63.64918300653596
61.60065359477126
63.63529411764707
63.92434640522876
63.36323529411767
64.65081699346403
63.68316993464054
62.70049019607843
63.77859477124183
62.83986928104574
62.9264705882353
63.88039215686274
64.44526143790851
64.36830065359477
62.94444444444445
63.5565359477124
63.19526143790849
63.81127450980391
63.23709150326798
63.90702614379084
63.460130718954254
62.74444444444443
62.533986928104554
63.42238562091502

