49.960991910425356
54.631415407693105
59.108137790635375
59.70330413586203
60.02675318761382
60.7175144648023
61.59293635486982
61.038117432765446
62.16399469623916
63.42330306439516
63.170336440587164
61.302803225115184
61.941497910639676
62.47907291331833
63.473695489124616
62.643141272902604
63.24366495231972
62.712284367298835
64.3829355512697
63.639103182256505
62.99957141326477
63.300586628093846
64.25268536376298
62.70709444980178
62.473213329047475
63.249022286510225
62.463670577520624
64.29453953712631
63.635252598307076
62.005451087538866
62.467688578163504
61.19314529090324
61.89277965284475
61.54723159755707
61.96292724740169
62.64146710596806
61.90818198864244
62.76183970856102
62.66005035894139
63.112745098039234
61.67078511732564
61.49215150541091
62.844543555127
63.79463329047464
62.94549582127933
63.375254473374056
62.970440908603884
61.3813216543448
63.021503000107145
62.51456525233044
62.37929256402016
63.265094289081745
63.8920698060645
64.22757285974498
64.22522902603663
63.4526009857495
62.76803412621879
62.51021241830067
62.530804671595405
62.17554644808744
63.648143683703
63.43368289938927
63.91785197685633
62.615350101789346
63.068714507660985
65.1481972570449
63.56242633665487
63.41643897996357
63.689328190292514
62.59375334833389
62.619702935819134
62.095019018536405
64.24783027965285
63.61164684453018
64.42679872495445
63.596746758812806
62.901465230901096
63.35482963677273
63.41309064609452
63.60662434372656
64.66603717989929
62.624223186542395
64.08493383692273
64.24331002892961
64.53076449158897
64.2705989499625
64.11992392585451
64.03621557912783
64.15943426550949
64.48974740169292
63.97109048537448
63.08646067716703
63.5719690881817
64.2181975249116
63.5292778313511
62.536329422479376
64.39381763634415
63.420289563913016
61.661912032572566
63.95702748312439
62.22644112289725

