49.32401960784314
51.17549019607842
52.75179738562093
53.226797385620905
54.37254901960785
54.53202614379086
53.694934640522874
53.94901960784314
55.239052287581714
54.9700980392157
54.94199346405231
54.52042483660128
53.46813725490197
54.41356209150327
55.31666666666668
55.02320261437911
55.01454248366014
54.843790849673205
56.409967320261444
56.05375816993463
55.739052287581714
56.36323529411763
55.774183006535935
54.77156862745098
56.528431372549015
55.18398692810459
55.081209150326785
55.62222222222223
55.174019607843135
56.61209150326798
56.3424836601307
55.24477124183005
54.58186274509804
55.29689542483662
56.39901960784314
55.1609477124183
55.73104575163399
55.53251633986926
54.53104575163397
55.40326797385621
54.858333333333334
56.47091503267977
54.96225490196076
54.86977124183006
54.991339869281056
56.147385620915
56.123692810457534
55.61274509803922
55.83888888888888
55.52238562091504
55.888725490196066
55.72957516339869
56.40767973856209
56.84411764705884
54.85866013071896
55.20898692810455
56.43447712418299
57.05866013071894
58.07287581699347
56.69542483660129
57.80996732026146
57.15000000000001
57.0795751633987
58.20245098039215
57.54084967320261
56.30849673202616
55.98300653594772
56.13300653594771
55.083006535947696
56.4042483660131
55.817810457516345
55.66454248366013
55.21421568627453
55.9813725490196
55.021568627450975
56.670424836601306
56.12614379084969
56.85735294117647
57.63382352941174
55.932843137254906
56.50555555555553
56.18055555555556
55.58153594771241
55.27287581699346
56.35555555555555
55.60604575163399
56.636111111111106
55.55196078431373
56.08823529411765
56.81683006535948
56.51715686274509
55.97761437908498
57.139215686274504
57.310294117647075
57.51372549019608
56.617647058823515
57.40343137254903
56.94199346405229
55.43088235294118
55.579411764705874
57.324509803921565

