49.162908496732015
51.144444444444424
53.099509803921585
52.38496732026145
54.85228758169933
54.045751633986924
53.96911764705883
54.90277777777776
54.12058823529413
54.67467320261438
54.72924836601308
54.47124183006533
54.316830065359476
55.05947712418302
54.97467320261439
54.5800653594771
54.89526143790848
55.74575163398693
54.309477124183005
55.37352941176471
55.87336601307188
56.15228758169935
54.999509803921555
55.94117647058822
55.827941176470596
56.38186274509805
56.09754901960784
54.65882352941176
55.543954248366
56.070915032679736
56.377450980392155
56.57434640522877
56.2591503267974
54.407679738562095
55.17107843137254
55.619771241830065
55.22549019607842
55.22581699346405
55.41111111111109
55.31666666666667
55.80490196078433
56.050326797385594
55.34428104575163
55.56454248366013
55.358333333333334
55.80686274509803
54.98071895424837
57.17140522875819
55.97189542483662
55.2547385620915
55.275326797385624
55.703594771241804
55.46356209150326
56.7923202614379
56.24411764705882
54.22058823529413
56.31127450980393
56.374346405228756
56.04411764705882
57.14673202614379
55.06977124183008
53.77222222222221
55.817810457516316
54.85359477124183
56.02745098039217
54.62124183006536
54.83970588235295
56.34673202614378
53.974999999999994
55.22696078431374
54.208169934640516
55.07222222222222
54.512418300653565
56.313562091503265
55.42124183006537
55.362254901960775
55.375163398692806
55.18627450980392
55.44983660130719
54.354411764705866
55.4138888888889
55.851143790849676
55.74330065359477
55.641666666666666
55.89248366013073
54.9044117647059
54.72385620915033
54.45588235294115
54.78709150326797
55.74281045751632
54.48415032679739
55.95032679738564
55.38088235294117
54.95424836601308
54.67042483660129
54.142483660130715
55.422875816993454
56.25767973856208
55.20441176470586
54.774673202614366
56.552614379084964

