49.769802046501674
54.75162059359262
57.73515348762456
58.336012000428596
59.86084324440159
59.88009616414871
62.08363468338154
62.15411711132541
62.2036724525876
62.170523947283826
62.10924943747989
61.64031527911712
63.11994401585771
62.45412782599381
62.22778045644487
61.05033885138755
62.62556252008999
63.16816002357227
63.90864405871639
63.061348173149035
62.45781099324974
62.92858673524054
63.65232910103931
61.472563752276855
63.65551001821493
62.2696346298082
63.86478088503159
62.613006268081016
63.737879031393994
62.70207194899816
62.65268402442944
63.83330654666237
63.067040340726464
62.51238883531553
62.84219972141862
63.36387013821923
62.68466061287904
62.82311421836494
62.70960570020358
62.76954087645987
63.48608432444015
63.60243892639023
63.56677917068466
62.85324922318652
63.05699533911925
62.60379834994107
63.18958936033429
63.44992231865425
63.6032760098575
64.42746839172825
63.64211668273866
62.867981892210445
63.28233820850744
61.89646282010073
62.910840565734475
61.55493276545593
60.792182310082524
62.460489660345
63.21235803064395
63.89709230686809
63.02317716704168
63.55439033536913
62.446426658094936
62.384649898210654
63.7891085395907
63.00543099753562
63.217045698060645
62.43052207221685
62.488280831458276
62.792142130076066
62.7303653701918
62.15227552769742
62.597771348976735
63.01715016607735
62.77540046073076
62.11159327118825
62.95621048966035
63.992519822136494
63.297405710918255
62.26662112932605
63.721639612129024
62.30763821922211
63.71896094503373
63.017987249544625
62.53432042215792
63.4626459873567
63.15526893817637
64.50732615450552
63.02033108325297
62.593251098253525
63.510359744990886
62.99538599592842
64.50263848708883
63.272460623593695
63.29606637737063
64.63154934104791
64.3132902067931
64.04910666452373
64.27160345012322
63.572973588342464
64.05145049823207

