50.62422351860854
52.234409604062
52.96852211959163
53.8680589315616
52.960757305677085
53.152852049910884
54.00833198293091
55.140475611732285
55.992241938097564
56.71639523578027
54.2861772808297
55.32311753902667
54.99834575703558
55.57749959487928
55.259648625290346
55.79136957813429
55.37882163884839
55.05151785231999
55.82057203046508
55.170184464970575
55.229939772052106
56.041362826122196
55.47537541187276
56.62760627667045
56.18653108626367
54.93437044239187
55.92691622103385
55.565008372494994
56.35279938421649
55.44043374925729
56.49526683951818
56.51400367309459
54.74885890995517
55.503902662993575
54.53127532004538
55.04560984173283
55.34084157078808
54.24262680278724
54.995982552800726
55.652278128882436
56.291524874412566
57.12303516447902
56.28848646896776
55.34793118349268
57.69898179657537
55.65312213039487
56.390104251066816
56.60448063522933
53.81741884081455
55.76672473397073
54.6676659644574
55.95645627396964
57.40273726570517
55.91138659320477
57.48595581483282
56.50049964889535
57.342306757413716
56.53999891967807
57.20946091935396
56.720108842435025
55.95375546912981
55.40296008210447
56.515860476421985
56.61579025549612
56.93026521903529
56.542024523307944
55.668989358828945
55.814832820180406
57.03171420083185
56.326804137633026
57.1287743747637
55.6041700426727
55.109247555771624
57.492201426024955
56.59013260951764
56.28544806352295
55.51234267811809
55.4058296872468
57.49794063630961
57.904749365310856
56.40867228434073
56.21792794252687
57.27022902825042
58.03371279641332
56.37575622535517
56.320220925835905
56.86966591044133
55.87610732998435
56.96807648679306
56.20543672014258
57.84617566034679
57.6231904607573
57.71451142440448
57.73004105223356
56.93178442175769
57.67686895694918
57.89208934262409
56.25422000756225
55.13946280991735
55.200062118511326
56.376093825960126

