50.37619047619047
52.98769841269839
51.70714285714286
52.125396825396805
51.68055555555555
51.402380952380966
53.36507936507938
53.972222222222236
52.17976190476191
52.55515873015874
56.148412698412685
54.570238095238125
56.41547619047619
56.12301587301588
56.155158730158725
56.262698412698406
55.00555555555556
55.45714285714285
55.30873015873014
56.594047619047615
55.581349206349195
57.41031746031746
57.673015873015885
55.74047619047621
56.044047619047596
57.653571428571425
58.67539682539682
59.12777777777779
57.85
57.15753968253969
55.430158730158716
55.894444444444424
56.39801587301587
55.96349206349205
54.689682539682515
57.64722222222222
57.742460317460306
55.465873015873015
58.01349206349209
56.470634920634936
56.50317460317462
56.88650793650793
56.43492063492064
57.547222222222224
55.89126984126984
58.50039682539683
56.47976190476191
57.07341269841268
58.42658730158733
54.209523809523816
57.3031746031746

