50.55030142138155
51.85450196338699
53.063989823571674
53.27536502405842
53.67028925391295
54.71938775510202
53.90413279132791
53.88512112161936
54.15560533156353
53.43108788230738
55.43630053647476
56.06904347104695
54.123976826502954
56.34989768265029
55.90225927769481
54.07541065206569
54.58215806647863
54.031338145014104
54.09666915546705
54.526678557601905
56.07336430507161
54.54361622697861
56.391723356009074
56.774722083955545
55.99023145843706
56.09462280847296
57.7958215806648
56.109832144239824
56.70904540678059
56.03948896631823
57.10535230352304
55.61241773132014
54.75395442729937
56.026180797522265
55.66962557380677
55.4382017034456
55.30097201482219
55.50923621481113
55.21766633482661
55.286454012499306
55.79475692716108
56.0645498036613
56.629196394004765
56.03810629943035
54.826544438913785
54.45875504673414
56.20177949228471
55.18119849565842
56.440980863890275
56.06558680382723
57.05160112825619
56.18587882307394
57.290111166417766
56.11328881145954
56.498188706376865
56.79978292129862
56.023415463746474
56.631097560975604
56.0398346330402
55.87426027321499
56.44737569824677
55.999218793208364
55.49005171174161
56.36787235219292
56.392069022731036
54.96221862728833
55.8040899286544
54.88115978098557
56.410389358995616
56.79235108677616
55.168063160223426
56.20679165975335
55.6338490680825
54.77244759692495
55.70626624633596
56.38964935567724
56.68605856976936
56.628850727282796
56.63956639566396
57.34420800840662
56.16928682041924
56.88326143465516
55.971738288811466
56.12849814722637
56.00353962723301
55.637824235385224
57.19125048393341
56.24688899950224
56.71613157458106
56.95775261324043
55.49385404568332
55.41486919971241
54.071262651401995
57.263840495547804
55.20297549914276
56.83244842652508
57.565089043747584
56.534829378906046
54.83864277418286
56.24740749958519
55.82742243238757

