# Extinction sequence for 242 applications  and 50 platforms.
# This is the data and average for 48 different extinction sequences.
0	242	242	242	242	242	242	242	242	242	242	242	242	242	242	242	242	242	242	242	242	242	242	242	242	242	242	242	242	242	242	242	242	242	242	242	242	242	242	242	242	242	242	242	242	242	242	242	242	242.0	50
1	239	237	235	228	238	237	238	238	239	242	237	239	242	237	230	238	239	240	242	228	242	240	242	237	242	242	242	242	237	237	242	233	242	233	242	237	230	242	239	242	240	242	240	239	235	242	238	242	238.45833333333334	49
2	239	237	230	228	233	233	238	233	239	233	235	232	237	237	228	226	239	237	230	228	242	233	230	236	240	242	239	242	228	227	242	220	242	233	233	237	223	233	230	242	240	242	240	239	235	239	235	242	234.95833333333334	48
3	239	228	230	228	231	231	230	233	239	233	235	232	237	233	228	226	237	233	228	228	242	230	221	236	240	239	235	242	228	227	239	220	242	226	233	228	223	230	230	242	238	237	239	238	231	234	223	242	232.79166666666666	47
4	239	228	228	221	231	230	230	221	239	233	235	230	227	229	228	221	234	233	226	228	242	227	212	233	238	229	227	230	214	227	232	220	240	223	231	221	223	227	218	233	235	237	232	229	230	234	221	233	228.9375	46
5	239	215	223	221	227	221	230	218	239	229	232	230	227	222	228	221	234	233	220	220	237	226	212	222	233	222	227	230	207	220	228	220	240	216	225	221	223	227	218	233	230	234	232	229	230	229	216	227	225.89583333333334	45
6	239	215	223	221	224	217	227	218	234	217	227	230	223	221	228	221	234	228	220	220	234	226	205	220	220	218	222	226	204	220	228	220	240	214	223	221	223	224	218	228	217	234	223	227	226	229	216	224	223.27083333333334	44
7	239	206	209	218	224	208	227	211	225	203	227	230	221	211	228	219	233	219	220	220	234	223	201	216	210	218	222	226	200	220	222	213	240	207	223	221	220	224	218	226	217	234	220	222	226	229	216	219	220.10416666666666	43
8	239	206	203	205	222	206	218	211	215	200	227	230	219	209	228	219	233	205	216	220	233	219	198	216	200	218	222	221	200	216	222	213	240	198	223	221	215	222	214	225	203	229	217	222	221	225	207	219	216.875	42
9	239	195	198	195	222	206	206	202	212	200	227	230	219	209	223	210	233	205	214	220	233	211	188	205	200	218	208	221	195	216	222	210	236	192	223	216	211	222	210	219	196	229	213	209	218	221	199	211	212.85416666666666	41
10	239	185	198	195	212	206	199	202	207	200	223	227	205	205	216	208	227	205	214	214	233	211	183	205	196	212	208	209	195	212	222	210	236	191	223	205	204	213	210	209	192	229	204	204	206	211	199	211	208.95833333333334	40
11	236	170	195	195	202	206	199	199	207	200	214	224	203	195	213	208	218	205	208	206	233	211	172	202	196	202	194	205	195	211	220	206	236	191	218	205	197	205	210	204	192	215	204	202	202	197	197	210	204.89583333333334	39
12	236	170	190	191	202	206	199	188	199	196	209	224	201	195	209	208	214	205	194	203	230	211	170	202	183	202	193	201	195	203	217	204	227	188	214	201	195	204	206	195	180	209	204	200	202	197	183	210	201.35416666666666	38
13	224	170	184	189	193	196	199	188	199	192	202	220	201	195	199	207	214	205	185	191	226	208	170	200	183	191	191	189	193	197	217	194	220	188	214	197	192	204	197	194	170	205	195	193	197	195	179	201	196.9375	37
14	220	169	182	180	193	196	190	188	199	182	199	215	191	195	197	198	214	205	181	190	222	208	159	200	183	186	187	183	187	197	215	189	217	183	210	197	187	194	189	194	159	201	195	189	197	184	174	201	193.14583333333334	36
15	220	169	182	175	183	196	190	188	190	182	199	208	186	186	197	195	214	205	181	186	222	208	154	197	170	173	187	178	183	194	215	189	207	181	209	195	181	192	186	184	159	201	195	189	194	179	162	201	189.9375	35
16	214	160	179	175	172	193	177	188	190	180	190	208	186	184	193	190	200	202	181	186	219	208	145	197	170	157	187	178	169	192	210	188	205	174	209	180	174	192	178	177	159	197	195	189	189	170	158	201	185.72916666666666	34
17	210	156	170	175	161	184	177	188	190	174	176	208	171	182	185	181	190	190	181	182	214	203	143	188	166	151	178	164	167	190	210	183	200	174	201	173	174	186	170	167	159	190	195	185	189	166	158	201	180.75	33
18	208	148	156	175	156	184	177	182	186	173	176	194	159	172	185	176	184	190	181	179	214	193	143	180	164	151	178	163	167	187	205	181	199	174	193	173	172	186	165	158	155	177	194	172	179	156	158	197	176.5625	32
19	196	140	156	173	156	179	171	182	171	166	172	185	159	168	185	176	184	183	181	179	209	187	143	177	164	143	174	163	157	187	205	181	199	171	190	171	172	186	165	152	153	174	192	172	168	156	158	193	173.41666666666666	31
20	182	126	156	173	156	171	171	180	166	166	167	175	159	168	182	162	178	182	168	168	209	187	125	177	164	138	171	161	157	187	201	171	191	166	185	171	172	186	165	152	153	174	187	162	168	155	151	191	169.4375	30
21	176	123	144	170	156	171	164	177	153	166	167	163	159	168	182	162	178	179	168	166	209	179	120	177	163	137	163	156	146	187	187	171	191	161	181	156	164	180	158	152	147	168	187	162	168	155	141	183	165.4375	29
22	167	123	144	170	149	163	150	173	153	154	162	163	159	167	175	153	178	167	157	159	205	177	111	177	160	132	157	156	130	186	187	171	182	161	169	142	164	177	148	150	147	156	180	157	168	145	139	183	160.47916666666666	28
23	167	112	144	166	148	147	150	173	151	138	160	156	146	162	170	153	178	155	153	159	205	162	111	170	160	132	157	156	130	176	176	167	182	161	159	142	163	177	148	150	145	144	178	157	166	135	130	183	156.45833333333334	27
24	161	112	131	163	145	145	137	173	142	130	155	156	146	157	170	149	166	151	153	156	192	158	108	155	153	132	146	152	123	176	176	158	180	161	159	140	162	177	134	141	145	144	175	157	166	135	130	175	152.25	26
25	156	105	115	154	145	145	119	166	142	123	142	141	142	152	170	144	166	141	153	146	192	158	108	155	152	120	146	152	118	176	176	149	178	161	159	130	162	168	129	135	126	144	175	144	158	135	122	175	147.29166666666666	25
26	140	93	113	154	129	145	116	155	142	123	142	136	142	152	156	144	162	138	153	146	179	147	108	144	152	120	145	140	118	172	172	140	165	161	157	126	156	157	128	135	117	140	175	131	157	121	122	175	142.52083333333334	24
27	138	82	113	145	129	141	116	145	140	110	142	134	130	140	154	142	162	129	147	143	172	147	100	144	152	106	145	133	104	160	164	127	151	159	157	126	140	152	127	135	110	136	175	131	157	121	122	175	137.70833333333334	23
28	126	82	113	144	123	132	111	140	130	110	142	119	116	128	154	142	147	129	135	136	170	142	99	144	141	92	136	120	99	157	164	110	148	159	145	126	140	148	121	135	110	124	164	131	157	121	104	159	131.77083333333334	22
29	115	78	105	136	107	132	109	140	123	101	142	116	116	128	147	138	144	117	120	131	164	128	99	144	141	88	136	118	99	157	149	100	136	155	145	116	121	138	121	118	98	119	147	131	157	119	104	148	125.85416666666667	21
30	115	73	101	136	95	120	99	122	119	95	142	109	105	128	131	138	139	115	119	131	157	128	83	135	135	83	120	115	99	157	137	95	136	145	137	105	121	135	121	114	98	119	144	124	149	101	104	135	120.08333333333333	20
31	103	73	101	125	90	120	97	108	119	95	142	107	96	121	117	135	135	115	113	120	143	128	83	135	126	83	120	115	95	152	137	95	129	144	122	93	121	129	104	108	87	107	128	124	149	87	104	135	114.89583333333333	19
32	88	70	101	125	90	120	88	108	108	95	141	107	89	109	115	130	129	115	111	113	141	123	83	122	125	83	116	115	95	146	137	81	127	144	107	92	121	127	104	108	87	107	120	108	147	82	104	131	111.14583333333333	18
33	83	70	100	121	88	120	82	108	103	79	141	93	89	94	115	127	113	115	111	108	126	107	77	118	121	78	110	115	95	132	137	81	118	133	93	92	119	127	102	108	78	107	110	94	138	77	90	131	105.70833333333333	17
34	83	60	95	109	88	111	82	95	103	77	141	74	89	76	115	116	113	98	106	90	126	90	69	116	107	78	104	107	95	132	122	65	113	133	86	92	102	127	83	108	77	107	110	89	124	77	90	128	99.54166666666667	16
35	83	56	83	109	88	111	82	74	103	77	140	62	89	76	115	116	108	98	102	90	123	90	64	116	98	62	104	107	88	120	104	57	113	133	81	79	102	111	72	106	71	107	110	89	121	76	82	114	95.04166666666667	15
36	81	54	83	105	88	94	81	60	103	75	137	57	83	76	100	116	89	91	102	90	123	78	59	116	84	62	98	107	73	107	97	43	113	116	62	77	86	103	68	101	71	107	105	89	119	76	82	112	89.5625	14
37	72	54	64	89	88	91	71	60	84	75	137	51	75	76	96	116	89	91	90	90	109	73	57	116	68	60	95	95	73	95	96	43	113	116	62	77	86	102	62	87	71	105	105	86	103	76	71	103	84.66666666666667	13
38	72	47	64	86	79	79	66	58	84	75	121	51	61	76	96	111	76	91	81	73	109	56	41	116	66	60	95	81	56	95	88	43	106	116	45	76	85	80	62	82	71	104	94	86	88	75	71	103	79.10416666666667	12
39	72	47	64	84	74	79	66	52	70	69	121	50	56	76	96	97	75	88	67	54	102	43	36	105	66	59	95	68	56	89	78	29	100	106	45	69	84	66	42	68	71	104	75	85	88	72	66	99	73.39583333333333	11
40	66	47	58	84	72	79	66	52	69	69	112	50	55	71	88	96	75	88	62	48	102	41	36	99	66	59	93	68	55	79	61	22	100	100	40	56	79	66	42	68	63	89	63	71	75	72	65	94	69.39583333333333	10
41	66	47	58	82	72	79	64	51	62	65	98	50	53	54	88	96	73	83	62	48	89	41	36	93	58	51	80	67	54	79	56	20	90	100	35	56	65	66	40	53	62	73	50	71	75	56	64	87	64.95833333333333	9
42	66	47	57	61	51	73	61	34	60	49	89	50	47	41	76	95	73	62	52	46	89	41	35	93	42	34	80	55	54	59	56	20	90	85	35	51	61	66	40	48	61	73	50	57	75	45	63	77	58.854166666666664	8
43	65	27	39	56	28	65	61	34	52	44	87	50	38	41	70	95	63	51	52	39	89	41	21	90	29	32	80	48	54	59	56	20	77	75	35	51	59	53	38	48	49	52	37	56	75	45	63	61	53.125	7
44	65	14	21	56	14	51	61	32	50	26	66	50	33	41	50	77	44	49	29	39	89	21	4	74	23	13	70	46	34	54	55	18	64	61	35	48	59	53	38	48	35	47	37	42	75	43	50	55	44.979166666666664	6
45	65	12	21	56	9	37	49	14	50	24	52	45	19	36	49	62	30	37	29	37	76	2	4	74	23	13	69	46	28	53	39	18	64	41	15	32	53	53	38	42	28	45	31	29	60	43	50	55	38.6875	5
46	62	10	18	56	9	17	49	7	35	24	32	29	19	36	35	56	28	24	29	24	62	0	4	58	10	10	54	39	28	31	15	11	47	41	15	26	33	31	20	22	13	28	18	22	53	30	30	55	29.270833333333332	4
47	44	4	18	42	9	16	42	7	16	2	18	15	19	36	35	56	7	18	14	24	49	0	4	38	8	10	36	39	12	15	8	11	27	39	15	26	19	29	7	22	0	4	16	22	52	30	23	39	21.708333333333332	3
48	37	2	0	22	9	14	29	7	2	2	0	2	19	14	33	38	1	16	14	2	26	0	2	16	8	8	36	37	10	15	6	9	27	19	2	7	13	15	0	22	0	1	2	16	40	15	10	39	13.833333333333334	2
49	24	2	0	0	0	0	15	0	0	2	0	2	19	0	18	16	1	0	14	2	3	0	0	14	8	0	16	22	2	15	0	9	21	2	0	0	0	15	0	0	0	1	0	2	18	15	2	18	6.208333333333333	1
50	0	0	0	0	0	0	0	0	0	0	0	0	0	0	0	0	0	0	0	0	0	0	0	0	0	0	0	0	0	0	0	0	0	0	0	0	0	0	0	0	0	0	0	0	0	0	0	0	0.0	0

