49.91914465510725
52.17364149516557
51.935801868956965
53.75968913736296
53.9156606168638
53.776569167611946
53.50885188786256
54.66935396748232
54.0873305244963
54.75004051207259
55.06789148166153
55.59151001998595
56.351955382704055
56.811936206989664
56.818857019391785
56.27008723599632
55.78073515907739
57.3048330902609
56.19041349322098
56.334062550640084
55.50255226057366
56.99390293307405
56.067358072705666
56.732768865121805
55.79052557662182
58.20757710797817
56.77480014044185
56.577303786528375
58.79567736185385
57.83672284340735
58.19187867984659
57.44021093285797
55.80386080051854
55.77668395181763
57.694592988710646
55.84707367795602
57.25486820072382
57.42451250472641
56.22788716037381
58.43039350726515
56.81126100577972
56.169651056014715
56.917098795441035
55.64029330740562
56.332036947010224
57.53727110678981
57.022430184194896
57.65340571490305
56.080186895694915
57.49405822935234
55.41663290660617
55.3010046994004
57.424343704423904
56.62152946578082
57.86997650299788
56.7704113325771
57.48393021120294
57.176882460973374
57.91335818073785
56.470284394749626
57.60681683141576
56.84687786960513
57.587067196024414
57.57238156970777
56.92334440663317
58.26294360719494
58.95856965375683
57.87267730783775
57.49439582995731
58.30818208826229
56.87017231134877
56.11377815589044
57.505705450224184
57.673830551504324
57.8816237238697
57.07745908280667
57.292004267271665
57.309728299033104
57.00841975908821
57.58689839572193
56.934485226597516
55.940926646140554
57.61171204018798
56.60684383946416
56.29236887592503
56.3183641225085
57.45270215524225
56.77328093771946
57.08741830065359
56.995253335493956
57.93817182520391
57.65914492518769
57.347033165883445
57.34483876195107
57.628592070437
57.6402392913088
58.08823529411765
56.98850132339438
57.49405822935234
57.649016907038295
57.11054394209475

