# Extinction sequence for 84 applications  and 29 platforms.
# This is the data and average for 50 different extinction sequences.
0	84	84	84	84	84	84	84	84	84	84	84	84	84	84	84	84	84	84	84	84	84	84	84	84	84	84	84	84	84	84	84	84	84	84	84	84	84	84	84	84	84	84	84	84	84	84	84	84	84	84	84.0	29
1	84	84	77	83	79	84	84	83	84	80	84	84	84	80	84	82	84	84	83	80	80	84	83	80	84	84	77	82	78	84	84	77	84	76	84	82	84	84	80	79	80	84	84	84	84	76	83	84	83	84	82.14	28
2	84	83	77	83	79	82	80	83	82	79	84	84	84	80	77	82	78	83	83	80	80	82	81	80	76	83	74	81	78	84	83	68	84	72	84	82	84	84	80	79	80	79	84	82	84	76	83	80	79	82	80.7	27
3	84	83	72	81	79	82	80	83	82	79	84	84	84	80	77	80	77	83	83	80	80	77	81	78	76	83	67	81	78	84	83	63	82	72	82	82	84	84	80	79	80	75	84	82	84	72	83	80	79	82	79.88	26
4	84	83	67	81	79	81	80	83	82	79	83	76	76	80	77	70	77	77	76	80	80	77	81	70	75	76	62	77	77	84	77	63	82	72	82	82	84	80	72	77	72	75	83	82	84	72	83	80	72	81	77.7	25
5	79	83	67	73	75	81	80	83	82	78	83	76	76	80	76	64	73	77	76	72	80	77	81	70	75	76	62	77	77	82	72	63	82	66	78	78	82	80	68	73	66	75	83	82	84	69	79	80	72	79	76.04	24
6	79	83	67	73	75	81	79	83	72	78	79	76	76	80	76	64	71	77	76	72	70	77	77	61	75	72	61	77	77	80	72	55	82	66	78	78	78	77	68	73	66	69	79	82	79	60	79	78	72	75	74.2	23
7	71	83	61	69	75	81	75	83	72	78	77	76	76	78	69	64	71	76	67	68	70	77	69	56	75	72	61	73	72	80	64	53	78	64	68	78	76	77	61	68	60	67	77	82	75	60	79	73	72	75	71.64	22
8	66	83	61	60	75	81	75	78	69	76	73	70	76	73	69	59	71	68	67	68	70	72	69	56	67	64	61	73	72	76	57	53	78	64	68	68	76	71	61	68	48	67	77	82	72	55	72	73	72	75	69.1	21
9	66	83	59	60	70	77	75	78	69	76	73	70	72	73	69	59	66	68	67	66	61	72	64	55	60	57	53	69	71	76	57	53	73	59	67	67	70	65	59	68	48	67	77	79	72	54	72	73	62	75	67.02	20
10	59	83	54	60	69	77	74	74	65	76	73	70	72	73	63	59	66	62	67	62	61	72	64	49	53	57	53	59	71	75	57	53	73	59	67	67	70	59	56	64	48	67	77	79	66	54	71	67	62	69	65.14	19
11	56	79	50	60	67	77	68	74	56	69	68	65	72	73	53	59	60	52	62	62	54	64	64	49	52	57	48	59	63	75	47	48	65	59	63	66	70	59	56	51	46	62	77	74	62	54	67	67	60	60	61.6	18
12	53	79	49	60	55	77	68	74	56	69	65	64	71	72	53	52	60	52	55	62	51	64	57	49	52	57	48	53	61	68	39	47	64	59	62	66	65	58	50	51	41	62	70	67	52	54	59	60	60	60	59.04	17
13	47	69	48	60	55	73	68	74	56	67	65	64	71	72	47	52	60	52	55	54	44	64	50	49	48	57	47	53	61	68	35	47	57	50	56	66	65	54	43	51	41	58	70	66	45	54	59	59	60	60	56.92	16
14	47	63	48	58	55	68	68	74	49	67	65	57	71	60	47	48	60	47	55	54	43	59	47	49	41	49	40	53	61	68	35	41	57	50	56	66	65	54	43	51	41	58	64	66	33	54	59	54	60	51	54.58	15
15	47	53	48	51	55	65	68	72	44	67	65	56	69	54	47	48	48	44	54	48	38	57	47	35	35	49	40	46	58	68	35	40	57	50	56	62	64	54	36	37	41	46	64	61	27	53	49	54	60	41	51.26	14
16	39	49	44	45	55	65	59	72	44	67	65	56	69	54	47	38	48	44	51	48	38	57	47	35	29	49	40	46	58	68	24	40	47	47	56	55	64	54	35	37	29	46	63	61	8	46	49	42	57	30	48.32	13
17	29	49	44	38	53	65	59	64	41	67	65	52	64	42	44	38	48	44	51	48	28	42	36	35	29	45	40	46	58	67	24	40	47	47	49	55	64	54	35	37	21	46	61	51	8	46	42	35	57	19	45.38	12
18	29	42	30	27	53	60	59	64	41	67	63	42	57	42	44	38	48	44	51	41	28	42	36	35	29	45	26	41	53	63	22	40	47	47	49	53	56	54	17	37	21	46	61	51	8	46	42	35	57	19	42.96	11
19	29	42	30	26	52	60	59	57	32	61	52	42	51	36	36	37	40	44	51	41	21	42	36	35	29	31	26	35	42	63	22	33	47	35	49	46	56	54	17	36	20	45	48	41	8	46	42	35	48	19	39.7	10
20	27	38	30	26	46	50	59	45	31	61	52	36	50	35	25	37	36	44	51	32	21	36	26	28	29	26	26	35	42	63	22	33	34	35	49	46	51	54	17	36	20	31	43	38	3	46	33	19	48	12	36.26	9
21	26	38	30	26	34	49	57	40	21	50	39	36	44	35	17	37	36	37	44	32	19	36	25	24	29	26	15	17	42	63	15	33	25	34	49	46	44	47	17	25	20	31	43	24	3	46	33	18	38	12	32.54	8
22	19	38	30	26	34	49	47	35	21	44	26	26	39	26	17	37	28	37	38	32	19	36	25	24	29	26	15	17	42	63	15	33	25	34	49	40	36	44	17	25	12	31	38	24	3	35	33	18	31	12	30.0	7
23	19	32	30	26	34	41	47	34	20	44	15	23	30	26	16	21	28	27	38	32	19	29	20	24	29	24	15	17	35	53	15	33	24	19	46	40	36	36	17	22	2	29	28	23	1	26	29	18	29	12	26.66	6
24	19	24	19	26	21	28	33	17	20	38	15	16	13	26	16	20	12	21	32	32	19	29	20	14	29	20	15	17	35	44	10	25	24	9	41	32	36	21	17	22	2	29	28	12	1	12	29	18	29	12	21.98	5
25	19	24	19	26	13	28	24	17	20	38	13	16	13	26	16	13	12	12	32	22	10	18	20	2	16	7	15	16	35	34	0	16	16	9	31	32	36	21	17	12	2	22	13	12	1	12	29	18	29	12	18.32	4
26	0	24	19	26	13	13	24	5	20	28	13	16	13	26	16	13	10	0	21	21	0	3	20	2	12	7	15	0	24	25	0	16	7	9	31	20	21	2	16	12	2	12	13	12	1	12	22	18	22	12	13.78	3
27	0	13	19	16	13	13	17	5	20	13	13	0	0	19	16	13	10	0	21	1	0	2	0	0	12	0	15	0	24	7	0	0	0	7	16	0	19	0	16	11	0	0	13	12	1	5	22	13	13	10	8.8	2
28	0	12	0	16	0	13	5	0	0	13	0	0	0	16	11	0	0	0	12	1	0	2	0	0	12	0	11	0	13	7	0	0	0	0	0	0	19	0	0	0	0	0	13	0	1	5	11	13	13	10	4.58	1
29	0	0	0	0	0	0	0	0	0	0	0	0	0	0	0	0	0	0	0	0	0	0	0	0	0	0	0	0	0	0	0	0	0	0	0	0	0	0	0	0	0	0	0	0	0	0	0	0	0	0	0.0	0

