49.75555555555555
50.90079365079365
52.5559523809524
52.582539682539675
53.56269841269841
52.967063492063495
54.652380952380966
53.66626984126983
54.68452380952381
54.315476190476176
55.26071428571429
54.803571428571416
53.2746031746032
53.80119047619046
52.58650793650794
52.64682539682538
52.296031746031744
53.17261904761903
53.1436507936508
52.8825396825397
55.26944444444444
52.093253968253975
53.18015873015873
53.2984126984127
52.842857142857135
54.5484126984127
54.06904761904761
55.8515873015873
56.56071428571428
56.050793650793636
57.64285714285713
57.133333333333304
57.52341269841269
59.071825396825396
56.148015873015865
58.85079365079364
57.237698412698414
57.93531746031748
59.25992063492064
58.278174603174605
58.259523809523806
55.70992063492064
57.29246031746031
55.871031746031754
57.93730158730159
59.612698412698414
59.719841269841254
60.418650793650805
59.38928571428571
58.34126984126983
59.686904761904756

