49.226960784313725
56.26813725490195
58.50620915032682
58.52140522875817
60.34166666666665
61.5656862745098
62.215359477124174
63.07287581699347
62.84591503267974
62.820588235294096
62.79918300653594
63.28888888888892
62.927777777777784
62.45032679738563
62.247058823529414
62.108660130718974
62.443954248366
62.48055555555555
62.92287581699344
62.96307189542485
62.322712418300654
62.954411764705895
63.57058823529411
63.096895424836596
63.915849673202594
62.8532679738562
64.07124183006538
63.7970588235294
63.46078431372547
63.263235294117656
63.36568627450981
63.33039215686275
63.16470588235295
63.091339869281036
62.441993464052295
63.786437908496715
64.29019607843136
63.85016339869281
64.96111111111111
62.79820261437911
63.94558823529412
63.07761437908497
62.9671568627451
63.516339869281055
63.206045751633965
63.619444444444426
63.68480392156861
62.655228758169926
63.891503267973846
64.24019607843135
63.74035947712417
64.12549019607845
63.050163398692824
63.93022875816994
63.78431372549021
65.18366013071895
62.39722222222221
64.05555555555556
64.26683006535949
63.97385620915033
63.85424836601307
64.65980392156864
64.1062091503268
64.14362745098039
64.78120915032679
65.36993464052289
64.83104575163398
63.370261437908496
64.33300653594772
62.57794117647059
62.99101307189541
64.03513071895426
63.89460784313727
62.816993464052295
62.143790849673195
62.012745098039225
64.5547385620915
63.37091503267974
63.572058823529396
65.56437908496733
62.59999999999999
64.13790849673201
63.34330065359477
63.72516339869281
64.76781045751633
63.89918300653594
64.0063725490196
64.2640522875817
64.11045751633988
64.14493464052288
64.9436274509804
64.22598039215688
64.51111111111108
63.24607843137255
62.64967320261439
63.937418300653604
62.928431372549
62.89934640522876
64.81307189542484
64.21160130718954
64.73741830065359

