49.64122602592949
56.024154880531455
57.200759402121506
58.47664202292939
58.57826395585556
60.02658577092039
61.769058716382744
60.68570529304617
61.86180756455587
60.98956659166399
62.684158362798655
62.64833119039965
62.44575699132112
61.195154291224696
62.94298457087753
63.15945435551272
62.85559305689489
61.68585261973642
62.402898317797074
62.73488562091502
63.680455105539494
63.054986338797804
62.36271831136826
63.107555180542185
63.485414657666375
62.95035090538945
63.60511759348548
62.323375388406724
63.5132058287796
62.11427193828351
63.686984356584176
63.59507259187828
62.68817636344155
64.12896442730099
63.29907987785277
62.66406835958425
62.93561823636558
62.670095360548586
63.495459659273536
63.21805019822138
62.97027349191042
62.3339226400943
62.58990276438444
62.87585047680273
62.00394433729777
62.469362745098024
61.62943319404265
61.31201114325512
62.75296662380801
63.21503669773922
62.88572806171649
63.35047680274296
61.30682122575806
63.351983552984024
62.33727097396336
62.29524938390656
63.384294974820534
64.25268536376302
63.057832422586536
62.55240142505091
63.86344155148398
62.90966864888029
63.25839762134363
63.59691417550627
63.05632567234544
63.732354280510016
63.027362584378025
63.52040474659809
64.41173122254365
64.06049099967856
63.37458480660024
60.01838235294118
62.36188122790098
62.57952292939034
62.058689596057015
62.98483874424087
63.11358218150648
64.22104360870033
64.05965391621127
63.47319323904424
63.320676631308274
62.28453471552555
62.680977445623064
62.361044144433734
63.9448060645023
63.45276840244295
63.806017625629494
63.345956552019715
63.71762161148613
63.279157291331835
62.950183488696034
63.26425720561447
62.48995499839282
62.15294519447124
63.13015643415838
62.66691444337296
63.328042965820195
63.35600155362692
63.71059011036109
63.97042081860065
63.79747937426337

