49.41825396825396
53.01587301587302
51.054761904761904
53.86150793650795
52.00158730158729
52.40515873015873
52.644047619047626
53.5781746031746
54.009920634920626
53.570634920634944
55.19246031746032
55.297619047619065
57.514285714285705
53.98452380952381
53.92460317460317
55.583333333333314
55.3952380952381
54.436111111111096
54.62222222222223
54.840079365079355
54.31865079365081
53.47142857142859
52.99523809523811
54.63650793650795
54.743253968253946
55.820238095238096
56.967857142857156
55.761904761904766
54.80238095238094
56.62579365079367
54.63333333333335
54.4829365079365
53.80833333333332
55.83055555555557
54.3515873015873
57.48888888888888
55.01944444444447
55.54920634920635
53.86309523809525
55.49087301587302
54.65674603174602
55.44484126984127
57.707142857142856
54.36190476190475
55.240476190476194
54.82539682539683
56.997619047619054
56.6361111111111
56.19563492063494
56.07103174603175
55.09722222222222

