52.24901960784313
52.29477124183006
52.02009803921568
54.91650326797387
52.870588235294115
53.86029411764706
53.26356209150328
53.25539215686275
54.266666666666666
54.61160130718954
54.49852941176471
55.544281045751646
55.233169934640514
53.2374183006536
53.35751633986926
54.383660130718944
55.56290849673202
54.16748366013071
55.44754901960785
54.743627450980384
55.008660130718944
56.73382352941177
55.568954248366
55.02320261437909
55.61078431372552
54.23349673202617
54.298529411764704
56.157516339869275
54.55866013071896
54.99019607843137
55.97908496732028
55.4138888888889
56.03807189542482
56.84068627450982
55.69640522875818
56.022875816993476
55.75490196078431
55.44967320261437
56.38300653594771
55.13415032679738
53.88415032679737
54.66633986928107
55.90179738562093
56.02745098039217
55.314869281045745
55.43071895424836
56.11633986928105
56.4830065359477
55.75212418300656
55.191666666666684
54.515522875817
54.41225490196078
56.577287581699366
55.18872549019606
55.665849673202615
56.940359477124204
55.87532679738562
56.575653594771246
56.05669934640524
54.87075163398693
56.157679738562095
55.38284313725491
55.91486928104575
56.37990196078431
55.86421568627451
55.949019607843155
56.854248366013074
55.438725490196106
56.33169934640523
56.39313725490195
55.35898692810458
55.40735294117648
56.21666666666667
55.28709150326796
55.80653594771242
56.83774509803921
57.505555555555546
55.70539215686274
57.241339869281084
56.458333333333336
57.240032679738576
57.944771241830054
56.758823529411764
55.88725490196078
56.21192810457518
57.24575163398694
56.469934640522844
54.92532679738562
57.33006535947711
58.561928104575166
56.19803921568629
56.20359477124184
54.7593137254902
56.2812091503268
55.49232026143791
55.775
55.85555555555557
55.97647058823531
56.415359477124184
55.01437908496734
56.31732026143793

