50.671031746031744
60.9313492063492
61.96984126984126
62.93809523809523
62.53214285714287
63.686507936507944
64.74246031746034
65.96150793650793
64.88412698412698
66.19801587301588
66.65476190476191
67.00714285714284
66.24603174603173
66.99166666666663
66.60952380952382
67.1984126984127
67.28373015873017
67.40952380952379
67.58333333333334
65.56428571428572
66.7404761904762
65.4361111111111
66.74761904761904
65.96865079365078
66.82539682539681
66.28650793650795
67.13095238095241
65.91111111111113
66.45674603174602
66.32500000000002
65.6015873015873
67.45674603174604
65.75317460317459
64.4765873015873
64.58888888888886
63.88253968253967
64.01269841269843
66.65396825396826
65.28293650793647
65.2123015873016
65.03928571428571
65.61825396825397
64.44761904761903
63.861507936507934
63.57936507936507
64.9595238095238
65.16428571428571
66.57499999999999
64.70992063492064
65.71666666666667
66.24841269841271

