48.36633986928104
58.04035947712419
58.818300653594754
60.59477124183006
59.786274509803924
60.4906862745098
61.068954248366026
60.73235294117646
60.50947712418301
60.62924836601308
60.45931372549019
60.835457516339865
61.77598039215686
61.05310457516341
60.82385620915033
61.746405228758185
61.34199346405228
60.28088235294118
60.429575163398674
60.638398692810455
61.532189542483664
61.32892156862745
61.488562091503276
61.306372549019606
61.551307189542484
61.21960784313723
60.23349673202615
61.383333333333326
61.127777777777794
61.129248366013066
61.57189542483661
61.30915032679738
60.56928104575162
60.624836601307194
61.64313725490197
61.92794117647058
60.8173202614379
61.66209150326798
61.331209150326806
60.82385620915031
61.39117647058823
60.91470588235294
60.393627450980404
61.05098039215684
60.14068627450979
61.10653594771244
60.363725490196096
61.48872549019605
60.01683006535947
60.429575163398695
60.514705882352956
60.553267973856194
61.23562091503268
61.48496732026144
61.48594771241831
61.16650326797386
61.716176470588216
61.699019607843134
61.79183006535948
62.75653594771241
61.6468954248366
62.4173202614379
61.79183006535946
61.77450980392156
61.21372549019607
61.157516339869275
61.0062091503268
61.82745098039214
61.825980392156865
60.989052287581714
62.01013071895425
61.147875816993455
61.36029411764707
61.86895424836602
61.853104575163385
61.38513071895427
62.222058823529416
61.83839869281046
62.48120915032681
61.21552287581699
63.22728758169936
62.18382352941176
62.21307189542482
62.39035947712419
61.41339869281044
61.32859477124182
62.74428104575165
61.3
61.6375816993464
62.150163398692825
62.38937908496733
62.56045751633986
61.960457516339865
61.850326797385634
62.46846405228759
61.677450980392145
61.31977124183007
62.45228758169935
61.42189542483659
62.39820261437908
61.205555555555556

