50.45351473922904
50.140340689121174
50.73402328411041
53.488987058237925
52.864367291632085
54.970860295337644
53.35072036944859
53.59908190918644
54.01561030916431
54.14056882915769
53.89791079033239
55.04949947458658
54.74341159227919
54.835013273602115
53.25030418671536
54.040152646424424
55.70764891322383
55.23028317017863
54.84088960787567
55.887222775289004
55.51684088269455
55.332946186604715
55.8675197721365
55.30270034843207
54.74963359327473
55.58752972733808
55.2593191748244
55.92230794756928
54.93854045683313
55.60343039654886
55.29768818096345
55.60239339638293
55.1787788286046
56.449795365300574
55.654416238039936
57.48022786350313
57.05471212875395
55.95065261877109
57.103969636635156
57.547632874287935
56.779215751341205
56.60655522371552
56.593247054919516
58.28753249267186
56.368045185553875
55.66686024003098
56.49162103865935
57.336084840440236
54.97604529616724
53.865072451744936
56.63489989491733
55.120188319230145
55.70972291355567
55.745499419279895
54.04654748078094
55.33934102096123
56.32621951219512
56.01442812897515
55.886877108567
55.37148802610474
55.36509319174824
55.597381228914344
56.385847021735536
56.42093219401579
56.022724130302535
56.9866157845252
56.649245063879206
56.12763398042142
57.33383800674739
56.3084176760135
57.12021597256787
56.830028759471276
56.79131408661026
57.481956197113014
56.48695453791274
57.70888640008849
56.459474033515825
56.79891875449366
55.96810878823072
57.196262651402016
55.39741303025274
54.91745478679275
55.17151982744317
55.21230850063602
56.79805458768874
55.83399010010508
55.385487528344655
55.593924561694585
55.61552873181793
54.74081909186439
56.50544770753832
56.656331231679644
55.43872020352855
56.48902853824457
55.30581134892982
57.02100962336155
56.756401747690944
56.05590813561198
55.59357889497263
56.94046927714174
56.96172778054313

