50.7595
51.32600000000001
53.604000000000006
54.609333333333346
53.240166666666646
55.331166666666654
55.12933333333332
53.90233333333333
53.40633333333332
53.94133333333332
54.86583333333333
55.054
55.03283333333331
53.40066666666667
53.97066666666666
54.336833333333345
52.80950000000001
54.91250000000001
55.80616666666667
55.750000000000014
54.69050000000001
55.70233333333336
55.84400000000001
55.77050000000001
56.111999999999995
56.33716666666668
56.098333333333336
56.72866666666666
56.701999999999984
56.790166666666686
56.63699999999998
54.99733333333331
56.18533333333333
55.29450000000001
55.85733333333332
55.37299999999998
54.3535
55.42966666666668
55.50766666666666
57.06183333333333
56.9735
55.65350000000001
55.62499999999998
56.717166666666664
56.39249999999999
56.48899999999999
56.96283333333333
55.54166666666666
55.917666666666655
57.180833333333325
57.00066666666669
57.52866666666667
57.77483333333333
57.5815
56.5265
56.72516666666666
56.689
56.48449999999999
57.280333333333346
56.341500000000025
56.42449999999999
56.547000000000004
56.10483333333334
55.91900000000001
57.55100000000001
56.55033333333333
56.67733333333332
56.115166666666674
56.78216666666667
56.495000000000005
56.274
55.211833333333324
55.69766666666667
56.10016666666666
56.427333333333365
55.53666666666667
56.27333333333333
56.07699999999999
56.74316666666665
56.029999999999994
54.45733333333334
56.29799999999998
56.180333333333344
56.74316666666669
56.52166666666666
55.74650000000002
56.46499999999999
55.43183333333332
55.12266666666667
56.53233333333334
54.838333333333324
56.349000000000004
55.71516666666665
56.334833333333314
55.78799999999998
56.41199999999999
55.656666666666645
56.55716666666667
56.938166666666646
57.01516666666665
56.93549999999998

