49.28333333333333
51.26269841269843
50.62539682539682
52.469444444444434
53.84246031746033
51.27936507936508
53.161507936507924
53.85753968253969
52.39642857142858
53.69682539682541
53.53253968253968
53.68373015873015
53.199206349206364
53.323015873015876
54.352777777777796
54.469047619047615
53.230158730158706
54.188095238095244
54.268253968253966
52.69325396825395
55.10476190476189
55.240476190476194
54.286111111111126
56.92420634920635
55.54166666666666
54.85753968253968
54.47738095238095
53.77738095238095
55.773809523809526
55.11825396825398
54.48769841269841
54.266666666666666
55.858333333333334
55.969047619047615
55.426587301587304
54.07023809523809
53.64880952380952
55.570238095238075
55.00873015873016
55.301984126984124
51.20515873015873
53.16031746031747
53.63809523809523
54.49246031746029
54.046031746031744
51.83253968253968
54.160714285714285
52.73015873015875
55.136111111111106
55.487698412698414
56.96230158730159

