49.96269841269843
51.451587301587296
51.619841269841274
53.82539682539683
53.81904761904763
55.21230158730158
55.46428571428571
55.34404761904762
55.04285714285713
54.386904761904745
56.454365079365076
55.12857142857144
55.428174603174604
54.47817460317459
54.475396825396814
54.34523809523808
56.29722222222221
55.864285714285714
54.75833333333333
56.380952380952365
56.78373015873016
57.856746031746006
56.334920634920636
56.706349206349216
56.87500000000001
58.419444444444444
57.37896825396827
58.1218253968254
57.80119047619048
55.675793650793636
54.96269841269841
55.79642857142856
57.42420634920635
59.02777777777778
57.359126984126995
58.30357142857143
57.698809523809516
57.204761904761924
57.86428571428572
60.11150793650793
59.14246031746031
58.397222222222226
58.82896825396827
57.808333333333316
58.30753968253967
57.34126984126986
56.08174603174603
55.93095238095237
55.36984126984128
54.90396825396827
58.02777777777776

