50.61323529411764
56.92990196078432
58.713888888888896
60.407679738562095
59.87189542483661
61.333006535947696
61.42941176470587
61.102124183006524
63.4096405228758
63.107026143790854
61.821732026143785
62.949509803921586
61.94166666666666
61.03709150326796
61.78839869281045
61.520261437908495
62.39117647058823
60.98529411764706
62.74330065359478
62.29117647058826
63.60539215686274
63.474346405228765
63.47647058823529
63.521241830065335
62.98104575163398
62.93937908496731
62.8609477124183
62.4282679738562
61.89852941176473
62.845098039215706
62.22745098039216
61.663235294117655
62.36650326797385
62.22859477124183
62.411764705882355
62.21568627450981
62.64918300653596
62.69215686274509
63.088888888888874
64.0266339869281
63.142973856209125
62.35473856209152
62.35000000000003
63.747712418300665
63.31405228758171
63.91993464052289
63.26225490196079
62.02287581699346
62.027287581699355
62.59313725490196
62.4233660130719
62.47728758169936
63.07973856209153
63.590522875817015
63.98316993464053
63.90980392156863
63.445915032679736
63.20212418300654
62.99509803921569
63.75653594771242
64.38513071895426
63.283006535947706
65.11176470588234
64.47761437908497
63.30800653594771
63.52532679738562
63.57679738562092
64.25228758169933
63.45686274509803
63.637254901960794
63.849183006535945
63.56307189542485
63.84656862745097
63.83235294117648
63.37254901960784
63.94901960784314
64.3660130718954
63.542483660130735
62.92532679738564
63.9264705882353
63.63660130718954
65.16944444444445
62.7063725490196
62.83954248366014
62.95016339869283
62.31993464052287
63.05669934640522
63.4823529411765
63.76633986928104
63.539542483660114
63.912745098039196
63.47875816993464
63.80098039215688
63.03398692810459
63.6779411764706
62.76813725490196
63.569117647058825
62.233660130718945
61.516339869281055
62.72189542483662
63.37418300653596

