51.91727466180269
54.67776257789937
55.80673354613164
61.29844961240312
60.0875892992856
61.72423620611035
62.00391396868824
62.63489892080864
61.9856741146071
60.38702690378477
61.58819729442166
61.773255813953476
62.49468004255967
62.97195622435021
62.13140294877639
62.64344885240916
63.61719106247151
62.05749354005168
62.67954856361149
60.957022343821265
63.165374677002596
62.55395956832345
62.017403860769114
63.22636418908652
62.27390180878552
63.5710214318285
63.563421492628066
63.8107995136039
62.60107919136646
62.655228758169926
63.09735522115826
62.49164006687947
62.014553883568944
62.97347621219029
63.43688250493999
62.980506155950735
63.46139230886154
63.40952272381825
63.54423164614681
63.450372397020814
64.93958048335612
63.619471044231666
62.819197446420425
62.03051375588997
63.292103663170685
62.12171302629578
62.773597811217506
63.643980848153234
62.85510715914272
62.22260221918226
62.57922936616508
61.34632922936617
60.965192278461785
62.14489284085728
60.83314333485335
61.76660586715308
63.63391092871259
61.64785681714544
63.535871713026296
63.073225414196685
62.534769721842224
61.83671530627757
61.16279069767441
62.138242894056816
62.98734610123121
61.93038455692357
62.50227998176015
60.92282261741905
61.00851193190453
61.800615595075236
63.064675482596144
63.66222070223439
62.77929776561787
63.38881288949687
63.01679586563308
64.09921720626234
63.35290317677459
63.149224806201495
64.21815625474997
64.66978264173888
63.49046207630339
63.040925672594604
63.42092263261895
62.8733470132239
62.862707098343215
63.53378172974615
63.87045903632769
63.52371181030555
63.91548867609059
64.34754521963822
63.318513451892386
63.30027359781123
61.78104575163401
63.01546587627299
62.298981608147116
60.25003799969599
62.58321933424532
61.595037239702066
62.55832953336372
62.597279221766215
62.65085879312965

