50.21831136826318
51.42521831136825
52.85077145612343
53.76955426979537
53.382654291224675
54.600275902710806
54.05098173149043
53.166017089896066
53.803707275259825
55.17752866173792
55.71560591449693
56.827922425800914
54.91485186970964
55.68798216007714
54.36388353155471
55.73971391835424
58.06245312332582
56.48890362155792
56.523726293796194
56.12644648023143
55.9442971177542
55.04811555769847
55.969409621772215
54.17604200150004
54.438886210221796
55.5722972249009
56.55034554805529
56.78673791921142
56.473333869066735
55.709913746919526
56.92586119147114
55.85539885353047
56.66603048323153
56.94377477767063
57.24495740919318
55.4423818707811
56.85537876352728
55.961541037179906
57.001366120218556
56.835288760312864
56.97692328297441
55.09264839815706
55.992847958855684
57.43430568948891
55.36319377477766
57.45573502625094
56.800298671381135
55.91767786349514
56.84265509482479
56.61312680810029
55.01161871852565
57.872770009643205
55.90796769527484
56.906273438337095
57.293006000214305
55.96840512161149
57.07938229936783
56.25837083467267
56.60475597342762
57.83493383692275
56.045919050680396
56.32265884495876
57.12810055716275
56.14804323368693
56.726300492874756
57.392451516125575
57.30171166827387
57.817689917497084
57.119227472409705
57.636545055180534
56.314790260366465
55.817897514196936
55.43166720240009
55.905456444873025
55.769346673095455
56.615805475195536
56.19558957462766
55.27077975999143
57.095956552019715
55.07590672881175
54.89760795028392
55.51035304832313
55.76449158898531
56.37037260259298
55.39282652951892
55.811535679845704
56.79594583735136
56.873124933033324
56.872790099646394
56.07622147219544
56.82089092467588
56.19224124075859
56.903929604628736
56.39916827386693
55.89541144326582
56.12778581377904
58.22015964855887
57.54095012321869
57.774496410586096
57.619468552448296
57.2524911603986

