49.76199999999999
52.22333333333333
52.979833333333346
53.29200000000001
53.925333333333356
52.64083333333333
53.497333333333344
53.798500000000004
54.562166666666656
54.09700000000001
54.23616666666666
52.5475
53.90083333333333
52.66616666666667
53.7135
53.472333333333324
55.08133333333335
55.00683333333332
55.821333333333335
53.81199999999998
55.61633333333332
54.584833333333336
54.15966666666666
55.673166666666674
54.339499999999994
52.48183333333331
55.21933333333333
53.762999999999984
54.84966666666667
54.42733333333333
54.24150000000001
55.39383333333331
55.48833333333335
56.15416666666667
55.6385
54.90383333333333
56.44000000000001
57.164500000000004
57.57400000000003
56.25016666666666
56.28483333333334
57.03949999999999
55.04450000000002
55.57883333333331
56.68450000000001
54.97050000000001
55.594333333333346
55.89816666666668
56.88233333333332
55.115999999999985
55.792500000000004
55.23533333333332
55.2015
57.336166666666664
56.42733333333335
54.91616666666663
56.51233333333333
55.982
55.44016666666669
56.48683333333333
56.93816666666667
56.05866666666667
56.74816666666668
56.281499999999994
55.98950000000001
57.128499999999995
56.398666666666664
57.31316666666666
56.903999999999996
55.86049999999998
55.410499999999985
55.679333333333325
55.40533333333333
55.26499999999997
55.697833333333335
56.29099999999998
56.20666666666667
55.8615
55.933500000000016
55.34816666666668
55.109666666666655
56.63650000000001
54.94766666666666
56.06683333333332
55.58416666666667
55.41083333333334
55.688
56.26549999999999
55.400499999999994
55.55066666666669
55.40516666666666
54.40566666666666
55.54866666666667
55.03183333333334
55.273333333333326
55.21916666666667
56.3445
55.55666666666664
55.115
54.01883333333334
55.89133333333333

