# Extinction sequence for 721 applications  and 247 platforms.
# This is the data and average for 50 different extinction sequences.
0	721	721	721	721	721	721	721	721	721	721	721	721	721	721	721	721	721	721	721	721	721	721	721	721	721	721	721	721	721	721	721	721	721	721	721	721	721	721	721	721	721	721	721	721	721	721	721	721	721	721	721.0	247
1	721	721	721	716	720	719	718	719	721	720	716	720	721	716	721	721	721	716	717	720	721	721	713	718	721	721	716	716	721	721	714	721	720	721	720	720	721	721	721	720	717	721	716	721	721	716	718	716	721	721	719.22	246
2	720	719	721	716	713	716	718	717	717	715	716	715	721	716	721	721	720	716	711	715	721	721	713	718	719	713	716	716	721	721	714	721	718	718	720	720	719	719	721	720	717	717	716	721	721	716	714	716	720	721	717.84	245
3	720	719	720	716	710	710	718	717	711	715	716	706	721	716	721	721	720	714	711	715	721	721	712	718	719	707	715	711	720	721	711	721	718	718	718	720	715	719	721	720	712	717	716	716	716	706	714	711	714	721	716.12	244
4	720	719	720	716	709	710	718	717	702	715	713	706	718	713	715	715	716	713	710	714	717	721	707	714	719	703	715	706	720	715	711	720	718	718	710	720	715	717	721	720	710	717	716	708	716	701	712	710	708	721	714.1	243
5	720	719	719	713	709	710	712	716	702	715	713	706	714	713	715	715	709	711	708	711	716	716	706	714	714	703	715	706	720	712	711	720	718	718	710	720	712	716	721	720	710	717	711	706	716	701	710	710	701	721	712.82	242
6	720	718	719	713	709	709	712	716	701	715	712	704	710	709	715	711	700	711	708	709	716	716	706	714	714	701	715	706	718	707	703	720	718	714	710	719	710	715	718	720	710	714	710	700	713	699	710	710	701	717	711.3	241
7	720	718	719	713	703	709	711	716	701	715	712	704	708	707	715	711	695	708	702	698	716	716	704	714	714	701	715	705	717	707	702	720	717	714	710	719	702	715	718	720	710	710	708	700	712	699	702	707	690	716	709.7	240
8	719	718	719	708	698	709	711	711	701	710	705	702	708	700	715	708	695	705	702	694	716	716	702	704	708	698	715	704	717	707	699	714	717	709	710	719	691	715	718	720	710	707	708	693	712	698	701	703	690	716	707.5	239
9	710	714	716	708	698	706	710	708	699	705	705	702	701	688	715	708	695	705	702	691	715	716	702	704	708	698	715	703	717	703	699	714	716	707	710	718	691	709	718	718	710	707	708	693	702	696	695	702	686	716	705.64	238
10	706	706	716	702	698	705	705	704	694	705	705	700	701	682	713	708	684	700	702	690	715	716	698	703	701	696	708	703	717	703	694	714	716	707	707	716	691	709	713	718	704	707	708	693	700	696	695	702	682	716	703.48	237
11	706	706	715	702	698	705	705	704	694	703	705	694	701	669	712	708	684	700	702	690	715	716	696	700	695	696	708	703	717	702	683	714	716	707	706	716	690	709	713	718	704	706	708	691	698	692	695	699	681	715	702.24	236
12	706	704	706	698	698	705	705	704	693	703	699	692	701	669	711	703	679	700	702	690	715	712	696	700	695	694	708	702	716	702	683	709	716	707	705	716	690	703	709	715	698	697	708	691	698	689	695	697	681	710	700.5	235
13	702	700	706	698	698	705	705	704	686	692	697	692	700	667	711	700	673	694	702	689	714	706	693	700	695	690	707	702	711	702	683	706	716	701	705	716	690	699	709	715	694	694	705	691	692	688	690	695	679	703	698.24	234
14	702	699	704	697	698	705	699	698	685	692	696	692	700	667	705	700	673	694	702	689	713	706	692	700	692	690	707	702	711	700	683	706	713	701	704	716	687	699	709	709	692	694	705	691	691	684	687	694	676	701	697.04	233
15	694	699	704	697	697	701	694	697	684	691	696	692	700	666	705	700	673	694	692	689	713	705	692	700	692	690	707	698	711	696	683	706	712	697	699	715	679	698	709	702	692	692	705	691	691	678	687	694	676	693	695.36	232
16	694	699	704	696	697	701	694	697	684	685	696	688	699	666	705	697	673	693	692	689	709	703	685	692	689	683	707	698	710	696	683	704	712	695	696	714	679	693	705	702	690	692	704	691	690	678	681	694	672	693	693.78	231
17	692	697	704	690	696	694	694	697	684	681	694	688	699	666	705	690	673	693	692	688	709	703	685	692	688	681	707	697	710	691	682	704	711	692	695	714	671	693	702	702	690	692	703	691	689	666	681	688	666	693	692.1	230
18	691	697	704	688	696	694	691	697	684	681	694	688	698	666	705	690	672	688	691	683	709	703	682	689	688	675	707	697	710	683	682	700	711	692	694	703	671	693	701	702	690	692	699	688	688	664	680	686	666	693	690.72	229
19	689	687	704	687	688	686	689	697	684	681	693	688	698	664	699	690	666	688	688	679	709	703	671	678	688	675	707	697	710	682	681	700	708	687	693	703	665	690	701	702	690	692	699	688	688	664	680	680	665	693	688.68	228
20	689	686	699	686	688	685	689	696	684	681	693	688	698	664	696	690	666	688	682	672	707	703	671	678	688	670	705	697	705	681	675	700	704	687	693	703	665	687	694	702	687	687	695	688	688	657	680	677	661	692	686.94	227
21	689	680	699	686	688	679	682	692	683	680	688	686	694	664	693	680	664	688	674	672	707	703	671	678	688	670	705	693	701	681	675	700	701	687	691	697	664	685	688	701	687	683	695	688	688	657	680	677	661	683	684.92	226
22	689	680	699	686	688	679	682	692	682	680	688	684	694	660	693	676	663	684	674	672	705	699	670	676	688	669	703	693	699	674	668	691	701	687	691	689	664	683	688	691	687	683	695	688	685	657	680	677	658	682	683.32	225
23	686	679	699	686	688	679	682	692	682	673	686	683	694	653	692	676	663	684	674	671	705	699	670	671	686	664	703	690	699	673	668	691	699	683	691	689	653	683	688	691	687	678	690	688	685	649	678	676	657	682	681.76	224
24	680	678	699	675	679	676	682	692	678	667	686	676	694	647	692	674	663	684	674	671	705	691	670	671	684	656	703	688	697	667	663	691	693	683	686	689	652	681	688	691	687	670	690	681	685	649	671	675	656	676	679.12	223
25	680	677	697	675	679	672	678	686	678	664	686	676	694	645	691	671	663	673	673	671	702	691	670	666	684	656	703	683	697	667	663	688	692	678	677	689	652	681	688	691	687	663	683	680	685	649	671	675	655	676	677.42	222
26	680	677	696	670	679	667	678	686	678	664	686	668	694	642	691	671	659	673	673	671	694	689	670	664	679	656	702	681	697	667	655	687	692	678	676	689	646	680	688	691	681	660	683	674	681	644	671	675	655	676	675.68	221
27	680	677	692	662	679	666	678	683	678	664	675	667	688	640	682	671	659	673	669	671	693	689	664	663	679	651	702	681	688	658	655	687	692	678	671	689	646	680	686	686	681	660	681	674	681	643	669	675	655	670	673.62	220
28	679	677	692	662	679	666	674	683	678	664	665	661	688	640	682	671	659	673	667	671	693	683	664	655	678	646	691	681	688	658	655	685	686	678	663	688	640	679	686	683	676	660	678	670	676	640	664	673	653	670	671.42	219
29	679	677	688	662	679	657	665	683	672	664	665	661	680	636	682	666	659	673	664	671	689	679	663	655	678	646	685	675	682	658	645	685	686	670	663	688	640	679	685	677	676	655	678	669	676	640	664	673	653	670	669.3	218
30	679	677	688	656	679	648	664	681	672	664	665	660	680	630	681	663	654	672	664	671	689	679	662	655	678	639	685	668	682	651	640	682	686	670	662	685	640	679	685	667	672	649	670	668	676	640	663	672	650	670	667.24	217
31	673	671	683	656	666	648	664	671	672	662	665	659	677	622	676	662	653	672	664	664	679	678	654	655	678	638	684	658	680	651	640	682	678	670	662	684	640	679	685	667	664	649	669	668	676	640	663	672	650	662	664.7	216
32	673	666	681	654	664	646	664	663	672	662	661	659	677	622	676	662	653	672	664	656	679	678	654	655	678	638	684	658	675	651	639	675	678	662	662	684	639	679	682	666	655	648	669	666	676	637	663	671	650	659	663.14	215
33	673	664	679	646	661	640	664	658	671	662	661	659	676	618	676	658	648	672	659	648	679	678	654	649	677	635	674	654	675	649	638	675	678	657	662	684	639	679	682	664	655	648	665	666	676	632	659	668	645	648	660.74	214
34	673	658	679	646	661	640	664	658	671	659	661	659	676	618	676	658	643	672	659	646	678	678	654	647	677	635	672	654	675	646	638	667	678	657	653	681	638	679	682	664	649	648	665	661	666	631	659	664	645	648	659.32	213
35	670	658	678	640	661	640	655	658	671	659	661	656	676	618	669	657	641	672	657	642	678	677	652	647	673	628	662	648	675	643	636	667	678	657	653	681	635	675	680	664	644	640	665	657	666	631	659	664	645	648	657.34	212
36	669	653	678	640	661	637	646	658	671	659	661	656	670	618	663	657	641	668	649	637	678	672	652	647	666	628	653	646	675	643	634	667	678	657	649	676	628	664	680	664	644	640	665	657	666	631	659	662	639	646	655.16	211
37	668	653	678	640	661	637	646	656	668	651	661	656	666	618	662	652	641	667	643	637	678	671	650	643	661	628	651	646	675	643	634	667	671	657	644	676	628	661	677	664	643	640	665	651	665	631	659	661	639	645	653.7	210
38	664	652	675	633	654	636	644	656	668	649	661	652	666	618	662	649	640	666	643	637	678	671	650	643	655	626	651	641	675	643	634	660	671	644	644	676	620	661	676	664	643	639	665	651	665	623	658	661	638	645	651.92	209
39	663	652	668	627	654	629	642	655	661	649	655	652	660	615	660	648	640	666	642	632	678	671	650	643	655	626	650	641	675	643	634	651	671	641	644	676	620	654	676	660	643	639	665	651	659	615	652	656	632	635	649.52	208
40	663	652	667	626	654	627	641	652	655	648	654	652	660	615	660	648	639	666	642	632	678	670	649	637	655	623	648	637	673	643	634	651	670	639	644	676	610	644	671	654	640	639	665	650	657	615	652	656	629	635	647.94	207
41	663	645	667	615	654	627	641	652	655	647	652	647	652	615	660	648	638	660	634	629	678	665	649	637	654	620	640	637	672	643	634	651	670	637	641	675	610	637	671	652	638	639	665	650	657	615	650	650	617	631	645.72	206
42	663	643	667	615	653	627	633	650	653	644	643	642	652	613	660	648	638	660	633	624	677	660	646	637	654	617	637	636	669	643	634	643	670	630	632	667	610	637	671	644	638	639	657	650	649	613	643	650	610	631	643.1	205
43	659	642	667	615	645	627	633	650	648	639	643	642	652	613	659	648	637	658	631	620	674	660	646	637	650	616	637	635	669	643	634	643	669	630	626	667	600	637	669	644	638	639	657	642	648	613	643	650	607	631	641.64	204
44	659	642	664	615	640	627	633	643	645	639	642	642	652	613	656	639	633	658	631	620	673	650	640	637	645	615	637	635	668	643	634	642	669	628	620	667	594	629	669	643	627	639	657	640	648	613	643	650	606	631	639.7	203
45	653	642	664	612	640	619	633	643	642	639	636	639	652	613	655	631	627	648	631	620	673	650	640	630	645	615	637	635	666	641	634	641	669	628	619	659	592	627	669	643	624	639	657	640	642	613	643	650	606	631	637.94	202
46	653	642	664	612	632	619	632	642	636	633	636	639	650	613	654	631	627	648	630	620	673	650	631	622	645	610	634	634	666	640	631	639	667	628	619	659	592	626	668	641	624	639	657	631	636	600	643	650	598	630	635.92	201
47	652	641	664	612	625	619	632	640	636	633	628	636	650	605	654	631	625	644	624	620	673	650	622	622	645	605	634	634	661	640	626	638	658	628	619	655	588	626	663	635	624	637	657	631	636	599	635	650	594	630	633.72	200
48	652	637	664	609	625	619	632	631	636	628	620	634	639	602	654	630	613	644	624	620	663	648	617	622	645	599	633	634	661	638	625	638	658	628	617	650	578	624	663	630	623	637	656	631	635	599	635	649	594	630	631.46	199
49	652	635	664	609	622	618	624	630	628	628	620	634	634	602	654	630	609	644	622	620	663	643	617	622	645	591	630	634	652	635	624	635	657	628	616	641	577	614	657	630	621	637	656	628	635	594	635	649	594	628	629.34	198
50	644	635	664	609	622	616	618	628	624	627	619	633	634	602	654	629	608	644	614	620	663	642	615	622	645	579	625	634	649	635	620	635	656	628	614	640	572	609	657	630	618	637	651	628	632	583	633	649	594	621	627.2	197
51	643	635	664	609	622	607	618	628	619	626	616	632	630	595	654	629	608	644	614	620	657	641	610	610	642	579	625	631	643	635	620	635	654	623	609	640	572	609	657	630	607	631	645	628	632	581	627	649	594	621	625.0	196
52	643	635	664	609	622	603	618	620	619	626	606	629	630	595	653	627	601	635	614	620	657	632	605	604	634	578	625	631	643	635	620	635	649	623	603	636	572	609	657	626	607	631	644	624	632	577	622	649	594	621	622.88	195
53	641	635	653	609	620	603	618	620	615	618	606	628	630	595	648	619	601	635	607	619	657	631	605	600	633	571	625	630	637	635	619	629	638	621	603	636	572	608	652	614	607	623	639	624	625	573	622	647	594	621	620.22	194
54	638	628	653	600	615	598	610	620	615	618	606	627	630	595	648	619	599	634	607	618	656	631	604	599	632	571	620	629	637	635	619	629	638	621	603	636	569	608	645	614	605	623	637	624	625	571	622	638	594	621	618.68	193
55	636	622	653	600	615	598	610	620	607	618	606	627	627	595	645	619	598	634	607	614	652	631	599	599	631	560	620	629	637	635	618	629	638	621	598	631	568	608	641	614	604	619	635	624	625	571	621	637	594	621	617.22	192
56	636	615	653	600	609	593	610	620	607	618	606	619	627	593	645	619	598	634	607	614	649	631	599	599	631	560	615	624	632	635	612	618	637	615	597	631	568	603	635	614	604	608	635	622	625	571	621	637	592	621	615.28	191
57	631	615	649	593	604	592	610	619	606	617	606	619	624	587	645	619	597	628	605	612	639	627	595	599	624	560	615	619	632	635	612	618	637	609	590	628	561	603	635	608	604	608	631	622	625	571	618	626	592	621	612.84	190
58	631	615	649	593	604	590	610	619	606	612	599	615	624	587	645	619	597	620	603	605	639	620	594	599	622	560	614	616	632	635	610	618	637	607	590	628	558	603	633	606	604	608	628	622	625	565	618	626	592	621	611.46	189
59	630	615	638	589	603	590	610	618	606	612	599	615	619	587	644	608	597	620	603	605	639	620	594	599	611	560	612	614	632	635	610	612	637	607	590	623	558	599	629	598	600	608	628	622	617	565	615	616	592	621	609.42	188
60	628	614	638	589	602	589	610	608	606	612	599	612	611	587	644	608	597	620	603	599	638	616	580	598	607	560	605	614	632	633	606	605	634	606	582	623	556	599	618	588	600	607	626	622	617	558	615	616	592	621	607.0	187
61	628	613	638	587	601	587	610	608	604	610	599	612	605	587	644	608	587	620	593	599	638	609	580	598	605	560	605	603	626	631	605	605	628	606	582	623	554	598	606	588	600	597	626	622	614	552	615	616	592	621	604.9	186
62	625	603	638	586	601	587	605	606	599	610	599	612	596	585	644	606	587	620	593	599	638	600	579	598	601	560	605	603	616	631	605	600	619	606	578	618	554	598	606	587	600	589	622	613	614	546	614	616	591	620	602.56	185
63	617	596	630	586	601	579	602	600	599	610	592	612	586	585	644	606	580	618	585	596	637	600	579	596	599	558	601	596	615	631	597	600	619	606	573	618	554	597	606	587	590	589	622	611	614	546	614	615	591	620	600.1	184
64	615	594	630	586	600	576	602	595	598	610	588	612	586	581	639	606	580	618	585	586	632	599	574	596	599	558	600	586	615	629	597	600	619	606	573	618	549	597	606	587	584	589	622	607	614	546	614	615	591	617	598.52	183
65	609	582	628	585	600	575	602	595	598	610	588	612	586	581	637	604	580	618	585	573	632	598	572	596	595	553	600	586	615	626	597	600	619	606	573	611	548	597	606	587	579	589	622	605	605	546	609	615	591	616	596.84	182
66	597	571	627	585	600	575	596	595	597	610	580	607	586	580	628	604	572	615	585	573	632	598	572	590	595	549	600	582	615	625	587	593	619	606	573	605	548	597	606	587	579	589	621	605	601	539	605	615	591	615	594.44	181
67	597	571	621	585	599	573	592	595	596	609	580	595	586	570	622	604	572	615	580	573	631	591	570	582	595	549	594	582	615	619	587	590	619	605	573	605	542	597	606	587	579	589	621	605	601	539	605	615	591	615	592.68	180
68	586	571	617	575	599	573	587	593	596	609	580	595	585	570	622	596	572	604	576	571	630	578	570	581	595	543	586	582	615	611	577	590	615	605	562	604	536	588	602	587	579	581	614	605	601	539	604	614	591	615	589.54	179
69	586	569	613	561	599	569	582	593	596	604	580	592	585	570	622	596	565	599	576	564	629	578	568	580	594	537	586	582	608	611	571	589	609	605	562	600	532	582	601	582	579	574	612	605	601	539	596	613	584	615	586.9	178
70	586	566	607	561	599	569	582	586	583	603	580	586	578	570	621	594	565	599	574	562	629	570	568	580	594	527	586	568	608	611	568	585	609	600	562	600	521	582	601	582	576	574	608	604	597	524	594	601	578	615	583.86	177
71	582	566	606	561	596	569	582	586	583	594	578	586	578	570	621	592	563	598	574	558	629	561	568	577	592	525	578	568	604	605	568	585	607	600	556	599	520	582	601	580	574	569	608	604	591	517	594	599	578	603	581.7	176
72	574	566	594	561	594	569	582	586	583	591	578	585	578	570	616	592	556	596	574	558	629	561	564	568	592	525	566	567	604	596	567	585	606	591	556	599	513	582	600	578	572	568	605	601	591	515	594	599	576	597	579.4	175
73	574	566	586	561	594	568	582	581	583	591	570	576	574	563	608	592	555	595	567	555	627	561	564	565	589	525	566	567	604	595	563	584	604	585	556	598	512	581	599	576	572	564	605	593	591	514	594	599	576	597	577.34	174
74	574	566	586	561	594	568	581	572	572	591	570	573	573	563	608	592	555	595	567	548	622	550	562	565	588	525	566	566	604	593	563	583	604	580	546	598	507	581	598	568	572	560	605	585	591	514	594	599	567	597	575.24	173
75	574	558	586	561	589	568	581	572	567	591	557	573	573	562	608	591	555	594	566	548	617	550	553	557	587	515	565	566	602	592	563	583	600	580	537	597	507	570	598	567	564	560	605	585	591	506	594	597	567	596	572.9	172
76	568	558	580	561	589	568	580	563	560	591	557	573	565	562	605	591	555	592	566	541	617	539	553	556	585	509	565	566	602	586	563	583	600	580	525	597	507	567	598	559	564	550	599	580	591	506	594	591	567	594	570.36	171
77	567	558	576	561	589	563	571	552	560	589	556	562	565	557	605	591	550	591	559	531	617	539	553	556	585	508	559	566	598	578	563	583	600	574	525	591	507	567	593	557	555	540	599	573	590	505	594	585	567	594	567.48	170
78	567	558	576	560	589	556	563	552	560	579	551	562	565	557	604	584	550	589	548	531	617	528	542	551	582	508	558	566	598	572	563	583	600	561	525	591	507	567	593	548	555	534	598	573	590	502	590	577	567	594	564.82	169
79	559	557	576	560	585	547	563	540	560	579	546	562	565	556	604	584	550	589	545	531	617	527	542	551	581	506	556	566	598	568	563	583	593	561	525	591	507	567	593	534	545	526	598	573	590	497	579	577	567	594	562.66	168
80	552	549	576	554	585	547	562	530	560	570	542	562	565	556	604	575	544	584	545	531	617	520	534	551	576	506	556	563	598	567	563	577	593	561	519	591	506	563	593	534	538	526	588	573	590	497	573	570	567	594	559.94	167
81	552	549	576	546	584	543	562	530	560	569	542	556	565	556	604	575	541	582	544	527	612	520	524	551	575	505	553	563	593	560	560	577	584	560	508	587	506	554	589	533	535	526	588	567	583	497	563	570	566	590	557.24	166
82	552	549	576	545	583	543	558	529	559	568	536	552	565	550	602	575	541	582	544	527	605	520	524	551	575	505	543	561	593	560	560	566	578	560	508	584	506	554	589	533	535	520	582	567	583	497	561	570	565	590	555.62	165
83	550	549	576	544	583	534	558	529	559	568	530	545	559	550	602	575	541	572	543	527	604	520	523	550	568	505	543	552	593	553	557	565	574	553	503	580	505	552	581	533	535	520	582	567	582	497	555	567	563	585	553.22	164
84	549	549	576	544	583	534	557	520	559	561	529	534	555	550	600	562	541	572	543	527	604	520	523	547	565	505	532	552	585	553	557	565	573	553	502	580	494	552	581	533	529	518	582	559	582	494	546	567	553	585	550.72	163
85	549	549	576	544	583	534	557	520	559	560	522	526	550	538	600	562	539	567	543	526	604	506	523	547	564	505	530	552	584	553	557	555	572	545	502	580	484	552	574	533	529	517	576	555	582	492	541	567	553	575	548.26	162
86	549	544	566	538	583	534	548	517	559	560	522	518	543	536	600	561	537	563	543	526	602	501	517	547	558	505	530	552	578	549	557	553	572	545	501	575	484	545	570	533	529	512	566	549	582	482	541	566	553	575	545.52	161
87	549	544	565	538	583	534	545	516	555	553	519	511	536	532	592	561	537	562	542	525	602	495	517	545	558	499	530	552	578	540	557	548	572	533	501	575	482	545	570	522	523	512	566	549	579	479	541	566	553	575	543.26	160
88	549	544	565	534	582	534	535	516	553	553	509	503	534	532	592	561	537	559	533	525	602	494	506	545	558	499	527	552	576	540	557	540	572	533	501	573	481	545	570	522	523	511	566	545	573	467	541	566	553	575	541.26	159
89	549	538	564	534	582	534	535	516	553	553	509	502	534	532	592	561	537	556	533	525	602	486	506	545	558	494	522	541	576	536	557	539	572	533	501	565	474	544	567	514	518	509	566	545	573	454	541	561	546	572	539.12	158
90	549	531	564	533	577	534	535	511	553	553	509	502	533	525	592	559	525	556	533	525	597	486	502	543	556	488	522	541	576	534	557	538	567	525	501	565	474	544	567	513	518	509	565	545	573	453	540	552	541	572	537.26	157
91	548	531	564	531	577	527	535	504	553	553	509	494	522	522	592	559	525	556	523	525	591	486	502	533	556	488	515	532	568	534	557	538	567	521	501	565	474	544	562	513	518	508	565	545	566	453	540	550	528	565	534.7	156
92	541	531	563	531	577	527	535	504	553	546	509	486	513	521	592	559	524	551	523	517	591	483	501	532	556	485	514	531	568	533	546	538	567	521	498	562	474	544	554	513	510	504	565	545	566	451	539	550	525	565	532.68	155
93	541	522	560	526	575	527	535	499	546	546	509	481	511	514	592	559	524	549	523	509	591	483	501	522	556	477	508	531	564	521	545	528	567	521	490	562	462	542	552	513	510	504	558	537	566	451	539	550	515	565	529.58	154
94	540	511	559	520	563	525	532	495	546	545	509	481	511	514	583	559	521	549	523	495	584	483	501	522	556	477	497	525	555	520	545	528	562	520	481	553	453	542	542	513	510	501	558	537	563	448	539	550	515	562	526.46	153
95	540	511	557	520	561	525	524	488	535	535	509	481	503	506	583	559	511	549	523	489	584	481	500	516	545	471	497	525	546	508	545	519	559	520	477	549	453	542	542	513	505	501	556	536	563	448	539	537	515	561	523.24	152
96	540	505	557	518	555	525	520	488	532	535	503	481	503	506	583	550	501	537	523	489	584	481	490	508	545	469	497	524	546	508	545	519	559	520	477	549	445	542	542	512	504	487	556	536	563	438	539	537	514	561	520.96	151
97	540	505	553	518	546	520	516	488	532	535	501	481	503	506	574	549	501	529	509	488	583	477	480	508	545	469	496	523	546	498	544	519	546	517	475	549	445	535	542	512	504	486	554	536	560	437	533	537	510	558	518.36	150
98	540	505	553	518	545	514	514	488	532	535	501	481	503	503	573	549	496	529	508	488	583	476	480	506	545	469	496	522	546	498	539	519	546	515	475	543	445	534	542	509	504	482	552	536	559	433	525	537	510	557	517.16	149
99	534	504	553	518	537	514	513	483	532	523	501	481	503	503	570	549	483	527	508	488	583	476	480	504	540	469	492	522	546	498	539	519	546	510	467	540	445	524	531	504	504	482	547	528	552	430	515	528	510	550	514.1	148
100	534	504	543	518	537	509	507	469	531	523	500	471	503	499	570	546	483	520	506	488	583	475	480	504	540	469	488	522	535	498	539	519	546	510	465	532	445	524	531	504	504	482	535	528	549	428	513	526	509	550	511.88	147
101	534	504	543	518	527	498	507	469	531	522	500	471	498	489	561	546	472	520	504	481	581	475	480	504	540	469	481	511	535	498	533	513	546	510	465	516	445	524	531	504	504	482	533	524	542	426	513	523	509	550	509.24	146
102	528	491	535	516	527	498	497	458	531	522	496	470	498	489	555	546	472	515	504	471	572	470	477	492	540	468	481	511	535	498	533	513	546	510	464	506	445	524	531	504	504	482	533	524	542	426	508	513	508	550	506.58	145
103	528	491	535	508	527	489	497	454	523	522	495	470	490	489	555	542	463	506	504	471	572	459	477	492	540	468	471	511	532	498	529	510	546	510	464	506	441	524	527	503	496	482	533	521	541	425	508	511	508	542	504.12	144
104	528	490	535	508	527	489	497	454	521	522	494	470	477	484	553	534	462	506	497	461	572	459	477	482	540	468	471	502	528	496	527	510	536	510	463	498	440	524	518	502	494	482	529	515	541	411	508	506	508	539	501.3	143
105	527	490	524	504	527	480	491	454	511	520	488	470	477	484	544	525	455	498	497	458	572	456	475	480	539	455	471	500	527	496	527	505	536	510	455	497	439	524	515	500	494	482	529	502	532	400	503	493	506	535	497.58	142
106	516	490	524	494	519	480	491	454	511	516	487	469	477	472	543	525	455	498	497	455	563	456	475	477	539	455	471	500	527	496	527	503	533	510	446	497	439	524	509	500	494	481	529	500	532	400	503	487	506	535	495.74	141
107	512	490	524	494	519	473	483	454	511	516	487	469	472	470	541	523	455	498	488	455	559	450	462	476	539	455	467	499	520	496	526	503	533	501	444	495	439	514	509	497	494	480	529	500	532	388	503	485	506	535	493.4	140
108	511	490	521	494	517	473	471	454	511	516	487	469	472	468	535	523	455	496	488	455	555	450	462	476	539	445	459	499	515	492	526	491	533	500	442	495	435	514	509	497	492	480	529	500	527	388	503	474	496	535	491.28	139
109	511	488	511	494	509	473	469	447	511	512	486	469	471	467	532	523	455	496	488	455	546	450	462	475	539	445	459	499	505	490	526	480	533	500	442	493	435	502	509	497	492	474	529	500	517	388	502	468	487	528	488.78	138
110	511	488	501	494	509	469	460	447	511	512	477	469	467	467	532	523	455	496	486	442	543	449	461	475	539	445	458	499	496	490	515	473	532	500	442	493	435	502	509	492	492	474	519	496	517	388	496	461	487	528	486.44	137
111	511	488	501	490	509	467	460	446	505	503	473	469	467	456	532	516	455	490	475	437	534	449	461	475	536	436	458	499	485	490	515	473	532	500	442	491	435	502	509	485	491	474	515	485	514	388	496	461	475	517	483.46	136
112	503	487	491	486	509	465	446	443	505	501	473	469	467	456	524	512	455	490	475	434	526	449	461	466	536	426	448	489	485	490	513	468	532	499	442	488	435	498	504	484	490	466	510	485	514	388	492	460	475	517	480.54	135
113	503	487	485	486	509	450	446	434	505	501	473	464	460	456	524	511	454	490	475	434	526	439	458	465	536	424	448	489	485	488	512	468	529	499	442	488	435	491	504	484	490	452	510	471	514	388	482	458	474	516	478.24	134
114	493	487	480	482	501	450	445	434	492	501	473	464	460	456	524	510	454	479	475	423	526	439	458	465	536	422	448	483	485	487	505	468	529	499	436	488	435	491	496	477	490	439	510	471	512	388	481	458	474	507	475.72	133
115	490	487	480	482	501	437	444	427	490	497	473	463	447	456	524	508	454	470	474	423	526	431	458	465	531	408	448	483	485	487	505	468	522	497	436	488	425	483	495	477	485	436	503	469	512	388	481	458	460	507	472.88	132
116	490	483	478	480	496	426	444	426	479	495	462	461	447	456	523	508	442	465	474	422	517	431	455	465	531	408	448	483	484	481	502	467	521	496	436	488	425	483	490	473	481	427	492	469	512	388	481	451	460	502	470.08	131
117	490	468	478	480	496	421	436	426	477	491	462	461	434	456	523	508	442	465	474	422	513	431	455	465	531	406	448	483	483	481	501	465	521	493	436	488	425	483	490	473	471	427	489	461	504	385	481	440	460	502	468.02	130
118	490	456	470	480	495	421	436	426	477	484	462	451	434	452	522	508	442	463	465	422	513	417	443	460	527	406	440	483	483	481	496	462	521	493	436	487	414	483	483	473	471	425	489	449	502	385	472	440	460	502	465.04	129
119	490	455	470	480	493	421	431	424	472	479	462	451	433	452	521	508	442	454	451	422	513	406	443	453	527	406	427	483	483	473	488	459	520	480	436	476	414	482	483	472	458	425	487	449	497	383	465	433	457	501	461.8	128
120	490	455	470	480	493	415	431	424	472	479	462	446	432	452	521	508	440	454	451	421	513	400	434	453	527	406	417	483	470	473	481	454	520	480	430	467	414	471	482	472	458	414	477	447	497	383	459	433	457	501	459.38	127
121	484	455	468	480	493	415	431	424	472	474	461	445	423	448	520	508	428	454	451	421	513	400	430	453	521	406	407	483	469	473	481	454	517	470	429	453	402	468	472	469	458	403	477	447	496	383	459	433	457	501	456.78	126
122	484	454	468	480	493	414	430	424	467	467	456	445	413	448	520	503	419	454	440	421	511	400	430	453	521	406	397	483	468	470	481	454	512	458	421	453	402	458	472	462	458	401	477	447	496	383	459	433	455	493	454.28	125
123	484	454	468	480	493	414	430	424	467	457	447	432	413	447	519	495	419	449	440	421	496	397	430	442	510	406	397	483	463	461	481	454	499	450	420	445	402	458	472	451	458	388	470	447	496	383	451	433	455	493	450.88	124
124	476	454	465	475	483	409	430	424	466	457	442	427	413	447	518	495	413	449	440	421	496	386	424	442	507	406	394	479	463	461	473	454	499	442	420	445	402	457	467	442	458	380	470	445	495	383	451	433	448	493	448.38	123
125	476	454	465	469	482	409	430	424	466	457	442	427	405	444	512	495	412	442	440	414	496	386	424	440	506	406	394	477	452	461	473	454	497	434	420	445	401	457	455	440	458	380	470	445	495	383	451	433	448	489	446.7	122
126	476	454	457	469	482	400	430	424	466	457	442	427	405	439	512	487	407	442	440	414	491	378	424	440	497	406	385	470	442	461	472	454	489	433	413	445	389	456	455	434	458	380	461	435	487	383	444	433	448	485	443.56	121
127	476	443	450	469	482	400	430	424	466	457	440	427	402	439	512	482	401	442	427	414	491	378	415	430	495	406	385	466	426	461	471	451	489	433	410	435	389	456	455	434	458	376	458	423	479	382	443	426	448	485	440.74	120
128	475	433	444	469	482	400	429	423	458	457	439	421	402	439	511	482	401	442	414	414	481	377	405	428	495	396	385	466	423	459	471	451	489	433	402	435	389	456	452	433	450	376	457	423	475	382	443	418	448	485	438.36	119
129	475	428	444	469	481	400	429	419	455	455	428	421	402	439	507	480	401	442	410	414	471	362	405	428	485	396	385	456	416	459	471	451	479	431	391	435	385	456	452	433	445	376	457	423	475	382	431	418	448	484	435.7	118
130	469	426	444	466	481	400	429	419	446	443	417	421	394	439	507	480	393	442	405	414	471	362	394	427	482	388	385	455	416	459	471	440	474	431	391	425	379	449	452	433	445	376	445	421	469	382	431	409	441	476	432.28	117
131	469	426	443	463	479	387	429	419	445	432	409	415	382	439	500	480	393	441	405	414	464	356	394	427	482	388	385	455	416	459	469	440	474	417	391	425	378	439	452	423	444	376	445	420	467	376	430	400	441	476	429.58	116
132	469	426	436	463	470	383	428	419	444	431	405	415	382	429	500	480	390	441	398	414	456	356	386	415	476	375	383	446	403	445	466	438	471	417	382	425	378	439	452	423	444	375	439	420	464	366	430	400	431	468	425.84	115
133	468	426	436	463	468	383	417	419	443	424	401	411	382	429	500	480	389	440	398	406	456	351	383	406	467	369	383	440	403	430	465	438	465	417	382	415	378	439	452	422	433	369	439	420	454	365	428	400	426	468	422.92	114
134	468	425	436	463	468	370	414	419	442	413	401	411	382	425	499	480	378	433	398	406	456	346	373	403	467	369	383	440	403	430	461	438	463	417	371	402	378	439	450	415	432	368	430	407	447	365	418	385	419	468	419.48	113
135	468	422	436	463	468	370	414	418	442	413	399	411	382	423	499	469	378	433	398	394	456	345	373	403	460	369	383	437	397	430	447	429	463	417	359	395	374	439	447	410	432	368	421	398	445	365	404	385	419	468	416.76	112
136	468	422	429	463	468	369	414	418	428	413	399	409	382	422	499	464	378	433	398	394	456	345	373	402	460	366	381	437	384	428	440	429	455	417	359	386	374	439	447	410	432	353	421	397	445	365	404	384	419	468	414.92	111
137	462	422	427	462	468	369	405	418	428	413	395	405	382	421	488	457	372	432	398	393	454	340	369	402	459	366	381	437	383	428	440	427	447	417	359	386	374	439	447	398	424	353	421	393	445	355	404	383	410	468	412.52	110
138	462	422	427	452	463	369	405	418	428	408	384	405	375	421	484	457	372	432	387	393	445	337	363	393	459	366	381	437	383	427	440	425	437	414	359	385	362	439	447	397	422	342	421	393	445	349	404	368	397	463	409.28	109
139	458	413	426	452	463	369	405	418	425	404	383	405	364	421	484	448	372	432	386	393	445	337	363	385	459	364	381	437	372	414	440	425	432	410	359	385	362	437	444	397	421	335	419	380	440	344	404	361	397	461	406.62	108
140	458	413	426	446	463	353	401	417	425	404	383	405	364	420	484	439	361	432	386	380	445	337	356	372	446	353	381	427	368	414	429	425	432	410	359	374	362	437	444	381	413	335	419	371	440	343	401	361	397	461	403.06	107
141	458	412	426	441	463	353	398	417	414	402	378	405	364	420	474	432	361	431	386	368	444	337	356	372	446	338	373	427	368	414	429	425	432	398	359	368	362	436	444	381	413	335	404	370	440	333	401	361	387	461	400.34	106
142	451	412	424	441	463	353	398	417	407	401	377	405	364	415	473	432	361	422	386	354	442	337	356	360	446	338	360	426	368	411	429	425	432	390	359	367	361	432	441	381	413	335	404	370	431	323	401	361	387	461	398.06	105
143	447	411	416	437	463	353	398	417	407	401	377	399	361	401	468	424	347	414	381	350	442	337	345	360	446	328	360	426	368	411	420	413	419	372	359	367	361	432	441	381	403	335	403	367	430	323	401	351	387	461	394.42	104
144	444	411	416	436	463	353	396	408	407	390	374	389	359	401	463	424	344	402	372	336	429	329	334	360	446	328	359	424	368	411	420	411	419	372	350	367	353	432	441	370	393	335	397	367	419	322	397	339	387	461	390.56	103
145	434	411	416	436	456	342	385	400	407	390	372	389	359	401	462	424	340	402	371	329	418	319	334	345	446	328	359	424	365	409	410	411	419	364	349	366	353	417	430	370	393	322	397	367	419	322	397	338	387	460	387.28	102
146	434	406	416	436	456	342	377	400	407	390	372	389	359	392	458	424	340	394	356	326	418	318	334	345	446	314	359	424	365	409	410	405	418	364	344	365	353	408	420	370	393	312	396	355	416	312	397	338	382	460	384.48	101
147	432	406	416	429	449	339	377	400	407	377	372	389	346	392	458	424	328	394	355	326	418	318	334	340	446	307	359	419	359	408	410	397	418	359	341	365	350	408	413	370	393	312	396	355	416	312	396	337	382	459	382.26	100
148	422	406	416	419	440	338	377	389	407	377	372	388	345	392	457	424	328	393	341	313	406	303	334	340	445	295	346	417	359	408	410	397	413	359	341	365	334	408	402	370	393	312	396	355	416	312	396	337	382	454	378.98	99
149	422	406	416	419	426	338	377	389	407	377	372	388	345	392	451	416	328	393	333	313	406	300	334	338	445	295	339	417	359	408	409	397	413	355	341	365	333	408	401	370	379	312	396	355	416	299	396	336	381	454	377.3	98
150	413	398	416	419	412	338	377	389	407	376	358	388	343	391	451	404	326	393	330	313	406	300	332	338	445	295	339	411	359	408	409	396	403	355	341	365	333	408	401	366	379	311	383	346	416	294	384	336	371	443	374.3	97
151	413	387	416	404	412	338	363	389	407	364	344	380	343	391	451	404	319	381	330	313	400	300	332	338	445	295	338	411	357	402	399	394	402	355	341	365	332	405	401	354	367	311	383	344	416	293	384	332	367	443	371.1	96
152	413	387	412	395	402	337	349	389	396	354	344	378	343	391	451	404	319	372	330	313	400	287	332	337	445	295	338	399	357	389	385	386	402	354	341	363	332	405	401	353	367	311	383	343	416	293	384	322	367	443	368.18	95
153	413	386	412	395	402	336	344	389	390	352	344	378	343	391	451	398	318	372	330	312	390	287	329	337	439	293	327	399	348	389	374	386	399	353	334	357	332	405	400	345	367	305	374	343	416	293	383	322	356	443	365.62	94
154	404	386	412	386	399	335	344	386	389	352	339	375	339	391	451	398	311	368	330	312	386	287	323	333	438	287	317	391	348	389	374	386	399	349	334	357	327	403	400	345	356	290	362	343	407	293	376	319	356	443	362.5	93
155	404	381	407	386	399	335	344	386	377	352	329	375	339	391	451	384	311	368	330	312	376	284	323	333	438	287	317	391	348	389	361	386	389	335	318	351	321	393	400	334	356	289	362	340	407	282	375	318	356	433	359.06	92
156	404	381	407	386	396	330	328	386	374	352	329	361	339	381	451	384	311	368	329	312	375	284	311	330	437	287	317	391	348	388	354	383	387	325	313	345	321	382	394	334	350	289	362	328	406	281	375	306	341	433	355.72	91
157	398	381	395	382	396	319	328	374	365	342	321	349	337	380	451	372	311	358	329	312	375	284	311	330	437	287	317	391	348	385	354	383	379	325	295	345	315	382	394	332	349	289	362	328	406	281	373	306	333	433	352.58	90
158	391	369	395	381	396	319	328	374	364	342	321	349	337	380	451	358	311	357	329	299	370	272	308	330	434	287	316	381	348	384	351	372	372	325	282	345	315	372	394	332	333	288	361	328	405	281	373	300	333	431	349.48	89
159	391	369	390	381	396	319	316	374	356	342	307	334	337	380	451	345	299	357	329	299	370	271	308	327	430	277	306	366	348	384	346	372	372	325	277	343	315	372	380	332	333	288	361	326	404	280	363	300	333	426	346.14	88
160	391	362	390	378	385	319	304	373	354	342	307	334	333	380	450	345	298	356	325	299	370	271	308	327	430	272	306	366	347	384	346	363	372	325	277	329	311	372	380	332	333	276	361	314	404	280	363	298	328	423	343.86	87
161	390	357	375	378	377	319	298	373	354	342	299	334	333	380	440	336	292	356	319	299	370	271	305	317	430	272	305	359	333	369	339	363	372	312	277	329	311	364	367	332	333	276	361	313	404	280	350	298	324	418	340.1	86
162	385	343	375	378	377	319	297	370	354	342	291	318	333	367	440	329	287	356	319	298	370	270	304	317	416	272	305	346	322	368	339	350	365	311	277	326	311	350	367	332	333	271	345	305	404	280	348	298	324	418	336.44	85
163	372	332	365	374	375	319	297	370	354	330	290	318	331	359	435	329	286	351	319	297	370	270	304	317	416	255	305	345	314	368	330	350	365	311	277	326	311	342	367	332	333	258	342	300	395	274	340	285	324	418	332.94	84
164	367	318	365	374	373	319	297	367	352	327	290	306	325	356	433	329	277	351	314	297	366	270	303	301	416	242	298	345	312	368	329	348	364	304	274	326	310	342	356	328	333	258	342	300	395	272	340	285	312	418	329.88	83
165	367	307	365	373	367	319	288	366	352	324	274	306	322	356	429	323	277	350	314	297	360	270	303	301	416	226	297	345	312	368	323	348	364	304	274	326	310	336	354	328	332	257	342	288	382	264	340	285	312	417	327.2	82
166	367	307	355	368	367	319	277	363	348	324	274	298	322	355	429	323	259	348	306	297	360	265	303	293	415	224	293	340	312	368	310	343	349	304	274	326	310	322	354	322	332	255	342	288	378	253	340	272	312	413	323.56	81
167	355	306	348	364	367	318	264	350	344	310	274	296	311	355	417	308	257	348	306	297	360	265	298	287	415	224	293	327	309	359	301	343	349	303	271	326	310	320	348	322	318	255	340	288	371	242	340	272	310	413	319.48	80
168	355	306	348	364	360	318	264	349	333	303	273	296	311	355	417	302	257	334	306	282	360	265	298	279	415	224	287	317	307	353	301	330	349	303	271	317	310	320	346	312	305	255	337	288	371	242	340	272	308	405	316.4	79
169	355	306	348	364	360	318	254	348	333	303	273	296	310	344	405	301	255	334	306	281	360	260	298	279	415	223	287	317	307	352	301	327	348	301	261	315	310	307	336	307	302	255	337	288	371	242	340	272	308	397	314.34	78
170	353	305	333	363	358	318	242	344	333	303	273	282	310	344	405	301	255	329	306	271	360	251	297	279	413	220	283	304	306	352	301	327	333	289	261	314	310	307	333	307	299	243	336	288	371	242	340	272	308	384	311.16	77
171	353	305	333	360	354	318	242	334	332	298	273	282	302	344	405	300	250	328	306	271	360	249	297	276	410	219	282	295	305	345	301	327	321	289	245	310	310	307	331	307	297	241	332	283	371	232	324	272	305	384	308.34	76
172	350	305	331	359	354	318	242	325	332	298	273	282	300	342	404	296	240	328	306	269	354	249	287	262	410	219	281	292	305	345	301	319	321	289	245	302	307	291	315	307	286	241	319	283	370	232	321	272	305	384	305.36	75
173	349	301	322	359	354	318	242	321	323	296	273	282	285	337	404	282	240	328	305	253	354	249	273	258	408	218	281	282	289	343	301	319	321	288	229	302	307	291	314	291	286	237	319	283	370	221	319	271	305	375	301.56	74
174	349	297	322	358	353	311	242	308	323	283	272	282	284	337	395	277	227	317	305	253	354	249	269	258	394	207	280	282	287	343	300	309	321	288	229	290	307	289	312	291	286	237	309	282	362	221	313	271	302	369	298.12	73
175	341	288	316	358	352	311	229	307	314	283	257	281	284	329	395	275	227	317	300	253	354	249	269	258	393	207	274	282	287	332	300	308	308	288	229	290	307	288	312	280	286	237	309	282	359	216	299	265	302	366	295.06	72
176	341	286	300	357	352	311	229	307	309	277	257	269	284	327	390	262	227	314	300	253	353	249	269	256	381	207	267	272	287	319	300	308	298	278	229	273	302	285	312	279	286	236	304	282	359	216	295	265	301	355	291.5	71
177	340	278	300	357	352	311	229	307	309	265	253	269	284	327	390	262	222	301	299	253	353	248	258	248	381	189	253	270	281	316	286	308	287	277	221	273	302	281	310	276	270	236	293	282	347	216	295	264	301	355	287.7	70
178	338	267	289	349	345	301	228	307	304	265	253	268	271	327	376	261	222	297	299	253	342	248	258	247	381	189	253	270	281	301	286	295	287	276	221	273	292	278	310	276	261	235	293	271	345	209	294	250	299	345	283.72	69
179	326	265	277	349	345	289	228	302	291	265	239	267	257	327	375	261	218	297	288	253	340	240	258	247	381	189	243	270	277	301	286	281	287	274	221	268	286	278	295	276	251	226	293	270	345	203	294	250	299	345	279.86	68
180	326	265	277	349	335	289	226	294	289	265	239	267	257	327	361	261	218	297	279	246	333	240	258	241	381	186	243	265	277	294	273	280	285	274	218	268	277	275	281	275	251	226	283	256	338	201	294	249	289	344	276.44	67
181	326	265	265	349	335	286	226	283	289	254	239	267	257	326	359	261	218	297	268	246	331	240	250	241	380	186	235	265	262	294	271	280	278	274	216	268	277	275	281	275	238	226	282	256	333	195	280	249	276	344	273.48	66
182	325	265	258	343	332	286	225	283	289	245	233	261	255	315	359	261	210	297	268	245	319	240	250	241	373	186	222	264	247	280	262	266	278	270	216	268	277	273	281	275	237	226	274	256	333	195	279	249	276	340	270.16	65
183	325	252	258	343	332	286	224	272	289	243	233	251	250	314	359	261	196	297	261	241	307	236	250	241	373	186	222	258	235	268	262	264	278	270	216	268	277	273	281	271	237	226	274	254	333	195	279	237	274	340	267.44	64
184	325	252	241	343	332	286	222	272	287	228	217	235	237	314	358	261	196	297	261	241	307	236	250	234	361	186	222	256	230	256	262	264	274	270	213	255	277	273	269	270	237	226	274	238	329	195	279	237	273	333	263.82	63
185	312	247	228	329	326	286	222	258	287	226	217	235	236	299	357	257	195	287	257	241	307	236	250	234	358	185	205	256	230	248	262	253	274	270	212	255	264	267	268	270	236	226	258	226	319	195	279	237	273	321	259.52	62
186	298	241	216	317	320	272	218	258	287	215	217	235	236	299	357	253	194	287	253	232	307	236	250	233	345	185	205	255	222	234	247	248	272	270	212	254	264	266	257	270	236	226	258	221	319	195	266	237	272	320	255.74	61
187	298	240	215	317	319	272	210	252	287	206	217	235	236	285	351	243	182	280	242	231	288	234	250	232	345	185	205	245	211	226	247	248	256	270	210	237	255	252	253	262	236	226	258	221	306	195	249	236	272	320	250.96	60
188	298	240	215	306	319	271	210	252	287	206	217	232	235	271	337	227	182	271	242	231	288	232	250	216	345	185	189	245	210	226	230	246	256	270	210	236	255	252	235	248	226	221	258	213	296	195	236	220	272	309	246.38	59
189	298	234	203	305	310	255	210	252	275	190	216	221	235	268	337	227	178	258	228	231	287	232	250	216	345	185	187	245	198	226	230	245	241	270	195	236	255	252	235	248	226	220	258	204	291	195	236	220	272	309	242.8	58
190	297	234	203	305	298	252	210	239	275	183	216	221	234	268	337	227	170	253	226	231	285	228	250	209	345	182	186	237	198	226	228	229	241	270	178	230	255	252	235	248	223	220	257	204	279	195	225	220	271	308	239.86	57
191	281	226	203	305	294	239	210	232	275	183	216	217	233	268	326	227	170	237	226	229	284	228	248	209	330	182	176	226	198	226	218	229	230	270	160	217	248	252	235	248	221	220	248	198	277	182	225	219	261	300	235.24	56
192	278	226	203	304	289	239	210	230	258	182	215	201	229	267	317	227	153	237	226	229	273	226	248	209	330	182	176	224	198	226	218	227	230	270	148	217	246	252	235	247	221	219	233	198	277	182	225	219	255	300	232.62	55
193	278	226	203	304	289	236	210	230	258	182	215	201	229	267	305	214	153	223	226	226	256	226	239	201	330	182	165	224	197	219	205	226	230	268	148	217	246	251	224	247	216	219	225	196	277	182	218	207	255	300	229.42	54
194	266	214	203	302	288	236	209	230	257	182	204	201	229	266	289	198	137	222	226	225	246	224	239	200	330	182	165	224	190	219	205	220	230	262	148	216	244	240	220	247	216	219	225	182	277	179	216	207	246	289	225.82	53
195	259	214	197	302	272	236	209	229	257	182	203	190	218	259	280	198	137	222	226	225	242	219	226	200	321	175	165	219	190	212	204	220	229	255	148	213	231	240	210	240	213	205	221	181	277	179	216	206	233	289	221.88	52
196	259	214	179	289	272	236	209	228	257	179	203	190	218	259	280	194	137	218	219	209	242	219	210	200	321	172	165	219	173	212	203	204	229	255	148	213	230	236	201	233	202	201	220	180	265	178	198	206	224	289	217.94	51
197	259	214	168	288	263	236	192	228	257	166	193	177	218	254	280	194	137	210	219	206	242	212	210	182	321	172	161	215	172	211	188	204	223	249	148	200	226	236	200	233	201	199	219	170	265	178	185	206	223	274	213.68	50
198	255	214	168	288	261	234	185	215	241	165	193	170	218	254	280	178	137	210	208	200	242	212	210	165	308	160	161	208	167	211	178	204	214	249	148	198	226	236	198	218	201	199	218	164	265	178	185	192	223	274	209.72	49
199	255	214	159	288	261	229	169	215	227	146	192	165	218	254	280	177	137	207	201	198	242	212	208	160	295	160	161	208	156	211	163	204	210	247	148	192	226	227	183	218	196	190	215	159	259	178	169	184	223	263	205.18	48
200	255	214	159	280	247	224	169	199	227	136	192	165	218	254	279	176	137	207	192	196	242	212	208	160	295	160	161	199	138	209	163	204	208	233	148	192	226	218	183	218	196	190	214	146	259	178	168	169	223	254	202.0	47
201	255	196	159	279	235	223	169	192	227	135	192	165	216	253	274	173	121	207	192	191	226	212	203	144	291	156	160	199	138	209	163	196	208	232	147	173	221	201	182	218	195	190	214	146	257	178	167	169	215	236	198.0	46
202	255	181	159	276	221	223	168	177	218	134	191	159	213	253	274	158	121	206	192	188	226	211	202	144	291	156	160	186	138	199	158	196	208	216	147	173	221	201	182	207	192	190	206	145	256	177	167	164	206	236	194.56	45
203	255	181	144	273	221	223	168	177	215	134	191	159	212	244	274	151	121	206	190	188	225	195	187	144	291	152	160	186	132	191	158	196	208	213	147	172	204	193	182	207	192	190	205	145	244	177	167	164	206	236	191.92	44
204	244	181	144	254	220	223	164	177	215	134	191	156	198	228	257	148	121	206	190	188	225	181	187	144	281	152	146	180	131	191	151	196	193	213	143	170	204	186	180	190	180	189	205	144	244	174	166	152	206	236	187.58	43
205	236	181	142	252	220	208	164	177	215	134	191	156	198	228	248	147	120	206	182	176	225	181	175	133	281	137	145	179	112	180	151	194	192	211	142	169	204	183	180	184	180	183	205	144	244	165	155	150	194	236	183.9	42
206	223	181	126	252	208	208	164	177	215	134	177	153	198	217	248	147	120	206	168	165	225	171	175	133	271	137	140	179	112	180	151	194	175	202	142	169	204	183	180	184	176	172	195	144	244	165	155	142	194	236	180.34	41
207	206	181	125	252	195	205	164	164	202	134	177	140	198	217	235	147	120	197	165	165	225	171	175	133	255	137	140	175	112	180	151	194	170	202	139	169	187	173	180	177	176	172	195	143	244	165	155	142	177	236	176.78	40
208	202	181	125	245	178	205	164	163	201	133	170	138	191	199	235	139	111	183	162	156	225	171	175	133	240	136	140	159	97	180	143	194	170	201	132	155	187	173	179	177	173	172	195	143	244	165	152	141	177	236	172.92	39
209	202	172	125	243	162	195	162	155	194	129	152	125	190	199	218	139	111	183	161	145	211	171	166	125	232	136	140	159	88	172	143	194	170	200	132	139	187	172	178	167	173	165	182	143	244	164	150	135	177	236	168.26	38
210	189	170	125	238	162	177	162	155	194	129	152	125	190	193	205	139	111	167	155	137	201	159	147	115	232	136	135	159	88	161	143	194	170	187	130	139	187	153	162	156	172	163	182	140	244	158	150	128	176	236	163.56	37
211	189	170	125	238	162	177	162	155	194	129	138	125	190	193	201	121	111	164	155	135	193	146	134	104	232	133	135	140	88	161	141	193	170	187	119	139	179	153	158	154	170	163	180	140	228	154	150	128	176	236	160.36	36
212	188	170	114	222	162	174	147	155	192	129	137	125	175	175	201	119	111	163	144	135	193	144	125	101	230	133	135	140	88	161	138	193	170	187	119	139	179	153	145	154	167	163	164	140	227	154	139	128	159	223	156.58	35
213	188	170	99	222	162	173	147	155	192	126	123	124	175	175	201	107	110	147	144	135	187	144	125	101	230	132	135	140	77	160	138	180	155	187	119	139	176	144	129	154	162	149	164	137	227	153	122	123	141	211	152.32	34
214	171	162	99	208	162	172	147	147	192	107	123	105	175	160	201	90	110	147	138	133	187	141	125	101	215	132	125	140	77	152	125	180	141	186	119	139	159	144	115	154	162	149	149	131	227	153	115	111	140	195	146.76	33
215	170	146	90	193	161	163	147	140	177	107	109	86	163	141	186	88	110	133	138	133	174	141	125	101	209	132	112	140	77	148	125	180	141	174	114	139	157	128	113	146	161	131	149	130	224	153	114	111	125	195	141.0	32
216	154	141	90	193	160	163	139	123	177	107	108	84	145	139	186	88	102	115	135	123	161	126	123	98	209	126	112	140	77	148	125	180	138	172	114	138	157	128	97	130	161	125	149	130	224	153	97	101	124	187	136.44	31
217	154	141	90	181	160	163	125	123	167	107	105	84	143	139	175	73	102	115	135	123	161	126	123	98	209	126	103	140	77	141	123	171	138	172	114	124	157	128	97	121	159	118	149	130	221	153	97	101	124	185	133.82	30
218	135	134	89	180	147	163	123	123	157	107	104	67	142	139	174	73	97	99	122	108	161	114	116	82	206	126	100	137	64	140	123	168	138	172	104	124	157	122	97	121	151	103	147	130	221	152	97	88	124	185	129.06	29
219	115	120	78	178	147	163	123	114	153	107	103	62	142	135	159	71	97	99	122	93	153	114	115	82	191	125	100	137	60	140	123	161	121	166	104	113	140	121	82	117	150	103	147	130	208	152	97	88	116	167	124.08	28
220	99	119	78	178	135	159	123	114	153	107	100	62	142	128	159	71	97	92	114	93	139	111	115	82	191	118	82	122	60	126	118	161	102	165	104	113	125	118	82	117	150	103	140	124	208	152	96	87	116	167	120.34	27
221	99	112	78	178	134	140	122	112	153	104	85	53	142	127	159	69	89	92	113	85	139	110	105	78	174	118	82	105	60	109	118	152	102	164	104	113	117	107	80	100	145	103	125	116	206	152	96	87	116	162	115.82	26
222	98	112	75	171	134	140	120	112	150	104	74	53	142	112	159	57	89	92	112	66	127	100	105	63	168	109	82	105	56	109	110	146	94	164	90	113	117	107	61	97	145	87	107	115	204	152	96	87	116	160	111.28	25
223	97	97	74	171	131	140	117	97	150	103	74	53	139	93	159	56	89	92	112	49	123	88	105	43	167	94	81	99	56	109	110	128	94	158	73	113	117	107	61	97	145	87	107	115	189	152	96	87	101	156	107.02	24
224	95	94	72	171	128	137	107	96	143	100	74	52	137	93	157	46	88	86	111	39	108	88	105	35	157	93	80	99	56	109	93	127	89	149	65	110	114	103	61	95	145	87	107	115	181	152	95	73	83	155	103.1	23
225	95	94	71	169	120	137	90	81	125	100	72	52	137	93	157	46	82	86	111	39	100	88	89	35	149	76	77	99	55	109	93	110	89	140	65	110	106	103	60	95	145	84	102	115	164	152	79	63	79	147	98.7	22
226	95	94	71	156	120	120	84	81	115	100	72	49	137	92	157	45	80	76	111	39	99	80	87	35	149	76	76	94	55	93	93	100	89	121	65	110	106	103	60	77	145	84	85	113	156	139	76	59	74	145	94.76	21
227	95	94	65	138	114	106	84	81	114	99	65	48	124	81	144	45	80	63	110	39	99	65	87	25	148	76	76	85	55	93	85	90	81	121	65	95	106	94	54	77	145	82	67	113	156	124	58	51	74	131	89.34	20
228	95	94	65	138	114	104	84	80	111	99	65	48	116	69	144	45	80	44	109	39	98	65	70	24	148	74	60	82	49	79	84	90	65	121	65	83	89	94	52	77	145	81	67	94	144	124	58	51	74	131	85.62	19
229	90	91	64	123	97	104	84	80	111	99	65	48	116	69	131	45	79	41	109	39	97	55	70	23	148	74	60	76	48	79	83	73	64	113	65	83	89	91	34	74	145	81	63	94	144	124	58	48	74	129	82.88	18
230	90	90	61	106	83	104	66	79	95	99	52	47	115	69	131	45	79	39	109	39	78	37	70	23	134	73	59	74	48	68	83	62	63	95	64	83	89	85	33	74	144	80	63	86	135	118	58	47	74	128	78.52	17
231	89	84	61	106	77	95	66	79	80	99	50	47	98	69	115	45	79	39	93	39	61	37	70	23	134	57	57	74	48	67	73	62	63	94	64	83	89	85	33	74	144	80	44	70	135	118	50	47	74	126	74.92	16
232	87	82	46	106	77	89	66	79	64	99	50	32	98	69	115	44	79	39	93	39	61	35	67	23	134	56	57	74	44	66	73	62	63	90	64	75	81	85	33	74	131	80	44	52	118	118	50	47	74	110	71.88	15
233	87	69	45	106	58	88	66	77	49	99	32	32	98	69	105	44	79	39	78	39	58	34	67	23	116	42	57	74	44	66	61	62	63	77	55	64	79	78	33	67	118	80	28	52	105	104	44	45	74	109	66.76	14
234	68	68	40	93	55	88	61	62	43	92	29	32	86	69	89	44	79	39	76	39	54	34	67	22	99	42	46	63	36	57	56	57	62	63	55	63	78	75	32	67	105	80	28	47	87	88	38	44	71	92	61.2	13
235	65	64	40	77	55	76	61	44	40	84	20	32	86	69	84	44	67	39	76	39	54	34	67	22	99	40	46	63	20	57	56	57	61	62	47	63	73	74	32	56	105	80	28	47	87	88	38	44	71	78	58.22	12
236	65	64	40	69	55	74	61	41	27	73	20	32	86	56	71	29	64	31	61	33	40	34	65	21	99	39	46	48	20	57	56	56	43	46	47	63	73	74	31	56	105	80	28	46	69	73	37	44	61	78	53.74	11
237	64	64	40	69	49	61	61	41	27	67	20	32	73	55	69	29	44	31	56	33	40	21	51	21	85	39	31	29	20	45	45	56	43	45	47	61	72	58	31	56	96	61	18	30	69	73	37	44	57	78	48.88	10
238	64	64	22	65	49	48	53	31	27	67	19	32	73	52	66	29	44	31	52	33	40	17	51	21	69	38	30	28	20	45	45	54	43	45	43	53	72	58	11	44	79	47	3	30	50	55	37	44	57	61	44.22	9
239	45	50	15	65	49	47	53	31	9	67	19	26	67	39	50	21	44	31	39	33	35	14	34	20	63	30	30	28	20	29	45	51	43	32	35	45	72	43	7	43	79	47	3	30	50	55	34	44	44	53	39.16	8
240	39	36	14	64	49	46	49	31	9	54	19	26	66	33	44	18	38	31	26	25	27	13	15	20	61	30	22	10	20	29	43	47	43	20	35	45	71	28	7	43	79	46	1	30	50	54	18	38	44	39	34.9	7
241	39	32	7	46	45	26	41	30	8	54	18	10	62	32	38	16	19	31	26	25	27	13	14	20	61	26	14	10	3	29	33	47	43	20	35	42	71	28	7	43	79	31	1	11	33	54	18	20	35	29	30.04	6
242	26	32	7	46	28	26	32	29	8	35	8	10	52	13	24	6	19	31	6	19	27	13	14	19	61	26	14	10	3	29	33	46	43	0	15	41	71	28	6	35	62	31	1	11	33	52	18	19	23	29	25.4	5
243	26	17	7	46	27	26	20	14	8	16	2	10	44	13	13	6	19	31	6	0	27	11	13	17	45	26	14	10	3	19	27	46	41	0	11	35	59	9	6	16	45	23	0	7	22	32	16	19	22	27	19.98	4
244	12	17	4	34	27	25	20	14	7	16	2	10	28	11	13	6	9	16	6	0	27	6	12	0	45	26	14	10	3	19	27	27	28	0	11	34	47	1	6	16	29	20	0	7	21	16	16	19	14	25	16.06	3
245	12	17	3	14	11	25	3	14	7	15	0	0	8	8	13	0	1	16	6	0	9	6	11	0	30	18	14	10	0	19	27	16	28	0	1	34	30	1	5	16	20	3	0	7	20	2	16	19	12	8	11.1	2
246	12	3	0	11	0	9	2	14	0	0	0	0	0	0	12	0	1	0	6	0	6	0	0	0	11	18	14	9	0	19	19	16	13	0	0	16	17	0	0	0	1	0	0	1	20	2	0	19	0	8	5.58	1
247	0	0	0	0	0	0	0	0	0	0	0	0	0	0	0	0	0	0	0	0	0	0	0	0	0	0	0	0	0	0	0	0	0	0	0	0	0	0	0	0	0	0	0	0	0	0	0	0	0	0	0.0	0

