49.99745537112435
51.915378506554546
53.77918213950159
53.81664690617865
54.5009619256409
54.92263768958884
56.02676054762655
55.87700774014584
56.19077446199277
57.02006062368577
56.07080220124383
56.70974453044608
56.69156860990561
57.79130687664983
57.79755380072481
57.65934410093507
57.38078273902734
57.90901973066086
57.511548700281836
57.111896559438065
57.94792738579929
57.65545725023492
58.02710728826449
57.92965079862196
57.62289718580826
57.75803655317434
58.26096147823363
58.36659992841491
57.329370050557
57.946417386246665
58.00040266654738
57.604682117131226
58.477914858395586
58.245442038387566
57.97476063710799
57.99975951858978
58.03654198917266
58.28176032392286
58.4098977674377
59.108507449331135
58.42387924477649
57.86693548387094
58.24098474341191
58.1921670171357
58.19216701713567
58.682933649501145
58.355034450360144
58.446299941837076
58.47434678537876
58.39905373361373
58.82943156905732

