50.084666666666664
52.564166666666665
52.55316666666667
53.36183333333332
53.522333333333336
52.6135
53.78883333333332
54.028333333333336
53.53333333333337
53.30549999999998
54.04249999999999
54.67283333333333
53.7
54.01483333333334
53.653000000000006
54.76316666666664
55.56666666666668
56.12083333333335
56.08883333333333
55.1775
54.84916666666669
56.040499999999994
55.98783333333335
55.5165
55.55200000000002
55.14066666666664
54.55083333333335
55.93766666666665
56.87433333333334
56.55316666666669
56.06983333333334
55.67983333333334
56.52666666666667
57.15166666666666
55.721999999999994
54.55033333333334
54.75766666666668
55.17483333333334
56.86566666666667
55.99533333333333
56.56283333333333
56.824666666666666
55.72000000000003
55.848500000000016
54.681833333333316
56.52816666666667
56.12533333333334
56.27300000000002
55.27366666666666
54.74299999999999
55.87516666666665
54.92666666666667
55.663499999999985
55.799833333333346
56.17449999999998
56.50616666666666
55.66516666666666
55.74266666666667
56.01000000000001
55.554833333333335
55.674666666666674
57.55899999999999
57.14516666666667
57.37183333333334
55.62866666666667
57.28299999999999
57.04900000000001
57.175333333333334
57.84750000000001
56.49416666666664
57.408666666666655
56.82366666666666
56.09333333333332
55.864666666666665
57.27216666666668
55.889833333333335
54.60033333333335
55.17733333333334
55.512666666666675
55.17916666666667
54.614333333333356
54.912499999999994
55.72849999999999
55.33766666666665
55.105666666666686
56.02716666666666
55.27833333333332
53.90483333333332
55.593
55.96283333333333
55.278499999999994
55.07149999999999
56.54733333333335
54.83933333333333
56.20766666666667
57.35583333333335
57.36966666666665
55.34733333333334
54.89316666666667
56.663666666666636
55.70716666666665

