48.73055555555554
53.09761904761904
52.450793650793656
53.659126984126985
53.03253968253968
54.649603174603165
54.62738095238093
55.456349206349195
53.033333333333346
54.90039682539681
54.58650793650794
55.96150793650795
55.31666666666668
54.28134920634922
55.622619047619025
56.71666666666667
55.72182539682541
55.461111111111094
53.96388888888889
54.883333333333326
55.92460317460316
54.809523809523796
53.847222222222214
57.80873015873017
56.68293650793649
56.34880952380953
55.24484126984125
57.79642857142857
58.592063492063495
56.17579365079365
56.48253968253968
57.68968253968253
55.15912698412699
55.256349206349185
54.99087301587304
54.64047619047617
54.89166666666665
55.44761904761902
55.17103174603173
55.645238095238106
54.3138888888889
54.95357142857142
55.34999999999999
57.46309523809524
54.447222222222216
53.7781746031746
56.725
56.78611111111111
56.674206349206344
57.44047619047619
55.13650793650794

