48.88718123861567
54.098695489124616
58.093760045001595
57.638386638808534
60.01972168648882
60.77276197364192
60.56131468981033
60.65088262080789
61.427193828351
61.56447551698274
63.32703846565948
63.40170631093969
61.238180381442184
60.731577467052404
62.485936997749924
60.97064850530375
62.615852351869705
63.32050921461481
61.878214400514295
62.665742526518805
61.89478865316619
62.82796930247512
62.30211346833816
62.975630826100925
62.36255089467482
62.72601253616198
63.132835101253626
61.27233338690669
62.19697578484945
63.365376888460304
63.05649308903891
62.575002678667104
62.1057336869174
63.099519179256404
63.33591155041252
62.60915568413158
62.556921675774156
63.48759107468123
63.37140388942461
63.448248151719696
63.13049126754527
62.42449507125254
61.181928372441874
61.945683327976
62.85475597342762
62.5185832529733
61.709290956819885
60.6709726240223
62.572826261652196
62.02972650808957
63.37324547305262
63.266098789242484
63.03138058502089
62.20350503589417
62.84052555448408
63.02418166720242
62.71178211721848
62.268295296260575
62.688511196828465
63.40338047787424
63.827446962391534
64.28951703632274
63.323857548483865
64.05647299903569
64.49929015321977
64.23694819457837
63.92488347798135
63.27363254044789
62.71747428479589
63.33373513339762
64.4520786456659
64.21484919104255
64.45726856316297
63.834143630129645
64.14202292939034
62.44860307510982
64.5831659166399
63.27597637415623
60.821312814743386
61.91035840565734
63.9846512375442
62.99203766205936
63.4623111539698
63.1962860280724
62.21505678774242
63.48256857387764
63.255886370941816
62.903809064609476
62.893429229615364
63.525594664095145
63.79329395692702
63.83548296367727
63.816230043930155
61.92559332476159
62.50518991749704
62.013654505518055
61.56347101682202
62.264779545698055
62.70140228222437
62.77908362798671
63.44339306760954

