49.78720170238638
50.05585955312357
53.618711050311596
50.63174494604043
52.735788113695094
53.09184526523788
52.132162942696446
55.02127982976136
53.448472412220696
54.09712722298221
54.6314029487764
53.34302325581396
54.16685666514669
53.32440340477278
56.0436616507068
53.34093327253382
54.18034655722755
55.5796853625171
54.16685666514668
54.95915032679738
56.5636874905001
56.20516035871713
55.25706794345643
54.44425444596443
55.11076911384709
55.0640294877641
56.541267669858655
54.13493692050464
56.84469524243806
56.88782489740082
56.08869129046967
54.82577139382884
55.644664842681244
56.11795105639153
56.71663626690987
56.39002887976896
54.221196230430145
54.67149262805897
54.942050463596324
54.97872017023864
54.21720626234988
54.96048031615748
56.73202614379085
55.74308405532755
56.633796929624566
53.87292901656786
55.48202614379084
54.612593099255214
54.29852561179509
55.75752393980847
58.25087399300807
56.02865177078584
55.57816537467701
57.30430156558749
56.11795105639155
57.26117191062471
56.05848153214773
56.85875512995893
57.55034959720323
57.13406292749658
56.09629122967016
56.53480772153825
56.28058975528197
54.90804073567411
56.9187946496428
57.321021431828534
57.10689314485482
57.02253381972944
56.53480772153825
56.79453564371485
57.4794801641587
55.029829761361924
56.7595759233926
56.36532907736736
55.417616659066724
56.17704058367532
54.73248214014286
55.29525763793889
54.90272077823379
54.840021279829756
56.09021127830975
56.98396412828697
55.8143334853321
56.645006839945246
56.3111795105639
56.704286365709066
56.33986928104575
58.262083903328765
56.8467852257182
56.35107919136648
57.343251253989976
56.37843897248821
56.73354613163095
55.896982824137396
54.983660130718945
56.68490652074784
56.61270709834324
55.935172518619844
54.866621067031474
56.779145766833885
56.050881592947256

