50.01031746031745
51.94920634920634
53.54880952380954
54.13968253968253
53.1809523809524
53.37579365079365
53.72976190476191
52.55674603174603
54.16428571428571
54.55396825396828
55.12936507936508
52.90277777777778
54.240873015873035
52.774206349206366
53.67063492063491
53.349999999999994
53.33650793650793
53.23174603174603
51.843253968253975
54.54325396825398
55.33174603174604
53.966269841269856
56.12103174603173
57.19166666666665
53.23412698412698
55.554365079365084
56.40317460317462
56.06706349206348
55.18809523809526
57.35119047619048
55.10714285714287
56.88690476190478
56.953174603174595
55.461507936507914
56.108333333333334
54.76666666666665
54.29722222222221
55.580952380952375
55.461904761904776
57.77182539682541
53.53015873015874
56.44880952380953
55.779761904761905
55.41428571428572
54.75039682539684
57.4638888888889
56.924206349206344
56.76825396825398
56.73888888888888
57.03373015873016
56.448015873015876

