# Extinction sequence for 721 applications  and 247 platforms.
# This is the data and average for 50 different extinction sequences.
0	721	721	721	721	721	721	721	721	721	721	721	721	721	721	721	721	721	721	721	721	721	721	721	721	721	721	721	721	721	721	721	721	721	721	721	721	721	721	721	721	721	721	721	721	721	721	721	721	721	721	721.0	247
1	721	721	721	716	715	717	719	721	720	718	715	716	717	721	721	720	721	721	721	720	721	721	721	720	721	716	721	718	718	719	721	716	719	721	721	721	721	716	719	719	720	721	721	721	721	719	721	721	721	720	719.56	246
2	720	721	721	714	713	717	719	721	719	718	715	710	717	721	721	720	720	713	721	720	721	717	718	720	721	716	714	713	716	719	717	715	715	717	721	721	721	716	719	715	718	721	721	721	721	715	721	721	720	718	718.2	245
3	719	721	721	714	713	717	719	721	714	713	715	710	717	721	721	720	720	713	721	720	717	714	717	720	721	716	714	713	716	716	717	710	709	717	721	716	714	716	716	715	718	721	720	721	721	710	721	718	717	718	717.0	244
4	714	721	721	713	706	712	718	721	714	705	714	710	713	721	721	720	716	708	721	717	713	714	717	720	720	716	710	713	712	708	713	705	702	717	719	714	714	714	710	715	718	721	714	721	721	705	721	718	715	718	714.88	243
5	714	721	717	707	706	712	713	721	714	705	709	709	710	721	716	717	716	708	721	716	711	713	714	720	720	716	710	711	712	708	709	699	702	717	719	714	714	714	710	714	710	721	714	719	721	703	713	715	715	718	713.38	242
6	710	721	717	706	706	712	713	721	713	705	709	709	710	720	712	715	716	708	717	715	709	713	713	720	720	710	710	711	707	705	706	698	702	717	719	711	714	714	710	714	710	718	712	719	719	703	713	715	715	718	712.4	241
7	708	721	717	706	706	712	712	721	713	705	702	709	710	720	710	715	716	707	717	712	707	713	713	720	720	709	710	708	707	705	703	698	701	717	719	709	710	714	710	714	710	718	712	718	718	703	713	713	715	714	711.6	240
8	708	721	713	705	706	712	708	718	713	705	696	707	709	717	709	714	716	706	717	712	706	713	710	720	720	709	710	708	703	705	703	698	701	714	713	709	710	714	709	713	710	718	711	715	718	703	708	707	715	713	710.36	239
9	708	719	713	705	706	711	708	712	700	700	695	707	708	717	709	713	716	706	711	712	706	713	705	720	720	705	710	708	702	705	703	698	701	714	713	707	708	714	707	713	710	718	710	713	718	699	708	707	715	710	709.12	238
10	704	713	712	703	706	711	705	712	700	697	695	707	708	713	708	713	716	706	711	707	705	713	705	720	718	705	704	707	700	705	703	698	697	714	711	707	708	714	702	709	710	718	704	709	718	693	706	705	715	704	707.48	237
11	704	709	711	703	703	707	705	710	700	695	695	703	708	709	708	708	716	706	711	707	702	713	705	720	718	705	701	701	700	701	703	698	697	711	707	707	703	712	702	709	710	716	698	706	718	692	706	705	715	704	706.06	236
12	704	709	711	703	703	707	705	710	695	693	695	703	708	709	708	706	716	706	709	703	702	712	705	716	717	697	701	699	700	701	697	689	694	711	707	707	703	712	700	706	710	710	694	703	713	692	706	700	711	704	704.44	235
13	704	709	710	703	703	703	703	710	695	692	694	703	704	707	708	706	711	703	709	703	702	712	702	712	714	697	701	697	700	701	694	685	694	710	703	706	701	712	700	705	710	705	685	697	710	692	706	700	706	704	702.86	234
14	704	709	705	703	703	703	703	710	693	685	690	703	704	707	707	706	710	700	705	700	702	712	700	711	714	691	701	696	700	701	694	685	692	710	703	706	697	712	700	704	709	694	685	696	710	692	706	700	706	704	701.66	233
15	704	707	704	703	703	703	703	708	693	685	690	695	704	705	705	706	707	698	704	696	701	709	700	710	711	690	700	687	694	699	694	685	692	709	703	703	697	712	694	704	709	690	685	691	710	692	706	700	706	698	700.08	232
16	704	707	704	703	703	703	703	703	692	678	686	694	701	703	705	704	707	693	704	694	701	709	700	710	711	690	700	682	693	699	685	685	685	709	703	694	697	712	693	704	709	690	682	690	706	692	706	696	706	693	698.46	231
17	704	706	704	703	703	695	703	703	692	677	684	693	701	703	702	697	702	693	704	694	701	709	700	702	703	690	699	681	693	699	684	685	685	709	698	690	690	712	687	704	707	690	681	688	706	687	702	696	706	692	696.78	230
18	704	706	704	699	703	695	703	703	692	671	684	693	697	703	702	697	702	693	701	690	701	709	700	702	699	689	698	680	692	699	683	685	685	708	698	690	689	712	687	704	701	684	678	688	706	681	702	684	706	692	695.48	229
19	704	706	704	699	703	695	698	702	692	668	679	693	696	703	701	696	702	693	700	690	701	709	700	697	692	687	698	674	690	699	683	676	685	708	696	690	689	712	687	704	700	680	678	688	695	679	701	681	706	686	693.9	228
20	704	700	704	697	697	695	696	702	692	663	673	688	696	703	697	696	700	687	699	689	701	709	699	696	692	686	696	672	685	694	683	675	685	708	696	687	688	712	687	704	699	680	678	688	695	673	696	681	706	685	692.28	227
21	704	699	697	697	694	692	694	702	692	663	673	682	695	703	690	696	698	687	698	689	699	709	699	688	689	686	696	672	685	694	683	675	679	708	696	679	688	706	687	704	699	679	678	688	693	669	695	674	706	682	690.6	226
22	704	699	697	696	694	692	694	696	692	663	673	682	694	703	690	696	698	681	697	684	697	703	699	688	686	686	689	672	685	694	681	675	676	708	690	674	685	705	687	704	699	676	678	688	693	668	694	669	706	682	689.24	225
23	703	697	695	695	694	688	693	695	692	652	668	679	694	703	690	696	698	676	697	680	697	703	696	688	686	686	682	672	684	693	678	669	676	707	690	674	685	703	687	701	699	668	678	687	689	668	694	666	706	682	687.58	224
24	703	697	695	695	690	687	691	687	692	650	661	679	694	698	690	695	693	676	697	677	697	701	696	688	686	686	678	672	683	687	678	662	675	703	690	673	680	700	687	701	697	668	678	687	687	667	694	664	704	677	685.86	223
25	699	690	690	695	690	687	691	685	692	650	661	677	694	697	683	695	693	676	696	673	694	701	696	684	686	681	671	667	683	682	678	662	670	703	685	673	680	700	687	699	697	661	678	681	681	667	694	664	703	671	683.86	222
26	699	690	688	692	683	685	686	681	692	650	661	673	692	697	678	694	690	676	696	669	692	701	696	679	685	680	671	667	678	682	678	659	664	703	684	672	680	700	687	695	697	661	678	680	681	662	694	664	703	671	682.32	221
27	699	685	681	692	676	682	683	678	689	650	661	671	689	691	676	694	688	676	695	668	692	697	696	679	685	677	671	664	678	680	672	658	657	698	684	672	680	700	685	694	697	660	678	678	675	658	694	664	701	671	680.38	220
28	699	685	681	692	676	682	682	677	686	650	660	670	682	685	676	694	688	676	695	668	692	697	696	679	685	676	670	663	678	680	670	658	657	698	684	667	680	695	685	694	689	660	678	678	673	655	693	660	701	668	679.26	219
29	699	683	673	688	676	674	682	677	686	644	659	670	682	685	673	694	688	673	695	668	692	697	696	676	681	676	670	663	673	680	670	653	649	695	679	659	680	695	683	690	689	659	678	672	673	650	686	660	697	665	677.1	218
30	699	681	666	688	676	670	682	677	686	644	659	664	682	680	673	693	680	673	688	662	686	697	696	673	674	671	670	654	671	674	669	653	649	690	679	658	680	690	683	689	682	659	678	665	673	645	686	655	693	665	674.6	217
31	699	681	665	688	675	670	682	677	681	644	659	664	682	674	673	690	680	673	688	662	686	695	695	673	674	671	670	654	669	674	665	653	649	690	679	658	680	690	683	689	676	659	676	659	673	637	683	649	693	665	673.48	216
32	698	681	665	687	675	670	682	677	680	644	659	664	677	674	673	690	680	672	683	662	681	695	695	671	674	671	669	654	669	674	660	653	649	689	679	655	680	690	683	689	674	659	676	659	669	632	680	649	689	663	672.46	215
33	695	681	665	687	675	669	682	677	680	639	654	661	677	673	671	687	680	668	677	662	681	695	693	671	674	669	669	650	669	672	660	653	649	686	679	651	680	690	681	689	674	659	676	659	669	632	680	647	688	662	671.34	214
34	695	681	665	687	675	669	682	677	676	639	652	661	674	673	671	687	679	667	677	657	679	693	693	671	670	669	668	644	668	669	659	650	649	683	675	650	680	686	676	689	674	659	675	654	664	632	680	647	685	660	669.9	213
35	690	676	665	687	675	667	682	676	676	637	652	661	673	673	671	686	679	666	677	653	679	688	693	671	664	663	667	639	668	667	659	650	649	681	672	650	680	684	674	689	674	659	675	654	657	631	676	647	682	657	668.42	212
36	690	676	660	681	675	666	677	676	675	637	652	655	670	668	671	681	679	666	677	653	679	688	690	671	663	659	667	639	666	667	653	649	645	681	672	644	679	684	674	684	667	659	670	654	657	631	676	646	680	654	666.66	211
37	690	676	655	681	675	666	676	676	674	637	651	649	670	668	664	680	676	666	675	653	676	688	689	671	661	655	660	635	666	667	653	649	645	677	671	644	679	683	670	683	667	659	664	653	657	631	676	646	680	651	665.28	210
38	690	676	655	681	671	666	676	676	673	633	651	649	668	666	664	674	676	666	672	653	676	681	689	671	656	652	660	635	665	667	653	647	645	677	671	637	676	680	667	683	666	654	662	653	657	631	674	636	680	650	663.74	209
39	686	672	655	679	671	666	676	676	673	631	651	649	668	666	660	674	675	664	672	653	671	678	683	671	655	652	658	630	663	660	653	644	641	672	671	637	670	680	667	683	665	654	662	653	657	631	674	636	672	648	662.16	208
40	681	672	650	679	671	664	669	676	668	627	647	643	661	666	654	674	675	663	672	653	671	678	680	671	649	652	658	623	663	660	653	644	641	667	665	637	670	680	664	683	665	654	654	653	657	630	673	630	670	647	660.14	207
41	677	664	646	679	669	662	669	676	668	627	647	643	661	662	652	671	675	661	672	650	671	670	680	671	649	652	657	619	663	660	653	644	635	667	665	637	670	671	657	683	663	654	654	653	657	630	669	628	670	647	658.6	206
42	677	664	641	675	669	662	669	676	666	620	646	643	654	655	651	665	667	655	672	650	668	663	680	671	649	652	657	619	663	660	647	644	635	667	663	637	670	666	656	681	659	650	648	653	650	630	669	621	670	647	656.44	205
43	677	660	639	675	669	661	663	676	657	618	645	643	654	655	651	665	667	651	669	650	668	663	673	668	649	652	657	619	663	660	640	644	635	659	657	636	670	666	652	681	658	650	648	653	643	627	669	621	670	647	654.86	204
44	677	659	639	674	664	661	663	675	657	618	645	635	654	655	651	660	658	651	662	650	667	660	673	668	649	651	656	614	654	652	639	641	634	659	657	634	669	666	652	681	658	647	646	648	643	620	669	612	670	640	652.74	203
45	677	659	636	674	658	661	658	675	652	610	645	635	654	646	651	655	656	651	659	650	665	660	671	668	649	649	655	614	654	652	639	640	634	645	657	629	663	665	652	678	658	641	642	646	641	616	669	612	662	636	650.48	202
46	677	651	636	668	658	661	658	675	652	608	640	635	654	641	651	655	656	642	659	650	663	655	671	665	649	649	652	614	652	652	639	640	634	645	657	629	663	665	652	678	658	641	635	645	636	615	662	612	662	630	648.94	201
47	677	650	636	661	656	656	658	670	652	608	640	635	645	641	650	655	649	642	659	650	663	655	667	659	647	649	646	614	649	641	639	634	634	645	654	627	663	658	652	678	655	638	635	645	632	609	661	612	662	630	646.86	200
48	677	645	632	656	656	655	658	669	652	603	638	635	645	635	643	655	648	642	659	650	663	652	654	658	642	648	638	611	649	637	632	626	634	645	648	627	660	654	652	678	655	637	635	645	629	609	661	612	662	630	644.72	199
49	669	644	632	656	656	651	658	668	646	603	638	635	645	635	643	655	648	642	659	643	663	652	654	658	642	648	638	611	643	637	630	624	632	645	642	625	658	654	646	678	655	635	632	645	628	608	661	612	662	622	643.32	198
50	668	644	632	656	656	648	657	665	639	603	638	635	639	635	643	655	648	637	659	638	663	646	651	658	638	648	638	611	637	637	630	622	632	645	634	622	651	651	646	678	648	629	630	645	621	608	661	612	662	622	641.42	197
51	664	644	632	644	655	647	657	665	639	603	638	628	639	629	637	648	648	634	650	638	663	643	651	658	638	648	629	611	633	637	629	622	632	639	631	622	651	650	646	678	648	629	630	645	621	608	661	612	662	622	639.76	196
52	664	636	632	644	654	637	657	663	639	603	633	627	634	627	630	645	648	634	650	632	663	640	645	658	638	642	626	606	629	637	628	622	631	639	629	620	646	649	646	678	648	629	626	643	621	602	659	610	656	622	637.54	195
53	664	631	632	641	654	637	655	662	639	603	633	623	628	625	630	637	648	631	642	624	661	637	645	654	638	642	626	606	629	637	628	621	627	639	624	617	639	645	646	678	643	629	619	643	621	601	659	610	652	622	635.54	194
54	662	631	632	634	654	637	655	659	639	597	628	617	628	625	630	634	643	631	639	624	659	637	642	654	633	637	623	606	629	627	628	621	626	636	620	613	639	643	641	678	640	620	616	632	617	600	659	603	650	622	633.0	193
55	661	630	629	634	654	637	654	659	639	597	628	617	622	625	630	634	643	631	639	617	653	634	642	649	628	632	623	604	629	627	628	621	625	627	618	613	638	643	641	678	638	615	616	631	617	600	658	598	649	620	631.5	192
56	661	630	622	631	653	637	653	657	633	586	623	616	622	623	630	634	643	631	638	617	652	626	642	649	628	632	617	604	623	627	628	618	625	627	616	613	638	643	640	678	638	609	611	631	616	600	656	598	646	620	629.82	191
57	661	626	613	624	646	637	648	657	632	585	622	610	622	623	630	634	643	628	638	611	652	626	642	648	622	630	617	602	623	627	628	618	618	627	616	611	638	638	633	673	631	609	611	631	616	600	656	598	646	620	627.94	190
58	661	626	613	616	646	636	640	657	632	583	622	608	622	623	630	634	643	628	638	607	648	626	640	640	622	630	607	600	621	627	628	618	618	627	610	611	638	634	633	673	625	609	610	631	615	600	656	598	646	610	626.32	189
59	661	626	609	616	643	636	640	657	629	583	622	607	622	623	625	634	643	625	637	607	648	626	635	640	618	630	607	600	619	626	622	618	618	624	610	605	626	628	633	673	625	608	609	631	615	600	656	598	646	607	624.92	188
60	659	626	609	611	641	636	640	657	621	577	622	607	622	616	619	634	643	625	637	607	648	620	635	638	610	621	606	600	615	621	622	618	614	617	610	599	619	624	632	673	625	606	609	629	615	600	656	590	646	607	622.68	187
61	657	626	609	606	640	632	640	657	617	577	622	607	615	613	615	634	643	625	637	607	648	620	634	638	610	613	605	600	615	617	622	610	609	611	608	596	618	624	631	671	618	606	602	626	615	594	656	590	646	604	620.72	186
62	657	626	609	606	640	631	640	653	617	577	616	605	615	605	611	634	635	616	632	607	640	613	628	638	610	613	605	600	615	617	622	610	609	604	608	589	618	624	627	668	611	605	602	626	606	594	651	590	646	604	618.5	185
63	657	626	606	606	640	631	640	653	617	569	616	605	615	605	611	631	635	602	629	607	640	612	628	638	607	609	603	600	604	617	617	603	608	601	608	586	613	624	627	668	608	602	595	626	606	593	651	590	646	604	616.7	184
64	655	619	603	606	638	626	640	653	617	566	604	599	615	605	603	631	635	602	629	607	640	612	628	632	607	603	603	593	599	617	617	597	608	601	606	586	606	621	625	668	608	594	589	626	606	591	651	588	640	601	614.32	183
65	655	619	603	606	633	619	640	644	616	566	603	599	615	605	603	631	629	593	629	607	640	612	626	629	598	603	603	592	592	613	614	597	607	600	606	581	606	618	622	668	601	590	588	626	605	591	638	584	638	601	612.08	182
66	655	611	597	606	633	609	640	644	616	559	595	598	615	599	597	631	620	593	629	607	639	612	626	629	595	596	603	591	592	610	614	596	604	596	606	581	606	618	621	668	599	581	588	626	595	591	638	578	630	601	609.68	181
67	655	611	591	604	629	602	640	642	616	554	584	585	615	599	591	631	620	589	629	607	639	612	622	629	595	596	603	591	592	610	610	596	603	596	605	578	606	614	621	668	599	581	588	626	595	581	638	576	625	599	607.76	180
68	655	609	587	597	629	602	640	639	615	544	580	577	615	595	584	631	617	587	629	605	639	605	622	624	595	596	603	591	592	602	610	589	603	596	605	572	606	609	621	668	592	577	584	624	589	579	637	576	625	599	605.34	179
69	655	606	587	597	628	602	640	639	615	544	580	574	615	595	584	630	615	587	627	604	629	605	613	624	595	596	603	582	592	591	602	585	603	596	601	572	601	607	621	663	592	576	580	624	589	579	637	576	618	591	603.34	178
70	655	599	584	590	628	599	634	639	615	544	580	574	615	595	581	628	614	587	627	601	626	600	610	623	595	596	603	582	584	590	602	585	601	596	594	572	592	601	612	661	592	576	578	624	589	575	635	569	618	591	601.22	177
71	655	599	581	590	621	599	634	633	615	544	580	574	614	595	581	623	602	583	626	595	626	595	607	619	595	585	603	582	584	586	600	582	601	592	593	571	592	590	612	660	592	572	578	621	588	572	635	562	616	591	598.92	176
72	655	599	574	587	615	599	627	633	615	544	571	574	614	587	580	619	600	583	624	594	625	595	607	619	593	584	603	582	576	581	598	582	601	583	584	571	583	590	610	660	592	564	577	621	586	569	634	562	616	591	596.66	175
73	651	599	568	581	615	599	624	633	615	544	571	574	614	582	580	619	600	583	624	594	623	594	607	619	593	580	601	582	576	581	593	576	601	583	584	570	583	590	609	659	591	564	575	620	583	566	634	562	616	581	595.32	174
74	651	598	568	573	615	597	615	631	615	541	571	574	614	574	574	619	600	580	617	591	617	594	600	619	593	580	594	582	576	580	583	576	601	582	575	570	581	587	604	655	591	564	567	620	579	566	626	560	616	581	592.74	173
75	651	598	561	571	615	593	615	631	615	536	562	568	612	561	567	618	600	578	617	588	617	594	600	619	593	580	594	577	574	580	583	570	601	575	574	570	580	579	601	655	582	564	567	619	577	562	620	551	616	581	590.24	172
76	651	598	561	565	615	593	615	631	615	535	562	564	612	559	561	615	600	574	617	588	617	594	600	613	583	574	594	575	574	580	583	570	597	574	570	565	579	574	601	655	582	564	560	618	572	562	618	550	616	574	588.38	171
77	651	598	559	565	615	593	611	624	615	535	562	564	612	559	554	614	599	568	611	587	608	593	600	612	577	567	594	575	574	576	579	570	590	573	562	565	574	574	601	655	582	564	560	618	572	562	618	541	613	574	586.38	170
78	649	594	559	565	615	593	611	624	611	535	561	564	607	559	547	611	599	567	608	587	607	587	590	609	568	565	594	571	571	576	579	570	586	573	560	563	574	574	601	653	577	564	557	608	564	557	618	539	610	566	583.94	169
79	644	588	558	564	615	593	611	620	611	531	559	564	607	559	541	605	594	567	608	587	607	583	588	607	564	565	594	571	571	574	579	560	586	573	560	563	573	574	596	653	577	564	557	608	556	557	618	539	607	565	582.3	168
80	644	588	553	564	615	588	611	619	611	528	559	564	607	559	541	605	594	564	608	587	601	582	588	606	564	556	594	571	571	574	573	560	585	572	557	563	565	574	596	653	577	564	557	604	555	557	610	532	599	565	580.68	167
81	644	586	553	557	615	580	602	611	609	528	554	563	607	559	537	603	586	558	608	587	601	575	588	606	562	548	594	565	571	574	570	553	581	561	548	563	565	574	596	653	577	564	557	604	552	555	604	532	589	562	577.82	166
82	636	586	546	552	615	580	598	609	608	520	554	563	607	559	536	601	580	553	606	587	601	567	588	599	557	548	594	565	571	574	570	553	581	561	548	561	564	561	582	653	577	556	557	604	552	555	604	529	582	555	575.3	165
83	626	583	546	552	608	580	598	609	608	520	554	563	604	559	532	601	578	547	605	585	597	560	588	599	557	548	583	565	571	574	562	553	581	561	548	561	559	561	582	653	573	555	557	604	552	555	599	529	577	548	573.4	164
84	626	583	541	552	607	580	596	607	608	516	552	553	604	559	532	598	578	547	605	582	597	560	588	591	551	548	583	565	571	574	562	553	581	557	548	559	555	561	580	651	573	549	557	604	552	545	596	528	574	543	571.64	163
85	626	583	541	552	607	580	596	604	608	512	552	553	604	559	524	598	572	547	599	582	597	553	588	591	549	548	581	561	570	574	562	551	580	557	545	556	552	561	580	651	573	549	556	604	546	543	596	527	574	543	570.34	162
86	622	583	539	552	606	580	588	603	608	512	551	549	601	559	513	591	572	540	599	582	592	553	588	590	544	548	581	561	567	569	557	550	580	546	542	556	549	561	572	650	573	549	556	596	540	543	596	519	571	535	567.68	161
87	615	583	539	552	601	578	582	603	605	511	551	549	596	558	512	582	572	540	593	580	590	545	581	585	535	541	581	559	562	569	557	550	580	542	536	552	549	552	572	650	573	544	552	589	540	543	592	519	564	535	564.82	160
88	612	576	539	551	601	574	582	595	603	511	551	549	596	558	512	582	571	540	593	579	590	545	581	584	532	541	581	557	553	569	551	550	576	541	536	544	545	552	564	649	569	539	546	589	540	543	592	519	559	535	562.94	159
89	612	570	539	551	597	574	581	586	601	504	551	549	594	553	512	574	571	535	593	567	587	542	581	584	532	536	581	557	548	568	551	550	572	538	536	544	545	541	564	649	559	539	546	584	540	543	585	516	559	527	560.36	158
90	612	570	539	550	595	568	581	586	601	504	548	549	593	552	511	572	571	535	593	561	584	536	575	584	532	535	581	557	548	567	549	549	566	538	536	544	539	541	557	641	553	539	544	577	540	543	581	516	559	527	558.58	157
91	612	570	539	550	591	568	574	586	601	504	539	549	587	545	511	570	571	532	593	561	584	536	575	577	532	535	581	557	548	562	549	544	560	535	536	544	539	539	555	641	553	538	544	577	540	543	581	516	554	526	557.08	156
92	612	570	534	548	591	567	574	586	596	504	539	549	582	544	511	570	571	527	593	558	584	532	566	577	528	533	575	549	545	562	547	544	559	535	536	542	539	539	555	639	547	532	544	567	540	543	574	508	553	526	554.92	155
93	612	564	534	547	588	567	568	580	596	504	539	546	582	543	511	570	569	527	590	555	584	523	566	577	525	522	571	544	545	561	547	535	554	530	536	541	539	531	552	635	547	524	542	557	533	534	571	506	553	526	552.06	154
94	605	557	534	542	584	567	560	580	596	497	539	546	578	541	505	564	569	519	581	555	584	520	561	577	524	517	567	533	535	554	547	535	554	527	536	541	539	531	542	635	546	522	534	557	533	534	570	506	546	526	549.04	153
95	605	545	534	542	584	557	560	580	590	491	539	546	578	541	505	554	568	516	577	554	584	520	554	577	521	516	561	533	530	552	547	535	554	527	536	541	533	531	534	629	540	514	534	555	533	524	558	502	540	526	546.14	152
96	597	545	534	538	582	556	558	580	590	491	539	543	578	538	501	550	568	514	577	554	579	519	554	577	521	514	555	530	529	552	539	529	554	527	528	532	533	531	532	629	540	514	534	555	533	524	558	501	540	526	544.44	151
97	597	545	534	534	582	551	558	580	587	487	539	535	578	538	501	550	565	514	573	554	572	519	551	577	514	514	555	530	523	545	539	524	553	523	527	532	533	531	532	629	540	514	533	555	533	524	558	496	532	521	542.62	150
98	597	545	534	534	582	544	556	578	587	487	539	535	578	538	501	549	565	508	569	545	572	511	547	571	504	513	554	530	516	545	539	524	550	516	527	532	533	531	532	622	539	514	533	555	531	523	556	496	525	514	540.52	149
99	597	545	534	529	570	539	556	578	587	486	538	528	571	538	496	549	565	497	564	542	570	503	547	569	504	507	554	530	516	537	539	524	544	515	526	532	533	531	532	621	539	514	529	548	531	523	555	496	514	514	538.12	148
100	588	539	525	528	570	536	556	576	586	483	538	520	568	538	493	543	565	486	564	529	570	503	539	564	504	507	547	530	507	537	539	515	534	510	523	532	527	525	532	621	539	513	520	548	524	523	553	494	514	514	534.78	147
101	585	538	525	528	570	530	556	572	586	483	538	509	559	537	493	543	565	479	564	529	563	501	529	564	504	507	547	529	506	536	533	515	525	510	515	532	526	522	530	621	539	513	520	538	524	523	553	494	513	503	532.48	146
102	582	538	525	528	570	529	556	572	586	473	538	509	557	533	493	532	561	476	564	529	559	500	527	561	493	506	546	528	505	536	528	504	525	500	514	530	526	519	530	617	539	505	520	538	524	522	549	494	513	498	530.14	145
103	575	538	525	517	569	524	556	572	586	473	527	509	557	533	486	532	559	466	564	529	559	500	516	561	492	506	546	528	505	535	528	504	525	500	514	520	526	519	526	612	532	499	520	537	519	522	544	493	513	494	527.84	144
104	569	537	522	515	562	517	556	567	582	469	524	505	554	529	486	532	558	466	564	520	553	500	515	561	491	501	543	524	496	535	528	494	521	497	510	512	526	519	515	612	532	492	513	536	519	515	544	493	505	494	524.6	143
105	569	528	522	514	562	517	556	567	577	469	524	503	547	529	486	530	558	466	558	517	553	493	515	557	491	493	543	524	496	534	528	494	519	497	510	512	526	517	505	611	532	492	502	532	513	515	542	483	505	494	522.54	142
106	559	528	510	511	562	517	553	554	577	469	524	490	547	524	486	522	558	466	558	517	548	493	512	557	491	491	533	524	496	534	527	494	518	497	510	503	526	517	500	600	531	489	502	530	513	514	535	482	494	486	519.58	141
107	554	528	510	509	557	517	549	543	572	469	524	490	547	523	486	522	558	463	554	508	548	493	511	557	485	491	533	524	496	534	527	494	518	497	509	503	526	517	500	596	528	489	501	530	511	514	535	474	487	486	517.94	140
108	554	518	508	509	557	516	549	543	564	469	524	483	547	523	485	522	546	458	549	506	548	493	511	557	483	484	533	515	490	530	518	483	518	497	509	494	526	514	500	595	528	486	501	530	511	514	534	469	487	478	515.32	139
109	554	518	506	505	556	516	549	543	564	462	524	479	547	515	485	522	546	458	549	495	541	487	511	554	479	480	528	504	490	530	518	483	515	496	495	491	522	514	500	588	528	486	500	528	510	514	534	469	486	478	513.04	138
110	550	517	506	505	556	505	549	543	562	461	523	479	546	513	474	520	546	458	547	495	540	481	511	545	468	478	528	503	484	521	518	482	507	491	495	491	516	514	499	588	528	476	497	527	507	514	534	469	480	478	510.5	137
111	542	514	506	503	554	505	549	543	551	461	518	476	540	503	472	512	538	456	547	495	536	481	511	545	468	478	522	499	472	512	518	482	507	491	495	491	515	510	494	582	520	472	496	527	498	514	534	469	477	477	507.56	136
112	533	513	506	495	554	505	548	540	551	457	518	465	535	496	472	512	538	451	543	495	536	481	511	540	467	475	522	499	472	512	518	482	506	491	495	491	514	510	494	582	513	472	495	524	491	514	534	469	477	469	505.66	135
113	532	510	505	495	552	499	548	533	551	457	518	462	531	496	472	510	538	451	535	485	536	480	511	540	459	474	522	499	472	502	509	473	506	483	495	491	514	510	494	581	513	471	493	524	491	512	523	467	477	469	503.42	134
114	527	509	499	495	552	491	548	533	550	452	507	462	531	496	472	509	535	451	535	478	526	480	509	540	459	474	518	499	472	502	509	473	494	483	495	491	514	505	488	578	513	467	493	514	490	509	523	467	473	457	500.94	133
115	527	509	499	488	552	490	548	533	549	450	507	459	522	496	471	509	535	443	527	472	526	480	502	533	448	474	518	499	472	496	504	473	489	481	486	489	514	505	476	578	513	461	493	514	476	509	513	458	462	449	497.54	132
116	519	508	498	485	546	490	539	533	544	449	502	459	522	496	471	509	535	442	516	472	526	480	502	533	443	474	518	488	472	486	501	473	482	474	486	489	510	505	465	578	513	459	493	509	474	509	512	457	462	445	495.06	131
117	518	502	498	485	540	490	538	533	540	449	496	459	522	496	471	504	535	431	513	471	519	473	502	525	443	474	518	488	472	481	501	473	482	474	480	482	510	500	465	578	513	459	493	509	462	507	511	457	462	437	492.82	130
118	517	501	498	485	529	489	534	523	536	449	489	459	522	496	471	504	535	422	513	461	518	473	502	525	440	473	518	488	472	481	496	473	482	474	480	481	507	496	465	578	512	452	493	509	462	507	508	446	461	437	490.84	129
119	507	501	494	485	526	489	530	523	536	449	486	458	511	496	471	504	535	413	507	461	515	473	502	525	429	470	512	482	472	481	488	473	482	462	480	481	497	487	465	578	512	452	486	506	462	507	508	432	461	437	487.98	128
120	507	501	493	485	526	489	529	512	536	449	483	447	511	496	471	495	534	413	507	461	515	471	502	524	429	469	512	482	471	481	488	473	482	453	476	480	493	486	459	571	504	452	477	505	454	507	508	429	456	435	485.78	127
121	507	501	493	485	520	489	518	512	536	449	483	447	506	487	471	495	534	399	504	456	515	471	498	519	429	468	512	473	464	481	488	469	482	453	465	480	491	486	459	570	504	450	470	505	453	507	495	429	452	417	482.94	126
122	507	501	484	483	520	482	511	512	536	448	472	446	506	487	470	491	534	397	498	456	515	470	498	507	420	468	511	473	463	481	488	468	473	453	464	471	491	486	456	560	497	450	470	503	453	496	495	428	452	417	480.36	125
123	493	501	484	483	520	482	511	512	529	448	463	437	497	487	461	488	527	386	498	456	508	470	490	507	415	463	508	473	462	481	480	468	471	451	459	471	490	486	456	560	494	449	466	503	443	496	483	427	452	412	477.14	124
124	490	501	484	483	519	474	508	512	529	448	461	436	497	487	461	474	519	380	487	454	501	470	490	499	415	458	508	472	462	473	477	465	471	450	459	460	490	475	449	560	491	449	456	499	442	496	483	422	452	402	474.0	123
125	481	501	484	471	517	474	505	506	521	448	457	427	492	486	458	474	512	380	487	454	493	464	490	499	415	456	508	472	454	473	472	452	471	450	459	460	490	472	437	560	483	437	456	499	436	496	481	422	452	402	470.92	122
126	481	496	472	471	517	464	503	506	514	448	452	427	492	486	458	468	512	380	487	454	492	457	488	498	415	448	499	467	454	473	472	452	471	440	459	460	490	470	437	555	483	436	456	495	436	496	477	410	452	398	468.48	121
127	474	487	472	471	516	457	495	498	512	448	452	425	492	486	451	457	510	380	477	454	491	456	481	498	406	448	494	467	453	473	472	452	469	436	447	451	490	470	429	548	474	433	446	495	434	488	477	410	452	397	465.02	120
128	465	479	472	471	511	456	495	498	512	448	452	414	492	475	445	457	510	380	476	454	491	456	481	498	406	448	487	454	453	469	472	445	460	436	444	451	488	469	420	547	470	433	438	495	434	488	477	409	443	392	462.32	119
129	464	479	468	469	510	453	494	494	504	447	449	414	491	475	445	453	510	380	476	454	485	456	481	498	406	448	487	454	444	469	462	437	448	423	434	451	479	469	417	546	470	426	429	491	427	483	466	404	435	389	458.86	118
130	458	479	468	466	510	453	494	494	502	441	449	414	491	475	445	453	503	380	476	454	485	446	481	498	406	448	487	449	442	467	462	430	448	423	426	451	479	468	416	546	460	420	429	491	427	483	453	404	435	378	456.86	117
131	457	479	458	466	506	452	479	492	494	441	449	405	491	475	440	453	502	379	476	448	477	445	481	489	406	445	487	444	442	457	461	430	448	413	412	443	477	463	416	546	457	420	429	491	427	474	453	403	435	378	453.82	116
132	446	479	454	466	506	452	471	481	485	434	449	400	485	475	436	453	502	379	468	448	461	445	481	489	402	437	487	444	441	452	452	426	440	412	412	443	477	463	406	538	451	414	429	488	419	474	453	391	435	366	449.94	115
133	436	478	444	466	506	442	471	476	477	430	449	400	480	466	433	453	502	376	468	446	461	445	481	489	402	428	487	444	434	452	444	426	432	400	412	436	477	463	406	537	451	414	429	480	419	474	446	389	428	366	447.02	114
134	436	471	443	466	506	442	470	476	477	430	449	400	480	455	427	447	502	376	468	446	448	435	481	489	398	428	487	444	433	452	444	426	422	395	412	436	477	454	399	533	451	413	420	473	415	464	444	385	427	366	444.36	113
135	423	471	441	466	506	432	469	476	467	426	444	399	478	453	420	440	491	376	467	446	448	435	481	489	398	428	478	444	432	452	440	426	422	395	412	426	477	453	399	529	451	413	420	460	415	456	433	385	427	366	441.62	112
136	423	471	429	457	500	430	469	472	463	423	443	399	471	453	416	433	481	375	467	446	437	435	477	489	390	428	477	444	432	452	440	425	422	395	408	417	472	446	397	529	451	404	420	457	415	452	432	385	420	366	438.7	111
137	423	468	429	457	500	430	469	472	463	423	431	388	465	453	407	433	470	375	459	441	437	435	474	486	379	428	477	443	428	452	440	422	418	391	396	417	463	446	385	525	441	393	420	457	413	449	432	385	408	366	435.24	110
138	423	468	424	448	500	430	467	463	460	423	431	383	465	450	407	424	470	367	457	430	437	435	469	486	379	428	477	443	428	452	432	416	407	391	395	417	463	444	374	518	438	385	412	457	406	447	432	379	408	366	432.22	109
139	423	464	424	448	494	421	460	453	460	423	426	383	457	450	407	424	469	366	456	430	434	434	469	480	370	428	469	442	425	448	432	407	398	388	388	407	453	443	365	518	438	385	412	457	406	447	423	379	407	354	428.88	108
140	421	457	415	448	494	420	460	451	452	412	415	381	452	450	407	424	460	366	456	430	426	434	459	469	370	428	469	436	413	448	432	403	398	387	383	405	442	440	365	517	438	383	412	450	406	446	418	373	394	354	425.38	107
141	418	457	415	447	494	408	456	451	452	397	415	373	444	443	407	414	452	366	456	430	419	434	449	469	370	428	457	436	409	439	425	398	398	387	383	405	431	439	365	515	438	383	412	450	406	446	418	373	382	351	422.2	106
142	418	457	410	435	489	398	456	451	438	391	415	373	444	443	407	404	442	366	446	421	406	427	449	458	369	428	454	426	409	431	424	393	398	387	383	391	427	439	365	508	438	382	412	441	406	446	411	365	382	351	418.2	105
143	418	457	404	425	489	398	445	451	438	391	415	372	444	438	407	404	432	366	443	416	396	427	449	453	369	425	446	417	406	429	422	378	398	387	383	386	427	439	365	496	438	381	404	429	406	439	411	365	381	350	415.1	104
144	418	457	400	425	489	398	445	450	428	383	415	367	436	431	395	404	432	366	431	408	396	427	449	453	369	422	446	406	403	429	422	378	398	380	376	386	427	436	365	496	427	381	404	429	406	436	411	364	379	349	412.56	103
145	418	457	386	422	486	390	433	450	419	374	409	367	436	422	395	393	432	361	431	407	387	427	448	448	369	422	445	406	403	428	409	370	398	380	376	386	427	436	365	486	427	370	401	425	406	436	408	364	379	349	409.38	102
146	418	457	386	413	486	390	430	449	416	372	399	367	436	422	395	383	432	361	431	396	385	427	448	448	354	412	445	406	394	423	408	369	394	380	374	383	423	429	365	486	418	370	401	425	394	434	407	362	379	349	406.62	101
147	409	450	372	407	478	380	430	448	407	372	391	363	436	422	386	382	426	361	431	396	385	427	435	448	353	412	445	406	386	422	394	369	394	380	374	383	423	426	360	483	418	368	401	424	394	434	398	362	368	341	403.2	100
148	409	447	366	406	474	380	426	448	407	372	379	363	429	422	374	382	426	353	431	395	374	427	425	437	353	400	435	397	386	422	385	368	381	380	362	383	416	426	356	483	406	368	401	424	393	427	398	362	360	341	399.3	99
149	402	447	366	406	469	369	426	445	407	372	379	363	429	411	362	380	426	353	431	395	374	421	425	437	353	400	427	397	383	422	374	368	368	380	356	383	415	426	345	483	402	368	401	422	393	422	388	356	360	325	396.24	98
150	402	447	366	396	468	369	424	445	407	369	378	363	429	411	347	380	426	353	426	395	374	413	425	433	353	400	427	397	369	422	374	368	359	368	355	383	415	426	345	481	391	368	401	422	391	422	385	349	360	320	393.94	97
151	399	437	360	396	467	369	414	445	402	361	376	358	429	399	345	379	426	353	418	395	371	413	412	432	352	397	419	395	366	406	374	363	356	357	355	383	402	426	344	476	391	368	400	422	390	421	384	349	360	320	390.64	96
152	399	437	360	387	458	369	414	434	390	361	376	358	419	398	345	379	426	353	407	390	370	411	412	422	352	394	411	395	353	399	361	359	356	357	342	383	402	426	344	476	390	364	400	422	390	421	380	340	347	319	387.16	95
153	399	430	356	387	458	369	414	434	376	361	376	358	417	390	344	376	415	353	406	380	370	401	409	411	339	394	410	395	340	390	361	358	349	357	341	382	400	416	344	466	386	359	394	412	390	410	379	340	345	308	383.1	94
154	399	430	355	387	458	369	399	434	376	360	376	358	416	383	330	367	412	351	406	380	370	387	409	411	339	394	410	384	333	386	360	358	349	353	341	378	400	415	344	461	378	359	384	400	390	410	370	327	336	296	379.56	93
155	393	423	351	376	458	361	393	432	375	360	376	358	416	379	330	367	412	351	406	379	370	386	409	411	338	394	401	384	319	386	360	358	349	342	340	377	393	415	344	451	378	359	384	400	385	400	365	327	336	295	377.04	92
156	386	422	351	376	446	361	393	432	375	360	375	358	416	377	318	367	412	351	401	374	361	372	409	407	338	394	401	376	319	386	359	356	335	331	336	377	393	415	342	451	366	347	384	399	380	400	365	321	336	295	374.04	91
157	383	409	338	372	438	342	384	425	375	357	375	358	415	377	305	366	412	347	396	365	361	361	405	396	338	394	397	362	319	386	350	353	335	331	336	377	387	407	338	451	366	345	384	386	380	400	357	320	327	295	369.66	90
158	383	405	338	371	436	342	384	425	375	345	367	358	407	377	303	366	404	347	385	365	361	357	401	382	336	394	397	360	319	384	350	353	334	329	321	365	375	407	338	451	364	332	384	386	379	397	347	310	327	295	366.36	89
159	383	405	338	371	435	342	379	425	375	342	357	358	396	375	303	359	404	347	384	352	361	357	396	382	335	394	397	360	309	378	343	353	333	319	320	359	374	407	337	451	364	332	384	386	374	394	347	295	321	295	363.74	88
160	366	402	333	371	433	342	371	419	364	339	349	348	386	367	300	359	404	345	383	346	357	350	396	381	335	394	388	360	309	366	343	353	333	319	320	359	374	406	337	451	359	320	369	386	374	394	345	295	321	280	360.02	87
161	353	398	333	371	433	342	369	411	364	339	340	334	373	364	296	357	398	334	383	335	357	350	395	380	335	389	377	360	308	354	343	353	325	319	320	359	364	406	337	440	358	320	363	386	373	383	335	295	318	267	355.92	86
162	351	387	330	364	433	342	368	408	364	324	340	325	373	350	296	343	393	332	383	328	357	350	390	377	330	389	377	359	297	354	335	352	314	319	320	356	364	406	325	429	358	315	363	377	373	383	334	294	318	267	352.32	85
163	346	384	322	355	433	340	358	407	364	324	326	314	369	350	278	342	391	325	375	328	357	347	388	377	330	389	377	358	297	342	334	352	313	319	320	356	364	406	325	429	358	315	353	377	373	383	324	294	309	264	349.22	84
164	335	384	320	342	433	334	351	396	353	324	326	314	354	350	266	342	388	313	362	328	356	347	381	377	320	386	377	358	288	337	324	352	313	306	319	356	354	405	325	419	358	315	351	377	371	380	316	294	309	264	345.0	83
165	335	384	320	337	424	334	351	392	344	324	311	312	354	338	266	342	388	313	353	328	354	347	381	377	320	374	368	355	288	335	322	352	312	306	319	340	354	405	325	419	353	300	346	377	367	380	315	294	309	264	342.16	82
166	324	384	320	329	418	330	350	389	344	309	311	308	347	338	266	341	386	311	353	328	343	332	374	364	320	369	368	355	280	335	320	341	307	306	319	340	353	405	311	415	351	299	346	377	367	377	306	294	307	258	338.5	81
167	311	375	303	316	418	328	342	389	332	309	304	298	333	329	251	341	376	294	339	327	342	326	365	364	320	365	368	355	280	335	320	340	307	306	319	340	353	405	302	415	351	298	346	372	367	374	306	294	307	258	334.3	80
168	308	363	301	316	408	328	342	383	318	309	303	298	333	327	251	341	376	294	339	325	342	312	365	364	315	365	359	341	280	325	320	340	307	306	319	340	353	405	302	405	350	298	341	372	359	374	301	294	302	255	331.48	79
169	308	360	301	316	398	328	333	381	318	308	303	297	332	323	251	341	376	294	336	312	342	312	365	364	315	365	359	341	271	325	320	337	307	306	306	327	340	405	302	404	350	287	341	372	351	363	289	288	302	255	328.54	78
170	307	360	301	316	398	327	333	371	318	308	303	291	332	323	247	341	372	293	336	312	342	301	365	363	309	360	359	340	255	313	320	337	300	302	306	327	340	402	291	403	345	287	341	363	351	363	289	287	302	255	326.14	77
171	307	356	291	315	394	327	333	367	318	306	290	291	332	323	247	331	372	288	324	300	338	290	352	355	305	360	346	340	255	313	320	329	290	302	306	327	328	389	277	403	332	287	341	355	351	362	289	287	302	253	321.92	76
172	307	343	278	315	394	318	331	365	318	296	275	291	332	323	246	327	360	286	324	295	326	290	349	355	293	347	345	339	255	298	320	328	285	301	298	327	320	377	277	403	332	287	341	355	347	350	278	287	302	253	317.78	75
173	307	343	265	302	386	307	323	357	318	296	274	291	321	306	246	327	360	286	319	295	326	290	349	355	293	346	345	339	255	290	305	320	271	295	296	327	320	377	275	396	322	279	341	352	347	350	278	285	297	252	314.04	74
174	307	343	264	302	375	302	323	349	318	286	274	280	321	304	243	327	355	279	318	295	326	275	349	351	290	345	337	325	255	279	305	320	271	290	293	327	308	366	275	396	309	279	340	352	334	337	276	285	295	247	310.04	73
175	304	343	249	298	375	299	317	349	318	286	268	267	320	298	243	316	355	277	316	295	326	275	349	351	285	345	332	316	255	275	287	320	271	286	279	327	301	360	261	396	302	266	325	339	334	327	276	285	295	247	305.72	72
176	304	335	249	298	375	288	317	349	318	276	265	267	320	292	241	316	347	277	310	281	315	274	336	351	285	344	325	310	255	272	273	318	266	286	279	325	301	360	261	385	302	266	325	339	334	327	276	283	295	247	302.8	71
177	304	323	249	298	364	288	317	336	313	275	265	258	320	284	235	316	344	277	309	281	315	269	325	351	269	337	313	310	253	272	273	304	264	286	278	325	289	353	261	385	301	266	315	339	334	315	276	283	295	247	299.18	70
178	304	317	247	295	355	276	317	336	300	275	265	258	320	283	235	316	344	277	309	280	313	269	311	351	265	336	313	298	253	272	269	304	264	282	274	313	286	351	261	374	301	266	315	339	334	315	270	272	295	235	296.2	69
179	296	317	247	295	341	276	317	327	299	275	265	255	310	283	225	316	344	277	309	280	313	258	311	336	265	332	313	297	247	258	268	303	259	268	274	311	282	351	261	374	300	266	315	329	327	315	256	272	294	235	292.88	68
180	286	317	247	289	340	276	317	327	294	261	251	255	310	272	223	316	338	268	309	280	313	257	311	336	265	332	309	297	247	256	263	303	259	259	274	299	282	351	254	366	300	259	315	329	326	315	253	272	294	228	290.0	67
181	274	313	247	289	340	276	317	317	279	261	251	255	298	272	223	316	337	268	309	280	313	250	301	322	265	322	300	296	247	256	254	298	259	258	262	289	282	347	253	366	300	258	315	329	320	300	252	272	292	228	286.56	66
182	273	313	237	289	340	276	304	316	272	258	251	251	298	272	218	316	323	255	307	280	310	242	286	315	265	322	297	291	247	239	252	298	259	256	260	289	271	343	253	356	298	258	315	324	319	300	244	272	280	227	282.74	65
183	268	313	237	289	336	276	298	299	270	258	251	251	293	271	213	316	323	255	307	280	310	242	275	315	263	322	297	287	247	239	246	298	259	255	260	284	271	343	253	356	290	244	314	315	314	300	244	272	276	213	280.16	64
184	268	300	237	284	336	276	297	299	270	254	245	249	288	271	213	316	323	247	307	280	299	242	268	311	263	322	292	279	245	239	244	298	259	255	258	283	266	328	249	352	290	234	299	310	314	298	229	262	264	199	276.22	63
185	257	289	237	282	333	264	297	286	258	254	242	249	274	258	209	313	310	237	298	280	286	242	256	311	262	322	292	277	245	239	244	293	256	255	252	283	266	318	240	342	290	234	299	310	305	293	219	262	264	199	271.66	62
186	257	289	237	267	332	264	297	270	248	254	242	249	274	258	205	308	302	233	298	280	286	241	254	311	250	320	283	263	245	239	229	290	255	253	252	282	265	305	240	342	275	234	293	300	292	287	218	249	257	199	267.46	61
187	240	289	223	267	326	264	291	261	244	240	242	249	274	249	203	308	302	222	289	278	286	241	254	297	250	320	279	255	245	235	222	290	250	252	252	282	249	292	238	328	259	220	293	300	291	287	218	243	244	183	262.32	60
188	235	289	222	252	324	264	291	261	234	229	240	248	274	244	203	308	302	219	289	275	283	225	254	287	250	320	279	255	244	231	222	287	250	252	252	269	248	292	237	328	259	205	293	300	287	287	210	243	244	183	259.58	59
189	235	287	217	251	316	264	291	261	225	229	237	236	264	244	203	308	302	218	274	266	283	225	254	287	250	319	268	255	244	231	216	287	250	238	243	269	243	292	237	328	259	205	293	299	285	272	194	243	241	168	256.12	58
190	221	287	217	238	314	252	275	249	225	229	237	236	254	244	203	299	300	217	274	255	283	225	249	281	249	319	268	255	239	220	216	287	249	237	234	269	243	279	237	327	255	203	279	299	285	268	193	243	240	166	252.46	57
191	215	282	217	220	299	252	261	249	225	229	228	236	254	241	201	298	300	217	274	255	283	224	249	277	249	305	268	255	226	220	212	287	249	220	234	269	229	270	237	327	251	203	279	299	273	264	193	243	240	166	249.08	56
192	211	281	215	220	299	250	261	233	225	229	220	226	254	241	200	298	288	217	273	255	274	224	249	277	249	302	261	250	224	214	209	280	249	220	232	269	229	269	230	326	238	202	272	299	257	263	188	243	236	164	245.9	55
193	203	280	203	220	299	250	261	233	225	216	220	225	249	241	198	298	277	217	273	255	274	224	235	270	249	302	257	246	224	204	209	279	236	220	223	257	229	256	230	326	234	201	272	295	245	263	174	243	229	164	242.26	54
194	195	276	202	220	296	250	250	222	221	204	220	224	233	240	198	298	277	201	259	255	263	214	232	270	235	302	257	232	224	204	209	279	236	210	223	244	225	245	230	312	233	201	270	294	245	263	166	230	229	164	237.64	53
195	183	267	185	215	288	244	250	209	220	204	217	224	230	240	198	291	277	201	251	245	262	214	232	270	235	292	257	231	211	192	209	273	231	208	210	238	225	245	215	305	233	198	267	294	236	254	160	230	210	163	232.78	52
196	169	267	184	215	288	231	246	195	220	204	217	224	230	226	198	291	270	201	251	245	262	214	213	270	231	292	246	231	211	192	209	272	231	200	210	230	223	240	215	305	233	196	258	283	224	254	160	230	210	162	229.58	51
197	169	266	167	199	286	231	246	195	220	192	217	223	230	211	198	290	267	201	251	245	262	210	202	259	225	292	244	217	211	186	209	269	214	188	210	229	211	240	215	298	233	196	258	283	224	254	160	222	197	162	225.68	50
198	165	266	164	186	275	231	246	195	220	189	209	208	225	211	198	290	256	185	240	243	249	210	202	247	225	292	244	217	197	172	209	269	214	172	210	229	195	240	215	298	233	196	258	283	224	254	145	222	197	152	221.44	49
199	164	253	160	180	275	231	242	195	212	189	204	208	222	202	187	290	255	185	229	243	249	210	202	247	222	281	234	215	184	171	209	269	214	172	199	226	195	231	213	285	233	196	244	275	224	241	145	220	181	144	217.14	48
200	164	249	160	180	275	231	242	195	201	185	203	198	222	186	187	283	255	185	229	243	231	207	202	247	209	274	234	214	170	171	196	260	204	172	189	218	194	230	205	285	232	179	243	275	224	241	145	211	180	144	213.18	47
201	164	248	159	180	275	227	242	195	194	185	192	182	222	172	187	269	252	185	229	243	230	207	202	244	209	274	220	202	162	169	196	260	190	172	187	218	179	230	205	284	232	166	243	275	224	234	132	196	175	144	209.26	46
202	164	238	159	180	275	227	242	182	188	185	192	182	221	154	187	269	252	180	215	239	230	207	201	231	208	264	220	202	155	155	187	260	177	172	184	218	176	230	198	284	232	166	239	261	224	234	119	196	165	144	205.4	45
203	164	236	159	172	260	227	242	182	188	181	192	172	220	137	174	268	249	174	215	237	225	204	199	225	201	258	219	202	153	155	187	260	177	158	182	218	176	230	197	284	223	166	229	255	220	234	119	185	159	144	201.86	44
204	163	224	157	172	260	222	242	182	188	181	192	169	214	137	159	268	249	173	215	226	209	204	185	208	201	258	217	202	153	155	187	254	168	148	182	205	161	229	197	269	204	154	225	255	204	234	119	185	159	141	197.3	43
205	161	209	157	172	259	221	241	182	187	181	191	154	198	133	159	268	245	173	215	226	192	190	172	208	201	245	215	202	148	155	173	254	168	148	178	199	154	220	185	269	192	154	225	255	204	232	114	185	159	141	193.38	42
206	158	201	155	159	244	221	241	182	187	181	189	144	198	118	152	268	245	173	210	211	185	184	172	204	199	245	211	202	148	153	173	251	168	138	177	199	154	219	185	251	175	154	207	246	197	232	114	181	159	129	188.98	41
207	158	201	155	148	243	221	241	181	187	181	182	144	198	103	152	268	245	157	210	210	185	180	169	193	185	235	211	202	148	153	173	249	152	138	164	184	154	217	185	245	175	148	192	242	180	232	114	178	159	129	185.12	40
208	158	192	139	133	231	218	241	173	187	181	182	144	198	102	152	261	231	156	203	191	185	180	168	177	185	220	208	202	148	149	171	249	152	137	160	184	154	214	185	245	175	147	191	242	180	216	114	178	159	126	181.48	39
209	158	192	139	133	222	218	237	173	186	181	182	139	198	102	152	252	231	141	203	185	181	163	161	172	185	214	203	202	143	148	155	232	147	137	160	181	154	196	185	235	168	139	190	236	172	207	114	174	159	112	176.98	38
210	158	192	138	133	222	218	220	173	177	181	182	138	194	101	152	243	229	140	203	185	181	163	161	170	184	214	203	184	143	148	155	232	147	137	148	174	138	182	185	234	168	124	186	226	171	207	114	156	159	112	173.7	37
211	158	192	138	133	208	213	220	157	170	181	181	138	189	101	150	235	229	140	203	185	168	163	142	170	182	199	203	180	123	131	154	232	147	132	148	174	134	181	182	225	158	124	186	226	166	207	97	156	141	112	169.28	36
212	156	174	137	133	208	204	220	157	167	165	181	138	189	101	150	235	228	140	187	171	154	163	141	170	175	199	203	179	115	131	137	231	128	132	148	157	119	181	181	225	152	115	186	226	164	207	97	156	134	112	165.18	35
213	156	168	122	124	190	191	220	147	167	165	181	130	188	99	150	235	224	140	187	164	154	151	128	155	168	199	203	179	115	126	134	217	128	118	148	148	119	181	181	225	152	110	173	226	154	206	97	156	131	112	160.84	34
214	156	161	112	124	189	191	220	147	151	164	181	120	187	85	150	221	224	126	186	159	140	134	128	153	168	184	196	179	115	125	134	209	118	118	148	148	117	181	178	211	144	109	170	226	149	206	81	146	130	112	156.22	33
215	156	161	111	124	175	190	220	146	151	163	172	120	187	83	141	207	213	126	175	158	140	121	109	153	167	167	196	172	115	116	134	209	115	118	148	148	114	181	178	211	144	98	170	216	130	205	79	146	130	112	152.42	32
216	156	161	97	121	175	190	208	146	135	163	159	120	187	83	140	189	213	126	166	144	140	120	89	153	156	167	188	172	115	100	134	191	101	118	133	148	103	181	178	200	144	92	170	206	113	188	77	145	111	112	146.48	31
217	156	146	97	106	158	190	194	146	135	163	159	119	187	83	140	189	210	112	166	144	139	120	70	137	156	167	171	159	105	100	133	190	101	118	132	135	100	181	178	189	144	92	170	206	113	188	66	145	111	111	142.54	30
218	152	146	97	106	140	173	183	146	124	162	158	119	187	83	140	183	197	101	166	144	139	117	70	132	156	167	170	159	105	95	132	174	101	101	126	135	100	181	177	188	142	91	167	190	110	180	52	136	111	111	138.44	29
219	146	146	97	106	140	169	183	145	123	151	149	119	171	83	140	183	188	101	166	144	125	114	70	132	147	167	152	159	105	91	132	165	101	101	126	135	84	167	177	184	142	91	167	190	110	180	52	136	110	94	135.12	28
220	145	135	96	103	140	169	180	140	114	151	144	100	152	74	135	172	182	100	166	143	125	103	66	130	147	167	152	140	104	91	131	156	101	101	120	131	74	152	173	166	142	77	153	178	107	165	52	136	104	94	129.58	27
221	128	135	78	102	140	169	176	124	96	146	144	84	151	74	135	166	182	100	166	143	125	103	66	123	146	150	144	140	104	91	131	151	98	101	118	131	74	152	173	166	131	77	153	178	92	153	52	136	100	93	125.82	26
222	112	128	78	86	140	169	171	124	96	142	144	76	151	71	123	151	173	100	161	142	125	103	64	109	139	150	133	124	104	90	112	139	98	101	118	130	74	139	156	164	131	64	133	177	91	151	36	122	81	82	119.56	25
223	110	123	64	86	134	153	171	107	96	124	144	76	135	61	123	151	154	100	161	129	112	103	64	100	121	138	133	124	101	79	95	137	98	91	115	113	74	138	146	154	131	55	132	163	91	133	33	108	69	77	112.6	24
224	98	123	64	82	134	152	159	102	91	112	141	58	118	54	111	151	154	83	143	127	101	103	64	96	103	138	133	124	101	79	87	137	98	86	115	105	74	132	145	154	121	55	121	163	91	131	33	90	69	65	107.42	23
225	79	113	60	82	134	152	158	102	74	112	141	50	118	54	108	137	154	80	143	111	101	98	64	96	101	135	132	109	82	79	87	137	96	85	115	105	74	129	128	154	116	35	121	159	87	131	33	90	50	62	103.06	22
226	79	99	60	82	123	152	158	82	74	112	141	50	118	54	108	137	148	80	131	111	101	93	64	96	95	134	129	92	82	79	87	137	96	85	96	105	71	129	128	154	116	35	121	159	87	131	33	90	39	51	100.28	21
227	71	99	59	79	118	152	158	78	74	112	141	50	113	54	90	119	148	80	122	111	100	93	62	95	95	132	114	92	82	79	87	129	96	68	81	104	71	129	128	141	107	35	121	154	87	131	33	90	39	51	97.08	20
228	70	83	59	79	118	146	158	74	73	106	141	50	105	54	90	119	132	80	121	103	100	93	62	78	95	132	94	92	82	79	73	121	78	56	80	84	51	129	128	123	102	35	121	139	87	116	33	90	39	51	92.08	19
229	70	83	59	79	101	139	140	74	73	106	126	50	104	39	75	119	114	79	121	103	100	93	62	78	78	126	86	92	71	79	73	105	78	54	79	84	47	124	128	123	102	35	112	135	67	116	33	90	39	51	87.88	18
230	70	83	59	79	101	121	132	73	69	106	126	50	89	39	73	119	114	79	102	96	100	92	62	59	78	112	86	75	71	69	73	95	78	46	61	84	47	111	114	123	101	35	110	135	67	116	33	90	39	51	83.86	17
231	70	83	56	74	89	121	113	68	69	106	108	50	89	21	63	119	111	79	83	96	100	92	62	59	78	106	71	71	60	68	62	95	78	46	61	83	47	111	95	123	101	27	97	135	67	103	33	89	39	36	79.26	16
232	65	83	56	74	89	103	93	60	69	106	108	39	76	20	63	111	106	79	78	96	84	85	62	59	60	106	58	62	50	63	48	95	77	41	61	83	47	111	94	123	101	27	88	124	67	92	31	89	38	36	74.72	15
233	65	82	46	74	73	103	83	60	69	102	108	37	76	20	50	94	87	65	78	77	68	80	62	51	60	93	58	62	50	46	48	95	72	41	61	83	28	111	94	117	94	27	78	124	67	85	31	71	38	36	69.6	14
234	62	82	46	74	73	103	83	59	69	102	91	21	58	18	50	76	87	65	78	76	61	80	61	50	60	93	53	61	49	32	35	95	68	41	56	83	17	97	86	116	81	26	78	124	67	84	12	71	38	36	65.68	13
235	62	82	46	74	71	86	72	59	69	102	80	21	57	18	50	69	75	49	60	66	57	79	48	39	42	93	53	61	49	12	35	95	65	40	37	82	17	86	83	116	81	26	67	124	67	67	12	56	36	35	60.56	12
236	60	80	46	74	54	86	55	59	53	85	60	16	57	18	50	69	75	47	60	49	57	79	48	36	33	75	36	61	49	11	35	95	46	36	37	64	9	67	70	97	72	26	67	106	67	67	12	36	22	32	54.02	11
237	54	80	43	72	38	86	54	49	47	73	60	16	56	18	50	64	62	28	60	48	57	61	40	33	33	71	36	56	49	11	35	90	46	36	37	44	8	64	70	84	58	25	67	105	50	67	12	33	6	32	49.48	10
238	54	61	43	72	38	81	54	49	46	73	60	6	56	16	50	61	62	25	56	35	57	46	22	33	33	55	36	56	49	1	34	90	37	36	37	44	8	45	69	84	58	6	49	88	50	65	12	20	6	24	44.96	9
239	35	51	40	72	20	78	36	48	46	61	45	5	50	16	45	54	46	23	56	35	57	33	21	32	33	53	34	47	49	1	27	79	37	18	37	44	8	45	54	65	49	6	42	73	40	65	12	20	6	24	39.46	8
240	25	51	40	66	8	78	20	47	46	61	45	1	49	16	45	35	41	18	40	15	37	17	21	26	29	33	34	47	49	1	24	65	17	18	37	44	7	45	54	46	45	6	42	57	40	65	12	20	6	22	34.26	7
241	25	51	35	48	8	61	13	28	40	60	34	1	45	16	35	17	41	18	39	15	28	17	20	26	29	17	14	47	34	1	24	65	17	18	22	44	7	36	54	36	45	6	30	48	22	52	12	20	6	20	28.94	6
242	20	51	20	42	7	51	13	27	40	42	19	1	31	16	35	17	40	15	21	15	28	17	20	26	25	17	14	30	34	0	20	46	17	18	22	31	7	17	45	31	41	3	30	38	22	42	12	20	5	20	24.42	5
243	4	32	20	37	7	33	13	27	40	35	19	1	14	9	35	17	39	15	19	15	28	5	20	26	25	14	14	27	34	0	20	27	17	18	22	31	7	17	45	23	38	3	30	24	22	29	12	20	5	20	21.08	4
244	0	30	20	17	1	24	13	22	22	35	19	1	3	8	19	0	30	7	19	0	28	2	20	11	25	0	14	27	34	0	19	7	17	18	22	20	6	9	30	22	19	0	30	24	22	9	11	20	5	20	15.62	3
245	0	10	0	16	1	16	13	12	22	34	18	1	3	1	19	0	20	0	19	0	9	2	18	10	5	0	14	15	34	0	19	6	1	15	15	20	6	9	18	9	19	0	13	24	20	9	0	13	5	20	11.06	2
246	0	10	0	0	1	0	10	0	2	19	0	1	3	0	0	0	20	0	3	0	0	2	12	0	0	0	11	5	16	0	7	6	0	14	0	20	0	9	18	0	2	0	0	19	0	6	0	0	3	0	4.38	1
247	0	0	0	0	0	0	0	0	0	0	0	0	0	0	0	0	0	0	0	0	0	0	0	0	0	0	0	0	0	0	0	0	0	0	0	0	0	0	0	0	0	0	0	0	0	0	0	0	0	0	0.0	0

