50.10662833877678
51.96217171491213
52.92732428079283
54.30330857679741
55.20284327323157
54.75703547939682
55.16970157934764
55.79493646816698
55.965225269562815
55.672151134177426
56.531536620285415
56.24736588966932
56.70078519976735
56.64395888327146
56.65909243434296
57.190472462082184
56.88147062771242
57.78158695360388
57.5449140978033
57.28936624759514
58.01600599525748
57.504362220929764
58.222618674779646
57.708928012169466
57.36468166972399
57.23854078117318
57.75576596125447
57.701282940360585
58.04523846807748
58.004205628383566
58.294740727484275
58.06863227596081
58.54811865240931
58.74792514876287
58.161066618943266
58.33417967876161
58.83520312290277
58.253019999105206
58.62539707395643
58.4497561630352
58.91578676569278
58.73142141291217
59.08855308487314
58.57350901525656
59.46980560153901
58.46855845376046
58.52543510357477
59.43210594604267
60.00001677777276
59.45472238378594
60.69366023891551

