49.70134395221505
50.67716110834578
53.02371965046181
54.034794812233834
54.662179912615485
54.03168381173607
55.099793982633706
55.501458713566734
56.32086167800454
53.62172307947568
56.27886317128479
55.2242340025441
53.50022122670206
55.62451606658924
55.989885791715075
53.833443946684355
54.08923732094465
54.93784912338919
53.580415906199896
54.921429954095444
54.95807062662463
55.650095404015275
56.68294756927161
56.454461866047254
56.62297439300923
57.66291272606602
57.82399341850562
56.929926442121555
55.473632542447874
56.37132901941263
56.51616337591946
55.44839887174381
56.74361207897795
56.74516757922681
55.46395387423261
56.61364139151597
57.542793540180305
55.63886123555114
55.44304103755325
56.101708976273436
55.16979149383331
54.8571359438084
55.99697195951552
55.02772247110226
56.47157236878487
55.931295282340585
55.50456971406449
55.19191416403958
55.799769094629724
55.50024888003983
57.15893064542892
56.36009485094849
57.46916652839998
56.88049610087938
56.29994884132516
56.02929179802003
55.63557740169238
56.24516066589237
55.55503705547258
55.75949892151984
56.32570101211215
54.973452795752465
56.50804020795308
56.79010425308336
53.97948813671809
55.832261766495215
56.654430064708826
55.546395387423274
55.79855926110283
56.50579337426031
58.25365715391845
56.23167966373541
56.24516066589237
56.76763591615508
56.871681599469085
55.77678225761849
56.6957372379846
57.498721033128696
55.650095404015254
56.47278220231183
56.94271611083457
56.98989961838393
56.31360267684309
57.07061279796471
56.586852220563024
56.652356064376974
56.31757784414578
56.80358525524031
56.7854377523367
56.70731707317073
56.19244649079144
56.31602234389689
56.59877772247112
56.42836402853823
57.579261379348466
57.19833665173388
58.528807864609256
56.040871633206145
57.47331452906367
56.758475748022796
56.910569105691046

