49.92140522875819
51.677287581699346
52.37287581699347
54.912091503267966
52.55359477124184
53.965032679738556
54.223366013071875
53.99591503267973
53.94787581699345
55.29852941176472
54.31405228758168
55.79297385620916
54.20588235294116
56.051143790849665
54.93088235294118
54.00261437908499
56.54166666666667
54.771732026143795
57.692810457516345
55.59117647058825
54.53954248366013
55.795098039215674
55.13496732026143
55.237254901960775
55.037581699346404
55.535947712418285
55.57320261437908
55.96372549019609
56.637254901960766
56.83594771241829
57.844607843137254
56.83137254901961
55.757843137254895
55.08578431372547
54.190849673202614
54.94999999999999
55.52499999999997
56.54281045751633
55.61519607843138
55.78807189542485
56.44084967320261
57.2581699346405
56.86928104575164
57.15228758169935
57.833333333333336
57.85081699346405
55.82679738562093
56.86797385620914
57.118300653594765
56.34869281045754
55.89509803921568
57.062908496732035
56.51732026143791
55.61617647058825
55.09542483660129
55.609313725490196
55.51094771241829
54.50964052287583
55.333660130718954
56.24150326797387
54.11078431372551
56.78349673202615
55.54281045751633
54.66258169934641
56.376143790849675
55.87532679738562
55.42238562091504
55.58071895424834
54.74754901960785
56.02794117647058
55.87875816993464
55.94852941176471
55.932516339869274
56.60784313725492
56.38415032679739
56.32189542483661
54.450980392156865
56.46519607843139
55.17892156862747
54.11421568627449
55.289379084967315
56.301143790849686
57.09281045751634
56.77941176470589
56.33137254901962
56.65964052287582
55.6434640522876
56.246732026143775
55.89673202614378
54.70849673202617
57.52009803921568
56.17990196078432
56.87450980392159
56.99003267973857
56.007843137254895
56.85669934640523
55.554248366013056
56.87222222222223
54.81388888888888
54.29526143790851
55.40343137254903

