51.13692810457516
51.02663398692808
52.098529411764716
53.46715686274509
54.919444444444444
54.20032679738562
52.76993464052288
55.05947712418301
56.124346405228756
54.27794117647059
54.908169934640526
56.20522875816992
55.970424836601296
55.806209150326794
56.74166666666667
55.77287581699346
55.39003267973857
56.09640522875817
54.913071895424835
57.18823529411765
56.87254901960785
55.56111111111112
57.23382352941178
55.61993464052287
56.73921568627453
53.942810457516345
55.07712418300653
54.84852941176472
55.97924836601308
55.786111111111126
55.643954248366036
54.92549019607843
54.091339869281065
55.80506535947711
54.88431372549021
56.22205882352942
55.532189542483664
55.913888888888884
56.92516339869281
56.68986928104574
56.182352941176475
56.83921568627453
55.909640522875826
55.54035947712419
56.205882352941174
55.72679738562092
56.78137254901961
57.13954248366014
57.06486928104575
58.4063725490196
57.1436274509804
55.92385620915034
56.07385620915033
55.68120915032678
56.52401960784314
56.685784313725485
56.81666666666669
56.3308823529412
56.289542483660135
56.13022875816994
56.084640522875816
57.04640522875818
57.097385620915034
56.28807189542485
56.70359477124182
56.60228758169935
56.95343137254901
57.281209150326774
57.3186274509804
56.023856209150345
56.565522875816995
56.39362745098039
56.18790849673202
54.07549019607841
55.316666666666656
55.77352941176474
57.05931372549023
56.103431372549004
57.1281045751634
57.54493464052288
56.01013071895425
55.07957516339867
55.95833333333332
57.05866013071893
55.600653594771266
55.57630718954248
55.30539215686275
55.824019607843134
56.543954248366035
55.99656862745099
56.15408496732025
57.058660130718955
57.08888888888889
55.936274509803916
56.01633986928104
56.196078431372534
56.48235294117647
57.13251633986929
56.954575163398694
57.380065359477115
56.40228758169936

