49.487908496732025
50.68006535947711
51.15424836601308
51.90179738562091
54.092973856209156
54.6576797385621
55.866013071895416
54.84493464052288
55.318137254901956
55.02450980392156
56.00980392156863
56.15408496732027
54.7204248366013
55.360130718954245
54.12271241830066
54.518137254901944
55.47450980392157
55.90032679738562
56.39558823529411
54.814215686274494
56.54019607843137
54.263888888888864
55.770751633986926
55.33529411764705
56.15065359477123
56.93741830065358
56.29869281045754
57.00343137254903
55.612581699346386
55.65375816993464
55.40849673202616
54.79346405228759
55.99428104575165
56.2187908496732
56.41013071895426
57.015359477124186
57.50081699346406
56.08921568627453
55.69183006535948
56.114052287581714
57.50163398692811
56.38202614379084
57.50261437908494
56.291176470588255
57.013562091503275
56.47320261437908
55.42254901960785
55.0686274509804
56.581045751633994
56.21552287581702
55.870261437908496
56.675816993464046
57.21879084967322
56.23382352941177
56.09852941176471
56.005228758169956
56.73186274509803
56.046568627450974
56.04787581699343
56.99999999999999
56.64297385620915
56.523856209150345
55.884150326797396
56.86633986928108
55.371895424836595
55.974509803921556
56.24101307189543
56.2874183006536
56.772712418300664
57.25245098039217
55.79150326797385
57.39885620915033
56.26307189542483
55.54395424836601
55.56993464052289
56.26078431372549
55.786274509803924
55.56666666666668
56.56617647058824
55.779738562091495
56.69738562091501
55.55915032679738
56.58431372549021
56.80735294117646
56.10049019607843
55.90130718954248
56.339215686274514
55.86862745098041
55.874673202614375
56.06356209150326
55.866176470588236
55.063071895424834
54.78725490196078
55.757352941176464
56.244117647058836
55.78267973856209
55.917810457516346
55.34133986928106
54.82696078431373
57.071895424836605
55.15555555555556

