48.50800653594772
55.24591503267974
58.239542483660124
59.96127450980393
60.133660130718944
61.5777777777778
61.19738562091504
61.59575163398693
61.87581699346405
63.12973856209151
62.65947712418301
63.29003267973855
62.83872549019607
63.28464052287579
63.701633986928115
62.68513071895424
62.59607843137256
61.511928104575155
62.935620915032686
62.86290849673204
61.87647058823528
61.349673202614376
62.988071895424845
63.08447712418299
63.63937908496732
62.98970588235295
63.40604575163399
63.02892156862745
63.14624183006538
62.1294117647059
64.59934640522876
61.90555555555556
62.9207516339869
62.50326797385621
61.67712418300656
61.9514705882353
61.831209150326806
61.991013071895416
62.468790849673205
63.056862745098044
63.8235294117647
62.78513071895423
62.70539215686275
63.28970588235293
63.53088235294118
61.959313725490176
63.43545751633985
63.00653594771241
63.91454248366013
62.833169934640544
62.924673202614386
62.45800653594772
63.742156862745105
63.908986928104596
62.37222222222223
63.29738562091504
62.86732026143791
63.393464052287584
63.15343137254901
63.367647058823565
61.64313725490197
62.83088235294117
62.20016339869282
63.65245098039216
61.577777777777776
61.88431372549017
63.558660130718955
61.81258169934642
62.320424836601305
63.17271241830065
64.14558823529411
62.6545751633987
62.45457516339867
63.06617647058824
63.24264705882353
62.98006535947713
63.00751633986926
62.729738562091505
63.76013071895428
62.67696078431373
63.02745098039215
62.60669934640525
62.51013071895427
62.75931372549021
61.907843137254915
62.60473856209151
62.741339869281056
63.39754901960782
62.059640522875824
62.66830065359478
63.466993464052315
62.18349673202614
63.469607843137254
63.08333333333336
63.768790849673195
63.312091503267965
63.8001633986928
64.06062091503269
64.27516339869281
64.60980392156861
63.207679738562085

