50.58578431372547
53.589542483660125
53.281045751634
53.7892156862745
53.54395424836604
55.59722222222221
55.65604575163399
54.31764705882352
55.47843137254901
54.29509803921568
54.34117647058824
55.14166666666668
54.804411764705875
55.598692810457514
55.761274509803904
55.16797385620914
55.20424836601309
54.927124183006526
54.35032679738562
55.29281045751634
54.31911764705883
55.99738562091503
54.45408496732025
54.432352941176454
55.1312091503268
54.359313725490196
55.35702614379085
55.26977124183007
57.195424836601326
55.73267973856208
55.00343137254902
56.658496732026144
57.41290849673203
55.67320261437908
57.54738562091502
56.53692810457515
56.59297385620917
56.31225490196077
55.99215686274509
55.80245098039212
55.220098039215685
57.41307189542483
56.56503267973858
56.151633986928104
56.62679738562093
55.548366013071906
55.95816993464054
57.192810457516366
56.841830065359474
56.11699346405229
56.410457516339896
55.91633986928106
56.23513071895425
54.961764705882366
55.461601307189554
56.38872549019609
56.23382352941175
55.154738562091495
55.59248366013072
55.927614379084964
55.75898692810457
57.61519607843139
56.82467320261437
56.914379084967315
55.803431372549014
56.68676470588234
57.47761437908496
55.899509803921546
57.55098039215687
56.15588235294118
56.484640522875814
55.74934640522875
55.35866013071896
56.2687908496732
55.76454248366011
55.82663398692812
55.72009803921569
55.56356209150326
55.78725490196077
57.51797385620916
58.124509803921555
56.42516339869281
57.02581699346404
55.84215686274511
55.691013071895426
56.01960784313723
55.53986928104574
56.06960784313726
56.09150326797386
56.96715686274509
53.95653594771241
56.17728758169935
56.17908496732025
56.48382352941177
55.6906862745098
54.53464052287581
54.90049019607842
55.63137254901961
55.27205882352938
56.23071895424838
54.751470588235286

