50.27150782793739
49.88695090439277
51.493578051375586
53.18095455236359
53.424912600699194
52.67574859401121
54.01865785073719
53.779069767441854
54.89987080103359
54.176356589147254
53.15663474692202
55.06136950904392
53.69718042255661
55.926052591579264
56.51808785529715
55.782983736130106
55.16225870193039
54.07337741298068
54.7621219030248
57.203792369661045
55.592605259157935
55.25763793889651
54.283325733394136
55.65701474388204
56.002811977504166
57.41412068703446
55.106399148806815
56.34005927952577
56.00319197446419
54.8062015503876
54.266605867153075
55.34921720626236
54.69980240158079
56.22340021279829
56.65469676242591
57.169022647818835
56.054111567107455
55.728454172366604
56.02941176470587
55.638014895880815
55.4768961848305
56.74874601003194
56.3421492628059
56.599217206262345
56.49718802249581
56.77990576075391
54.59625322997417
56.885354917160655
56.57185742514061
56.26063991488067
57.47872017023865
55.887482900136796
55.57246542027665
55.94239246086031
55.24623803009575
56.61840705274358
55.737384100927166
55.680384556923535
57.006573947408434
55.772913816689474
56.46146830825353
56.69497644018848
57.41108071135431
56.727276181790565
55.97108223134214
54.760791913664676
56.08014135886913
56.26082991336068
56.25569995440037
58.197484420124624
57.75972792217663
55.54092567259463
57.78252773977807
56.212570299437616
55.406406748746015
57.15914272685818
57.73388812889496
55.984382124943
57.90222678218575
55.604195166438664
55.80692354461164
57.62159902720779
56.68547651618787
58.081015351877184
57.02747378020974
57.32197142422862
57.65389876880983
56.893334853321186
58.05802553579571
56.13049095607236
58.124905000759995
58.7733698130415
58.054415564675466
56.52758777929776
57.5708694330445
56.772115823073385
56.35335917312661
55.907242742058074
57.721538227694204
57.51082991336071
57.41450068399454

