49.275655384104844
56.32725651236103
57.77888391128811
58.72289972899728
59.90058625076047
60.01327360212374
60.84546623527458
60.56668602400309
61.62857419390521
61.72345970908687
61.1501714506941
61.98340108401085
61.02624993086664
61.33233781317406
61.55321884851502
61.13997428239588
61.212218627288316
60.64947320391572
61.66089403240973
62.12685277362978
62.22052845528455
62.774805043968804
62.50864166804932
63.11424976494663
62.2397129583541
63.28673745921134
63.030598418229076
63.52524749737295
63.08313975996904
62.846703722139274
63.43312731596704
62.84704938886125
62.84013605442179
62.793298213594376
62.133420441347276
61.63289502792988
62.28430396548863
62.00759775454897
62.10144626956473
63.066547757314325
63.78570737237984
63.09471959515513
61.78758088601294
64.03614291244952
63.41152314584369
62.43224932249324
63.173013107682095
65.15696725844809
64.03545157900558
64.7378463580554
63.57156683811736
63.87730905370278
62.393016149549254
63.07259692494884
62.42447182124881
61.573267518389464
62.33926497428241
61.55874951606658
63.240245285105914
61.520899010010496
62.921367734085486
62.20843012001548
62.56066450970631
64.2063837730214
63.99760107294951
64.23541977766719
63.6709460206847
63.62670068027211
61.364139151595595
63.112694264697744
64.35121812952825
63.08037442619323
63.12185443283004
62.24178695868593
63.08642359382778
63.542358000110625
63.19530861124938
62.94141640395996
62.28171146507383
62.67819119517725
62.31489547038329
62.688042696753485
63.1261752668547
64.10890575742494
63.76393036889554
63.858470217355226
63.04632625407886
63.55013550135502
62.58365134671754
63.81474337702562
62.881097560975604
64.13154692771418
63.80886704275206
62.922404734251415
63.58712184060615
63.18009927548255
63.80852137603007
62.70653586637908
62.70065953210554
62.874357059897136
63.65850201869366

