# Extinction sequence for 84 applications  and 29 platforms.
# This is the data and average for 50 different extinction sequences.
0	84	84	84	84	84	84	84	84	84	84	84	84	84	84	84	84	84	84	84	84	84	84	84	84	84	84	84	84	84	84	84	84	84	84	84	84	84	84	84	84	84	84	84	84	84	84	84	84	84	84	84.0	29
1	82	84	84	83	84	84	83	84	84	84	84	84	84	84	84	83	84	84	82	83	83	83	84	84	84	84	84	84	83	84	83	82	84	84	82	84	83	84	83	84	83	84	84	84	83	83	83	84	82	84	83.52	28
2	81	80	84	83	84	84	82	84	83	83	82	83	84	80	84	83	84	83	82	83	82	78	82	84	83	83	84	84	83	80	82	81	83	82	82	82	83	84	83	83	82	84	83	84	83	82	83	84	82	84	82.7	27
3	79	79	84	83	83	84	76	84	83	83	82	82	84	79	84	83	84	78	82	83	82	78	76	84	83	82	84	84	82	80	82	81	81	82	81	82	81	84	82	82	82	84	83	84	83	82	81	84	82	82	81.98	26
4	79	79	84	82	83	79	73	82	83	82	81	82	83	78	84	77	84	75	82	82	81	78	70	82	83	81	83	82	81	79	82	80	81	81	80	82	80	80	82	81	82	81	83	84	83	82	81	83	82	81	80.9	25
5	79	79	84	78	82	79	73	82	81	82	74	81	83	78	82	76	84	75	82	82	81	78	70	75	83	81	83	82	80	79	82	80	79	80	80	82	76	79	82	81	82	81	82	83	83	81	81	83	82	81	80.16	24
6	78	78	84	78	82	76	71	82	80	81	69	79	82	76	81	73	83	75	81	81	81	78	68	75	81	73	77	77	80	78	81	80	78	80	78	80	76	74	82	81	82	81	82	82	83	80	80	82	82	80	78.84	23
7	78	77	82	75	81	74	70	81	79	75	68	79	81	76	75	73	83	74	81	81	81	77	68	73	81	70	77	77	80	78	81	80	78	80	78	80	72	72	82	81	81	78	82	80	83	80	79	81	82	74	77.78	22
8	78	72	79	67	81	74	68	81	72	75	62	78	76	71	75	73	77	74	81	80	81	74	66	73	77	63	76	76	75	78	81	80	78	80	77	79	67	72	76	79	78	73	78	80	83	74	79	78	82	74	75.62	21
9	72	72	70	67	81	70	68	79	72	75	62	78	76	63	75	72	75	71	80	80	81	73	63	71	73	61	75	76	72	78	80	80	78	73	77	73	66	72	76	73	78	64	70	79	83	72	79	77	81	74	73.72	20
10	72	71	70	65	81	70	60	72	69	74	57	77	76	63	71	71	75	71	79	73	75	72	62	71	71	61	74	76	70	75	78	79	78	73	76	71	65	72	75	66	78	64	67	77	83	72	79	77	81	74	72.18	19
11	68	67	65	61	80	69	60	68	68	74	57	76	74	63	70	71	75	70	79	73	71	69	58	70	65	59	72	76	70	73	77	78	71	72	75	71	65	72	74	65	73	64	66	76	83	72	79	77	79	73	70.66	18
12	67	67	64	61	78	69	58	68	62	70	54	76	74	62	70	68	75	70	79	70	71	69	56	68	65	57	72	73	68	73	77	70	69	64	75	69	65	71	68	63	68	63	65	76	82	70	79	77	78	70	69.06	17
13	57	67	63	61	78	69	55	68	62	66	51	73	73	60	62	68	74	64	74	69	70	65	55	65	59	56	72	68	67	72	76	70	69	64	71	68	52	71	66	57	68	63	65	75	79	69	73	77	76	66	66.76	16
14	54	56	63	60	77	68	55	62	53	57	51	63	69	60	62	67	72	61	71	68	69	61	53	64	54	56	71	65	66	72	76	62	66	64	69	67	49	69	64	54	64	63	57	70	79	68	68	73	68	65	63.9	15
15	51	56	62	50	77	67	54	57	53	57	50	53	69	57	60	63	69	54	66	66	59	61	44	64	54	51	63	64	64	71	74	61	65	63	69	67	46	68	64	54	64	63	52	69	70	68	68	73	61	65	61.4	14
16	46	56	61	39	75	58	44	56	53	52	50	53	66	54	57	56	66	54	64	60	59	61	44	63	53	45	63	64	61	69	73	50	64	60	64	67	46	66	63	54	63	62	52	69	64	68	68	72	61	64	59.04	13
17	46	51	60	35	75	57	39	48	53	51	50	51	65	52	56	47	63	54	62	59	59	60	37	57	53	44	63	60	61	67	64	49	57	52	56	64	39	66	63	53	63	58	43	69	64	68	68	71	59	63	56.48	12
18	45	51	60	32	73	54	35	47	51	50	41	40	63	52	51	47	54	52	59	58	58	60	36	52	44	41	59	49	61	60	63	49	48	51	51	61	34	66	63	47	57	57	42	60	64	60	64	70	59	62	53.26	11
19	42	49	52	32	63	46	35	42	47	49	36	40	63	44	43	46	54	52	58	52	58	53	36	50	44	40	57	49	59	48	63	48	41	42	51	54	20	63	62	47	55	51	42	50	56	58	55	62	59	52	49.4	10
20	39	43	52	32	63	45	24	42	34	48	36	38	57	34	41	45	42	50	57	43	56	47	35	50	32	29	47	45	52	48	62	48	37	26	51	53	18	59	61	39	42	51	40	38	55	58	55	55	58	51	45.26	9
21	27	40	52	31	58	43	18	42	34	48	27	32	42	34	40	42	42	50	56	43	56	35	34	50	21	29	46	42	43	48	60	47	36	22	50	45	16	53	56	36	28	50	35	38	44	58	44	55	45	47	41.4	8
22	27	38	45	31	49	43	18	33	31	39	23	31	30	34	40	42	31	43	52	37	56	35	21	38	19	29	38	41	42	46	56	44	33	22	33	42	11	52	55	35	24	40	34	32	39	50	43	55	40	44	37.32	7
23	27	37	35	30	39	29	17	28	31	37	16	29	29	33	26	39	26	37	43	22	48	34	21	34	19	23	37	40	27	45	54	42	32	22	29	42	11	52	50	35	24	38	33	31	31	41	37	50	39	35	33.32	6
24	27	37	34	28	37	15	11	28	25	37	10	17	15	30	19	27	26	35	43	19	36	31	20	34	18	23	24	40	21	33	53	35	31	21	29	41	3	42	47	34	21	34	15	29	26	40	37	37	39	26	28.8	5
25	26	29	29	28	34	13	10	25	17	32	8	15	13	30	5	11	7	27	42	19	25	30	20	34	17	22	24	29	3	30	43	26	20	12	16	40	2	36	47	34	13	25	12	26	25	30	26	31	33	18	23.38	4
26	8	16	28	14	26	10	9	22	13	31	7	15	11	26	4	4	6	12	25	17	25	30	18	33	17	20	16	17	3	23	32	26	11	10	16	30	2	35	38	33	6	25	11	25	22	28	23	29	30	3	18.82	3
27	6	2	16	5	21	3	4	18	11	30	3	15	3	23	4	4	5	3	20	15	22	23	18	16	17	4	16	16	3	11	21	11	10	9	7	17	1	31	23	33	3	24	2	19	21	17	22	21	29	2	13.6	2
28	5	2	1	2	20	2	2	1	10	17	2	15	3	16	3	2	3	0	2	0	10	3	9	16	16	3	16	16	1	1	1	1	9	9	5	15	1	20	15	20	1	9	2	15	17	16	2	20	16	0	7.86	1
29	0	0	0	0	0	0	0	0	0	0	0	0	0	0	0	0	0	0	0	0	0	0	0	0	0	0	0	0	0	0	0	0	0	0	0	0	0	0	0	0	0	0	0	0	0	0	0	0	0	0	0.0	0

