48.58492063492063
55.77460317460318
60.90992063492063
59.97896825396823
62.540873015873025
63.89246031746032
64.08015873015874
64.34801587301587
64.72222222222224
64.76587301587301
64.44007936507937
65.16587301587303
62.047222222222246
63.097222222222236
66.18214285714285
64.61190476190475
64.26944444444445
65.4809523809524
67.13253968253966
65.68055555555556
65.74166666666667
64.81031746031746
64.34484126984127
65.92222222222223
66.82579365079364
67.49325396825395
68.24682539682541
67.63492063492063
68.53055555555557
65.91111111111113
66.71309523809524
65.18849206349208
65.88293650793653
66.3972222222222
67.85317460317461
66.98968253968255
66.30674603174602
66.8686507936508
65.20317460317462
62.83769841269841
65.1781746031746
65.38730158730158
64.98134920634922
64.81309523809526
64.2154761904762
64.36626984126985
63.30714285714284
64.65238095238097
65.41428571428573
64.42222222222222
67.10515873015873

