50.53015873015872
56.044841269841264
58.706746031746036
60.968650793650795
62.03730158730158
64.09603174603173
63.15119047619048
63.37619047619049
64.55436507936507
65.60833333333335
66.13214285714287
65.99126984126985
66.16111111111111
65.53333333333335
65.44642857142856
65.9972222222222
65.84246031746032
65.26309523809525
67.46666666666667
66.87063492063491
67.43730158730159
65.50436507936509
66.80992063492063
65.7238095238095
67.44920634920635
65.83095238095237
64.59603174603174
67.23333333333332
68.07619047619046
68.40396825396827
67.67500000000001
66.64722222222224
67.98412698412699
67.47182539682541
66.7813492063492
67.2047619047619
67.26031746031748
66.6670634920635
65.85396825396826
65.14761904761906
65.02857142857141
64.01626984126983
65.58769841269839
63.75555555555555
65.64166666666667
65.45277777777775
65.01785714285715
64.78492063492062
66.47539682539684
66.66468253968254
67.58174603174602

