50.18823529411763
57.06307189542484
57.00669934640524
59.968627450980385
60.27892156862744
61.56127450980391
60.92745098039215
60.92892156862744
61.931209150326815
61.62254901960783
61.502941176470586
61.55408496732024
61.44836601307191
61.015686274509804
60.916830065359484
61.568137254901956
62.255718954248366
62.34035947712421
60.522712418300664
61.50653594771241
62.072222222222216
62.368627450980384
62.44183006535947
61.092320261437884
62.33611111111112
62.56078431372547
61.79656862745097
62.32859477124183
62.92303921568627
61.740686274509805
61.487745098039206
62.07549019607842
62.925653594771255
62.09199346405231
62.976307189542524
62.049019607843135
62.61454248366014
62.3565359477124
62.03088235294118
63.27630718954249
61.083496732026155
61.215196078431376
63.32075163398694
62.354248366013074
62.23316993464052
62.333169934640544
62.34950980392156
63.254411764705885
62.13055555555555
62.87336601307191
61.939542483660134
62.67516339869281
62.70915032679739
61.94967320261438
62.93545751633985
62.53398692810457
62.166993464052275
62.54656862745098
62.26846405228758
63.170751633986946
61.67549019607842
61.745261437908496
62.21388888888889
62.509803921568604
61.8127450980392
61.91650326797385
62.081862745098036
62.583333333333336
63.14248366013071
61.96911764705884
62.4498366013072
61.08741830065362
62.508006535947736
62.38562091503269
61.39362745098037
63.72238562091502
62.16928104575163
63.02875816993464
62.313071895424855
62.16830065359476
63.089542483660125
62.98545751633987
62.335457516339886
64.07843137254903
62.71895424836601
62.850163398692814
62.749673202614375
62.584477124183
61.8607843137255
61.58480392156866
62.525653594771256
62.37156862745097
62.772385620914996
61.129901960784316
61.25735294117647
63.419771241830084
62.43529411764705
62.38725490196077
62.34232026143791
63.027450980392175
61.68807189542487

