50.566503267973836
51.21388888888888
54.21078431372547
53.483660130718945
54.1980392156863
55.444117647058825
55.457189542483654
53.770098039215675
53.180555555555564
55.04052287581699
54.904575163398675
53.50539215686274
54.2437908496732
55.23218954248365
54.78954248366015
54.882352941176485
55.84526143790849
55.54101307189544
55.4794117647059
56.10343137254902
57.09395424836601
55.35996732026145
56.29199346405228
56.792320261437915
56.57826797385622
55.94232026143789
56.245261437908475
56.10539215686272
56.42875816993463
56.000490196078424
55.9795751633987
57.62189542483662
55.586274509803914
56.657516339869275
56.70620915032678
56.842156862745085
57.97124183006537
56.503758169934656
56.70702614379084
56.08970588235294
56.867483660130716
56.56633986928102
56.59052287581699
56.03055555555554
56.99673202614378
56.61781045751635
56.53905228758171
57.204084967320256
57.78039215686274
58.272385620915024
56.008660130718965
58.0032679738562
56.550816993464046
55.284477124183
57.10767973856211
56.790032679738566
55.493790849673196
56.25016339869282
57.21699346405228
57.546895424836606
57.570098039215665
55.947222222222216
55.58970588235292
55.94019607843137
56.333986928104586
58.09101307189542
56.765686274509775
56.72450980392156
58.110457516339864
56.63202614379086
57.871405228758164
59.06584967320262
56.45277777777776
57.95408496732024
55.770424836601315
56.20441176470589
55.22892156862748
56.5720588235294
56.751960784313724
56.44885620915032
57.09869281045752
55.497222222222206
54.77843137254903
56.577124183006546
57.41339869281046
55.21437908496733
58.113398692810456
57.899836601307186
57.924509803921566
55.965522875817
56.48235294117647
57.48790849673201
53.89771241830068
56.88496732026146
55.2547385620915
56.62385620915033
57.07303921568625
57.17173202614381
58.3112745098039
56.86013071895425
57.36290849673203

