50.876307189542494
52.151307189542486
52.37336601307187
51.60473856209149
52.31045751633986
52.270098039215675
54.42532679738561
55.181862745098066
53.716176470588216
55.01977124183007
53.75196078431374
54.555392156862744
55.32222222222223
54.3826797385621
55.21764705882355
55.96846405228758
56.84607843137255
55.31748366013072
55.04901960784315
56.95163398692809
56.5593137254902
57.019934640522884
53.5169934640523
55.80310457516337
56.48709150326798
56.17941176470589
55.27418300653595
55.43447712418299
55.99999999999999
57.20653594771241
55.15490196078433
57.5266339869281
56.48562091503268
58.03349673202616
57.71584967320259
56.2653594771242
55.99885620915034
56.85261437908496
54.3375816993464
55.89346405228759
55.749183006535944
56.218954248366
55.19281045751633
55.879411764705864
55.483660130718974
55.329411764705874
58.02205882352942
55.58872549019609
56.370261437908496
55.60261437908497
54.29950980392155
55.60555555555556
54.311111111111096
55.716503267973835
55.75866013071895
55.19787581699346
56.81209150326799
57.06960784313726
54.68643790849676
56.06944444444446
55.09346405228759
57.32009803921569
56.56176470588233
54.423692810457524
56.72843137254902
57.15228758169935
58.45065359477123
55.47320261437909
57.39558823529413
56.470751633986914
57.695588235294125
55.953267973856214
57.13480392156862
57.444117647058825
57.728921568627435
57.08921568627451
56.8076797385621
56.4202614379085
55.98447712418299
56.093627450980385
56.02777777777776
56.90882352941178
57.29395424836602
59.593137254901976
57.3171568627451
56.4158496732026
57.482189542483674
56.37843137254901
56.957843137254905
57.69477124183005
57.18660130718954
57.40049019607842
58.244444444444454
57.397549019607844
56.85245098039218
57.2923202614379
56.06764705882353
56.31813725490197
56.521241830065385
55.437254901960785
56.14330065359477

