50.19603174603174
57.57817460317458
58.826587301587296
60.56706349206351
62.82619047619047
63.725
62.61626984126985
62.944444444444436
64.57420634920636
65.06230158730158
65.08492063492064
66.80634920634922
66.51626984126983
66.61468253968255
65.54206349206349
64.5845238095238
64.85119047619047
63.240079365079374
63.22142857142856
65.88055555555556
65.84484126984128
66.30912698412699
65.0297619047619
65.98571428571427
64.63809523809525
64.42460317460318
65.18492063492062
65.02261904761906
64.47936507936507
65.89920634920634
65.51825396825394
63.57698412698413
65.19999999999999
65.70873015873013
64.56269841269842
62.98253968253966
63.736507936507934
65.6797619047619
64.6857142857143
63.85833333333333
64.65595238095239
65.83968253968256
65.5027777777778
66.13531746031745
66.22341269841269
65.55595238095238
66.08849206349205
66.71190476190476
64.65753968253968
65.42499999999998
65.25753968253969

