51.758055935552505
54.35419516643869
57.419440644474825
59.33006535947711
59.807531539747686
61.49243806049554
62.58701930384556
62.26440188478492
61.737346101231196
61.042331661346715
62.8017175862593
62.6375588995288
61.94596443228455
62.33356133150934
61.892574859401115
62.92217662258703
61.91005471956221
62.637368901048795
61.34176926584588
62.53552971576226
63.69148046815625
64.1938364493084
62.75212798297613
63.572731418148656
62.72894816841465
63.23605411156711
62.52507979936161
61.780855753153986
61.75406596747226
62.644778841769245
64.99354005167957
63.934488524091826
62.77131782945735
63.35043319653442
64.27952576379388
62.15382276941783
61.69972640218877
61.56558747530021
64.50904392764859
62.9702462380301
61.72917616659067
62.029563763489904
61.59921720626238
63.64816081471347
62.40557075543397
63.24954400364797
63.08101535187721
62.2769417844657
61.032831737346115
62.25414196686426
61.675596595227276
61.99137406900744
62.34876120991032
62.775307797537636
61.63512691898465
61.30167958656331
61.53138774889803
63.655380756953925
63.755889952880395
63.14960480316157
62.431030551755605
63.713140294877654
61.29673962608299
62.01341389268885
61.83842529259766
61.266149870801044
62.135012919896646
63.07873537011702
63.16803465572277
63.68350053199576
63.02078583371333
63.69585043319654
63.461392308861534
62.551869585043306
63.756839945280404
63.73727010183919
63.75455996352029
62.80855753153973
61.98681410548718
63.47089223286213
64.12619699042406
63.63676090591277
62.01132390940872
61.69421644626845
63.32307341541268
62.86859705122361
63.034845721234234
61.54810761513909
62.57808937528498
61.99061407508739
62.30658154734764
63.08956528347771
62.85225718194254
63.18361453108374
63.43992248062016
62.92559659522726
62.283401732786125
63.52599179206568
63.082725338197285
62.04001367989056
64.9426204590363

