48.593197524911616
51.44229481410051
52.244220775742
52.27586253080469
52.09203900139293
53.8993022072217
54.46098521375763
53.585395906996666
54.26862343297972
53.6466704168006
54.11476749169615
54.575330815386266
54.960724043715835
55.67324949105327
53.4159702132219
53.708782010071786
55.45577520625735
54.9160237865638
55.23294358727098
57.07184854816245
54.661717829208165
54.747937426336655
55.800151344690896
56.199942408657456
55.35030268938175
56.57411871852567
55.40571761491485
55.15291840780028
54.037923229401066
54.49865396978465
54.904639451408976
54.79046126647378
54.54268456016287
55.313303600128584
53.665421086467404
54.720481088610306
54.45763687988856
56.45709444980178
56.43516286295939
55.61599298189223
57.41120218579234
56.078565305903794
56.722784742312236
55.994856959177106
55.78776250937535
56.41406835958429
56.58232213650488
57.066491213971936
56.51066779170685
57.726447819564974
56.618484142290804
58.644226133076174
57.205781902925104
58.09158362798672
57.314602753669774
56.80984142290796
57.2506495767706
57.72242981892211
56.93456685953071
56.581987303117984
55.80935926283084
57.12609155684133
56.681432819029254
56.38292885460196
55.66956632379727
57.33050733954785
57.284467748848165
56.6263527268831
56.724626325940186
56.296541840780044
56.707382406514526
57.26621932926177
56.82005384120862
57.41203926925961
57.54865129111755
58.77213248687454
56.63120781099327
56.02783804778744
56.481537287045946
54.95419479267115
54.972610628951045
56.31311609343187
55.90227552769744
56.257533751205415
58.49991294331941
56.4254526947391
55.44120995392693
56.95616361298619
56.73416907746704
56.86877209900353
55.70505866280938
53.386672291867576
56.15340056787744
54.89509669988214
55.64093806921675
54.889906782385076
55.23076717025608
56.41105485910211
56.6633518161363
56.92000160720028
57.66015080895747

