48.99803921568626
51.76143790849673
51.865032679738555
53.20261437908497
54.798202614379065
57.39395424836603
55.07859477124184
55.11732026143791
55.08758169934639
55.94575163398694
54.981209150326784
55.19117647058825
55.216339869281065
54.93513071895426
55.54084967320259
55.260620915032675
57.92434640522877
57.10735294117648
55.62728758169933
55.804084967320264
54.24509803921568
54.834477124183024
54.36699346405229
53.37941176470588
55.74526143790849
55.17271241830066
55.47385620915034
55.31241830065359
56.04509803921566
56.940196078431384
56.305065359477126
56.985130718954245
55.84787581699345
56.17859477124183
55.604738562091484
55.90751633986929
55.852124183006524
55.731535947712416
55.32679738562091
56.056372549019606
55.05375816993465
54.292483660130706
54.76830065359476
54.510784313725495
54.073692810457516
54.308333333333344
55.589052287581694
56.06519607843137
54.19003267973858
55.61486928104576
55.719117647058845
56.57777777777778
55.68480392156864
56.629411764705885
55.83725490196079
54.85980392156864
55.3781045751634
55.89346405228758
56.00718954248366
57.45049019607843
56.50375816993463
57.66029411764707
56.60261437908499
57.80408496732027
59.391013071895436
57.03823529411765
55.09950980392158
55.94166666666665
56.96209150326796
56.25392156862746
56.069771241830054
54.81143790849674
56.36732026143789
56.08709150326797
55.46045751633988
55.63741830065357
55.54084967320261
54.921078431372564
55.137908496732024
55.46486928104575
56.061437908496714
56.030065359477135
56.40669934640522
56.62941176470589
57.27091503267974
55.819444444444436
56.58790849673201
55.671732026143815
56.477124183006524
55.46372549019605
57.20408496732028
56.89738562091502
56.18970588235296
55.2062091503268
56.450816993464045
55.30441176470586
55.660784313725465
56.004901960784316
54.68529411764707
55.37140522875815
55.254084967320274

