49.365625000000016
51.599652777777784
52.33489583333332
54.71493055555554
55.098437499999996
55.49774305555558
53.664930555555536
53.47604166666666
54.04930555555557
53.78888888888892
55.633506944444434
54.913368055555544
56.27829861111112
56.46336805555554
57.368923611111114
55.28993055555556
56.528993055555574
56.34600694444445
56.4392361111111
56.28072916666667
56.12309027777778
56.74722222222221
56.93541666666666
58.50520833333333
57.151388888888896
59.34583333333333
56.78993055555557
57.63663194444446
58.377604166666664
56.39513888888887
56.35555555555555
56.85902777777777
56.87326388888888
55.32586805555556
54.2779513888889
55.42135416666666
55.55989583333334
56.92725694444445
56.27656249999998
56.06961805555554
55.36944444444446
56.298437500000006
56.33072916666666
57.50677083333334
57.52899305555555
57.388368055555574
57.39201388888888
57.33802083333334
58.15034722222222
57.241319444444436
56.45850694444443
57.65156250000001
56.59687499999998
58.43975694444443
58.18402777777779
57.95729166666669
57.74114583333333
57.43211805555557
56.77673611111111
56.11597222222223
56.7279513888889
58.36579861111114
58.505555555555546
58.96128472222222
58.4784722222222
57.49999999999999
58.82690972222222
58.08906249999999
57.1123263888889
57.332986111111104
56.79982638888886
56.534201388888896
57.710243055555544
57.84670138888889
57.56059027777778
56.748958333333334
55.767187500000006
57.93645833333333
56.713368055555534
58.51631944444444
57.232812499999994
57.118229166666666
57.421354166666696
58.09565972222224
59.21249999999998
58.40746527777778
57.51197916666666
57.96666666666669
57.972743055555554
57.39218750000001
57.10225694444445
56.87986111111108
56.22013888888888
56.722048611111106
57.34774305555557
56.59947916666667
57.11493055555557
57.05572916666668
57.59548611111111
56.641319444444434
57.29461805555557

