# Extinction sequence for 721 applications  and 247 platforms.
# This is the data and average for 50 different extinction sequences.
0	721	721	721	721	721	721	721	721	721	721	721	721	721	721	721	721	721	721	721	721	721	721	721	721	721	721	721	721	721	721	721	721	721	721	721	721	721	721	721	721	721	721	721	721	721	721	721	721	721	721	721.0	247
1	719	712	721	707	710	720	710	716	714	718	721	710	713	710	721	718	721	721	721	720	721	718	721	719	718	719	721	719	721	721	715	707	721	718	721	719	720	720	721	712	707	721	718	720	721	720	714	713	721	720	717.4	246
2	711	712	720	707	710	719	710	716	708	718	719	708	713	709	718	717	711	719	720	718	720	718	718	719	714	719	721	719	718	720	713	707	718	716	720	716	718	713	721	711	705	713	718	709	707	720	712	695	721	719	714.82	245
3	709	710	718	707	710	717	698	714	707	717	719	705	712	709	708	703	703	703	720	718	719	718	714	716	702	716	720	716	714	720	709	707	716	712	717	714	718	713	719	711	705	709	716	709	701	709	711	694	717	719	711.76	244
4	706	710	718	703	705	717	697	714	707	717	718	703	712	697	707	703	703	703	715	709	719	715	704	716	690	714	719	700	696	720	707	707	703	712	714	714	718	711	717	709	703	709	714	709	699	701	709	694	712	704	708.46	243
5	706	708	716	699	703	717	692	714	707	713	718	693	711	697	707	693	702	700	708	708	719	713	704	708	689	708	717	695	692	720	705	703	688	712	714	707	715	711	717	709	701	700	711	709	698	701	709	687	709	702	705.7	242
6	706	708	716	698	701	709	688	712	705	713	716	692	696	695	705	691	701	700	708	706	719	712	702	708	689	708	716	688	692	720	700	701	688	712	714	707	713	711	717	708	700	697	711	709	689	696	709	686	708	699	703.9	241
7	704	708	711	697	698	708	687	709	705	709	714	690	696	695	702	691	701	697	694	701	718	712	700	708	689	703	710	673	690	720	699	695	688	712	713	706	711	706	715	708	698	695	709	707	677	696	708	684	702	699	701.36	240
8	702	708	710	697	698	708	677	702	704	709	714	690	685	690	702	689	698	696	694	697	710	712	700	708	688	698	708	662	690	720	692	692	684	706	713	706	710	706	712	707	698	681	709	704	672	696	708	684	699	699	698.88	239
9	701	696	702	685	687	708	669	691	704	707	714	689	685	690	701	689	685	694	692	695	710	711	698	705	688	697	707	658	678	720	691	686	683	695	699	705	710	706	708	706	697	681	708	703	671	695	708	684	698	687	695.54	238
10	701	696	702	681	686	696	669	690	704	707	714	689	684	690	700	686	685	689	692	690	710	705	698	704	683	697	695	658	676	720	691	685	679	691	691	702	710	701	707	700	697	681	707	703	656	695	706	683	688	684	693.08	237
11	699	690	700	680	686	688	669	688	703	706	713	684	681	690	686	683	685	683	689	690	708	704	698	692	683	689	684	658	675	720	677	684	678	690	689	702	709	701	707	698	697	681	697	698	655	687	705	683	682	684	690.16	236
12	697	688	699	675	683	687	668	688	703	704	712	682	679	690	684	681	683	681	683	682	707	700	697	692	677	683	684	658	674	720	669	679	677	688	672	702	709	699	707	696	692	680	693	688	652	687	697	683	680	684	687.5	235
13	694	687	687	673	681	687	668	684	694	702	711	680	679	689	672	680	675	681	679	682	700	699	687	692	677	678	673	657	674	720	669	676	673	688	670	702	709	697	706	694	691	665	693	686	650	687	682	683	678	683	684.48	234
14	694	687	686	672	677	672	666	684	694	687	711	680	671	687	665	679	675	675	674	677	700	697	682	690	677	668	659	645	673	720	668	675	662	688	670	699	709	691	704	693	691	664	693	681	649	685	682	679	677	681	681.3	233
15	694	687	686	670	673	667	661	672	692	685	709	669	668	683	660	678	675	665	674	672	698	697	682	690	677	668	658	634	671	720	668	673	662	688	657	697	709	687	695	691	691	660	690	681	649	685	682	679	673	681	678.66	232
16	690	685	685	663	673	661	659	667	691	685	706	669	668	683	659	675	675	659	665	670	686	697	682	688	675	656	658	633	670	716	668	673	657	688	655	687	696	683	695	691	691	660	678	680	646	679	682	667	669	681	675.5	231
17	688	681	682	663	672	659	659	666	691	674	705	668	653	683	659	675	672	657	662	667	676	690	680	684	673	655	658	633	668	714	653	670	652	687	651	683	686	681	693	691	689	660	678	680	642	676	680	667	663	667	672.32	230
18	687	680	682	661	671	654	659	664	691	674	704	668	651	679	658	675	669	657	662	661	676	689	680	682	670	652	658	633	668	714	641	668	651	685	650	681	685	673	690	688	686	648	678	677	632	671	680	664	649	667	669.86	229
19	686	678	679	653	661	652	645	663	690	668	703	667	641	679	645	665	669	655	653	655	671	689	680	682	667	638	657	630	668	714	638	666	651	680	647	679	674	661	684	680	686	647	676	670	627	667	677	660	648	667	665.76	228
20	686	678	661	652	661	649	645	662	690	668	691	667	636	666	639	661	668	655	649	655	671	686	677	670	667	638	657	620	665	703	638	664	651	677	647	679	672	653	666	680	677	643	675	670	624	663	675	656	639	661	662.06	227
21	683	677	661	637	661	639	645	660	689	658	690	664	633	655	639	657	668	648	646	654	667	685	676	670	666	638	657	619	660	697	638	664	639	677	645	679	672	647	666	675	669	643	675	668	624	651	675	654	637	661	659.16	226
22	678	675	659	637	657	638	638	660	689	658	690	664	632	655	638	655	662	646	646	654	663	685	670	668	666	638	657	618	659	697	628	661	637	676	643	677	662	647	663	673	669	642	675	668	624	647	675	649	629	658	657.1	225
23	674	675	655	634	655	638	629	660	684	658	689	664	632	654	638	646	658	629	644	652	660	672	668	668	666	637	651	616	658	697	628	658	637	676	639	673	656	644	661	673	662	640	675	668	624	647	673	648	629	653	654.5	224
24	672	670	639	632	650	632	629	660	680	658	686	664	629	653	623	641	657	626	642	652	660	670	668	668	666	636	649	615	656	694	626	658	633	675	639	673	651	643	659	662	654	637	675	668	624	641	671	646	629	653	651.88	223
25	664	667	638	630	650	632	628	658	679	657	676	663	626	650	619	641	657	624	642	651	660	668	668	662	665	633	649	615	654	694	625	653	632	675	637	673	647	643	659	657	654	634	675	653	617	641	671	646	626	652	649.8	222
26	663	667	638	629	650	627	627	654	667	657	676	661	626	650	616	639	647	624	642	651	658	666	668	662	662	631	646	613	651	690	624	652	632	662	627	667	645	642	658	657	639	628	669	651	617	634	671	646	626	650	647.1	221
27	663	659	627	618	635	623	626	648	663	656	665	660	625	650	616	639	646	620	636	641	654	666	654	661	661	631	646	611	650	690	624	642	628	660	626	666	637	639	657	655	635	628	669	650	605	620	671	643	626	646	643.34	220
28	662	658	627	618	629	621	622	640	662	650	665	659	625	646	616	635	636	620	630	640	648	661	653	659	655	626	644	609	650	688	622	635	621	656	626	665	636	639	657	655	635	615	669	650	605	617	670	642	624	645	640.76	219
29	662	658	627	618	629	621	620	640	659	648	661	658	621	641	616	633	636	610	628	637	646	643	651	659	654	619	644	599	648	687	622	633	619	654	626	664	627	625	657	655	633	612	669	644	600	617	670	642	623	643	638.16	218
30	662	652	627	618	627	615	606	639	659	647	660	657	621	641	613	617	631	610	627	635	645	641	650	642	654	616	629	599	648	672	622	628	619	652	625	659	624	625	656	655	629	611	667	642	590	613	666	641	620	631	634.7	217
31	653	652	615	610	619	615	604	639	657	640	654	654	616	634	608	617	631	608	623	634	643	641	650	642	654	604	627	597	642	672	622	626	619	652	624	648	620	619	652	655	629	598	663	637	588	607	666	638	618	631	631.34	216
32	650	652	615	608	618	611	604	636	655	640	654	654	613	628	608	617	630	608	621	633	643	630	650	642	654	603	619	595	635	665	620	626	616	652	621	646	616	611	652	655	629	592	661	628	588	597	665	638	617	631	629.04	215
33	648	652	615	608	618	610	603	631	655	639	654	654	607	626	603	617	628	608	621	633	640	628	650	642	654	602	619	593	620	655	620	626	615	651	620	645	612	608	652	655	627	591	647	628	588	596	665	621	614	630	626.88	214
34	648	647	615	607	606	610	603	631	654	639	653	654	598	626	603	617	617	607	621	630	637	625	650	642	653	602	614	593	620	645	611	624	601	643	620	643	612	607	652	649	614	589	644	626	588	596	663	621	613	628	624.22	213
35	648	645	615	607	606	610	597	630	654	635	647	653	598	621	603	613	617	606	621	630	631	625	644	636	653	602	614	593	618	630	609	621	599	642	620	637	599	607	652	647	613	584	644	625	587	596	658	621	611	628	622.04	212
36	646	643	605	606	604	597	597	629	654	634	645	647	598	621	603	607	614	606	620	627	613	623	642	635	652	598	614	589	607	629	608	618	596	639	615	625	590	607	651	646	613	584	644	624	586	585	646	620	611	625	618.76	211
37	641	641	605	604	601	597	597	627	654	634	645	646	598	616	600	600	613	605	620	623	613	620	642	634	652	596	614	589	605	623	608	618	596	636	615	623	589	607	651	640	613	567	642	624	573	584	635	619	609	625	616.58	210
38	640	639	605	604	599	595	597	621	653	630	645	645	598	616	597	598	607	600	608	620	604	620	641	633	652	595	612	587	603	622	605	600	596	634	615	623	584	606	648	640	613	567	641	607	571	583	633	616	603	614	613.7	209
39	632	639	605	595	599	595	597	621	649	629	645	639	596	612	586	597	606	586	594	618	603	617	638	632	652	595	606	585	603	618	605	596	588	632	600	621	583	604	648	636	610	562	641	605	571	583	633	611	603	614	610.7	208
40	627	638	605	595	598	590	595	621	649	623	636	639	582	611	585	586	606	586	589	615	601	617	636	631	652	595	604	580	602	615	602	596	575	629	600	619	583	604	648	632	609	561	640	604	571	578	631	597	601	613	608.04	207
41	614	627	604	579	594	584	594	621	647	623	635	638	582	608	585	586	606	573	574	614	593	616	628	629	650	595	602	580	599	615	602	596	575	629	597	618	582	604	644	630	597	559	640	600	571	578	631	597	601	613	605.18	206
42	614	622	604	574	594	583	593	621	644	608	620	636	574	608	585	585	606	573	573	613	593	612	628	627	650	595	602	579	599	614	596	594	565	619	597	618	580	604	644	630	597	559	629	597	571	576	629	596	599	613	602.84	205
43	614	618	604	574	594	578	588	619	636	607	615	635	568	608	583	584	606	573	561	613	588	608	627	625	649	595	598	579	596	612	593	592	565	617	597	616	574	604	632	628	596	559	624	589	567	573	627	594	594	611	600.14	204
44	613	618	604	571	593	575	588	619	631	607	615	635	568	597	579	584	606	572	561	612	588	603	627	619	643	595	598	579	595	604	593	589	562	615	585	614	570	597	631	627	596	555	622	584	564	566	625	594	593	599	597.6	203
45	601	617	601	571	593	573	588	619	616	598	610	635	567	597	579	584	606	571	560	596	587	599	619	619	640	595	598	579	595	600	593	586	561	609	583	614	569	596	631	621	596	553	620	582	559	565	621	593	588	599	595.04	202
46	601	613	588	571	591	559	582	617	606	598	609	633	567	588	576	583	605	571	560	596	571	598	616	619	640	593	596	578	595	596	593	586	561	605	581	614	568	592	630	621	594	543	618	582	542	563	621	591	588	598	592.14	201
47	595	612	588	570	591	558	581	614	604	596	607	632	563	585	575	583	605	571	553	596	569	588	616	618	640	591	594	570	595	594	590	581	560	601	575	614	568	592	630	620	592	541	615	582	542	547	620	591	573	594	589.64	200
48	595	609	581	553	574	554	581	613	603	595	606	632	563	583	575	570	593	571	552	591	555	582	616	616	626	591	591	565	595	594	587	581	559	595	573	613	568	590	628	610	590	540	615	580	542	544	620	590	573	592	586.3	199
49	594	608	581	547	572	543	564	613	601	594	602	632	557	583	575	568	578	571	549	589	555	580	612	615	624	590	591	565	595	594	585	571	544	583	566	610	567	590	622	608	590	535	615	580	540	544	617	589	573	592	583.26	198
50	590	606	579	544	571	541	560	609	601	592	597	630	557	581	571	567	578	568	547	588	555	580	612	607	622	590	589	563	595	594	583	569	539	578	554	610	566	585	618	608	588	532	614	578	540	543	614	587	573	577	580.8	197
51	584	606	578	543	564	531	549	609	591	580	595	628	542	577	558	567	577	566	547	578	549	580	611	606	620	588	575	562	591	594	583	567	527	578	545	610	562	581	617	608	585	530	614	578	538	540	614	583	573	576	577.1	196
52	582	602	575	543	564	530	549	604	580	580	595	626	540	575	558	564	573	565	543	576	549	576	611	604	618	587	570	562	591	592	583	567	525	573	545	599	562	581	613	605	579	527	598	576	536	540	610	582	571	575	574.62	195
53	579	601	575	543	564	530	549	602	576	579	591	626	540	569	555	563	573	564	543	569	548	574	610	604	618	587	556	562	591	589	582	567	523	573	544	597	561	579	598	604	579	526	596	574	535	536	598	582	571	571	572.52	194
54	578	599	564	532	560	529	549	591	570	579	590	621	539	569	555	563	569	561	542	554	547	574	608	602	618	585	554	561	590	588	580	566	513	562	544	597	559	574	598	599	579	525	590	568	535	536	595	578	571	571	569.62	193
55	578	598	564	531	559	527	549	589	570	578	588	611	538	566	555	563	568	552	540	552	547	566	607	602	613	583	554	561	576	579	574	562	513	559	544	597	557	573	592	595	571	523	589	568	535	536	589	573	569	570	567.06	192
56	577	598	563	529	557	516	549	586	570	573	588	603	536	566	555	557	566	552	537	552	547	566	605	589	613	579	554	558	576	573	573	559	505	559	544	592	555	573	589	595	571	521	580	566	529	535	585	573	568	567	564.58	191
57	565	598	558	528	557	516	547	586	567	570	588	603	535	566	553	554	562	550	537	551	546	563	598	578	613	579	549	553	563	572	570	559	499	557	541	592	552	573	589	595	569	521	578	562	517	532	584	573	568	549	561.7	190
58	559	598	558	528	555	516	545	585	556	569	582	603	535	565	550	552	557	545	537	537	545	561	598	577	613	577	549	552	563	570	566	552	493	557	541	586	552	573	588	595	566	521	577	556	515	530	582	573	566	542	559.36	189
59	557	594	552	527	551	514	542	582	556	568	581	603	534	561	548	547	551	541	533	534	545	561	582	575	603	577	549	549	562	568	566	552	493	555	541	585	552	561	586	591	566	521	575	555	505	530	581	570	554	540	556.52	188
60	555	593	552	517	551	513	542	581	556	567	579	601	532	561	532	542	548	541	531	534	543	560	574	575	598	575	549	547	562	566	566	551	492	553	541	579	552	560	584	588	565	521	574	554	505	518	581	570	553	536	554.4	187
61	541	581	537	517	551	512	527	579	553	565	579	589	531	547	530	541	547	526	525	534	543	556	573	574	598	573	549	547	557	566	554	545	488	553	536	579	552	560	579	578	558	521	574	553	505	515	581	570	553	536	550.76	186
62	537	581	525	514	551	507	525	576	548	561	576	586	530	532	512	539	545	526	522	534	543	542	569	573	596	572	536	547	552	566	548	543	488	553	527	561	538	559	579	576	553	517	559	553	505	515	581	567	553	536	546.68	185
63	534	566	524	508	545	500	521	576	547	560	576	586	530	517	511	537	542	526	521	523	543	542	569	568	592	567	535	547	546	565	545	543	487	553	516	559	538	558	577	576	547	517	559	552	501	515	580	564	547	536	543.88	184
64	523	566	514	508	536	499	520	576	545	555	576	586	528	515	500	535	542	525	521	519	542	542	569	568	590	567	533	547	546	565	543	541	487	552	516	544	536	557	577	571	547	511	553	534	499	515	580	562	545	533	541.22	183
65	511	564	514	508	536	499	520	576	545	544	576	584	527	514	499	520	542	524	519	519	542	542	569	564	588	567	533	543	534	559	543	541	486	548	516	536	536	557	573	566	545	511	549	526	498	512	576	559	544	533	538.74	182
66	511	556	511	508	536	499	520	576	540	543	575	569	516	504	487	511	542	514	515	519	533	536	563	564	586	563	530	541	531	546	543	539	483	548	513	535	533	554	561	566	545	502	549	525	497	512	574	558	542	533	535.14	181
67	510	556	508	494	535	487	520	575	528	541	572	568	511	504	485	511	541	514	515	511	531	535	555	559	586	563	530	541	523	544	543	534	481	536	513	527	533	553	560	563	543	499	545	524	497	509	574	558	537	529	532.22	180
68	510	554	508	493	528	487	520	567	525	539	572	566	510	504	485	510	541	513	515	511	531	535	554	559	586	563	530	541	521	539	543	532	478	527	512	526	532	551	549	559	543	499	543	524	479	509	572	557	531	529	530.24	179
69	508	553	508	492	527	487	520	564	519	537	570	560	510	504	483	510	540	508	510	508	518	532	541	556	583	563	530	541	521	535	535	532	474	515	510	524	531	541	549	559	543	493	543	524	479	509	571	557	530	527	527.68	178
70	508	553	506	482	527	482	517	564	518	535	568	560	510	504	471	510	539	505	509	498	515	525	540	556	577	563	528	540	521	534	534	532	463	515	495	524	529	541	548	544	541	478	542	514	479	502	569	557	529	527	524.56	177
71	506	550	504	482	526	472	515	564	518	532	567	559	498	504	467	509	539	505	508	485	512	525	538	553	577	562	526	540	518	532	532	531	462	514	493	524	529	536	548	542	538	472	538	514	471	489	564	557	526	527	522.0	176
72	505	550	496	480	526	472	515	561	518	518	567	559	498	503	467	507	521	505	508	485	497	524	537	549	576	562	523	539	516	532	529	531	462	513	492	524	511	535	548	542	537	470	536	512	466	488	560	557	526	527	519.64	175
73	499	549	494	480	526	470	505	560	517	518	565	556	498	497	467	496	519	503	508	484	491	522	528	549	573	561	522	533	515	531	515	531	460	503	489	524	508	535	547	540	537	467	526	512	464	487	556	557	518	525	516.74	174
74	499	549	491	480	524	461	493	542	513	518	550	545	496	492	459	496	519	503	498	483	488	522	527	549	573	561	522	530	501	525	511	520	443	502	478	514	508	531	546	538	525	467	524	506	463	487	556	551	506	514	511.98	173
75	497	549	490	480	524	458	491	542	511	513	550	545	490	484	459	484	516	503	496	482	486	515	524	549	573	560	521	528	501	525	493	515	442	498	478	511	507	530	546	537	523	462	524	502	460	479	547	550	498	510	509.16	172
76	497	548	487	480	521	453	487	542	511	498	549	527	484	482	459	477	507	491	490	478	484	514	522	549	565	555	521	528	499	525	488	510	442	496	472	510	507	524	542	534	522	461	522	502	460	477	546	542	498	510	505.9	171
77	496	533	486	479	517	448	486	536	511	496	545	525	482	479	457	462	507	484	490	478	483	514	522	543	563	555	516	518	496	524	486	510	440	495	472	509	507	524	541	533	512	459	522	499	451	472	544	536	498	508	502.98	170
78	496	533	480	473	514	448	486	534	511	496	542	524	481	475	455	462	507	481	489	476	483	514	521	543	562	555	512	518	493	522	486	510	440	494	461	507	505	524	541	530	511	459	522	498	449	472	542	536	496	508	501.54	169
79	496	530	479	473	513	448	486	533	510	493	542	523	472	475	455	462	492	479	473	470	483	513	518	542	562	542	512	516	492	521	485	510	437	486	459	506	502	509	539	528	510	449	522	498	442	467	536	535	495	508	498.56	168
80	488	530	479	468	513	448	485	532	508	493	542	521	472	475	452	462	485	476	462	469	468	508	507	540	562	536	511	516	492	519	484	495	425	486	458	493	499	509	539	510	510	445	521	495	440	467	531	535	493	505	495.18	167
81	485	528	473	468	511	432	479	531	504	493	542	509	472	472	452	460	483	474	462	468	468	508	507	540	556	536	511	514	491	516	484	491	423	486	452	482	496	509	539	507	510	445	521	495	435	465	530	525	493	505	492.76	166
82	485	527	473	463	511	431	468	525	499	488	530	507	472	468	450	460	483	472	454	462	467	506	505	532	553	527	511	514	485	516	483	490	423	486	452	481	485	506	539	502	509	434	517	495	434	464	524	520	491	505	489.68	165
83	481	522	473	463	510	429	465	508	499	488	530	505	470	468	450	459	478	459	454	456	459	494	505	531	552	525	509	511	482	514	481	490	408	468	438	480	480	506	534	497	509	434	514	489	434	463	517	507	491	504	485.86	164
84	481	520	473	449	508	427	465	505	497	488	528	505	463	460	449	459	478	456	453	445	456	489	505	531	549	510	507	509	482	511	481	485	406	453	437	480	480	505	527	495	508	433	514	489	434	462	511	507	490	504	483.18	163
85	479	520	473	449	505	409	462	505	492	485	528	505	463	448	446	454	474	451	450	443	455	485	503	528	547	502	507	491	482	511	477	483	401	453	437	471	480	491	527	495	506	433	513	489	434	451	511	498	489	503	479.88	162
86	479	520	471	441	505	400	462	493	492	480	528	505	463	448	446	454	460	447	449	442	451	484	503	525	541	502	506	478	482	508	473	483	400	453	437	471	479	491	511	495	506	431	513	488	431	449	508	494	489	501	477.36	161
87	479	508	456	441	490	390	458	485	491	477	528	505	463	448	437	449	457	443	449	439	449	483	502	521	541	502	489	476	482	505	473	480	400	453	437	471	477	491	506	495	498	431	513	487	431	437	506	494	489	499	474.22	160
88	478	502	455	438	489	390	458	485	490	476	528	500	459	447	427	437	451	435	445	434	449	483	496	515	527	496	485	476	482	500	473	480	394	451	436	467	477	491	496	495	496	426	505	485	431	433	505	491	489	496	471.0	159
89	466	498	454	436	484	389	457	481	486	464	528	498	457	446	425	433	447	433	442	434	448	483	495	515	525	484	481	476	482	500	473	474	394	451	433	467	471	476	496	495	495	426	501	483	423	430	503	491	484	486	467.98	158
90	457	496	453	433	484	378	452	479	472	463	528	483	455	446	417	433	443	432	440	422	448	483	487	515	524	482	481	473	482	500	473	474	387	451	429	467	470	475	493	495	489	426	501	482	418	428	502	490	473	479	464.86	157
91	457	489	453	433	484	366	452	478	471	450	528	469	454	446	409	432	442	432	439	422	444	483	487	509	511	479	480	468	472	500	473	474	387	449	429	467	470	473	483	495	487	420	494	478	416	418	497	484	470	479	461.64	156
92	447	486	451	433	484	362	440	472	454	440	528	468	451	446	404	424	431	427	435	419	436	473	487	508	507	478	480	465	470	483	471	462	384	448	428	467	470	473	471	493	486	420	492	478	412	415	496	472	470	467	457.28	155
93	447	484	447	432	484	359	437	457	450	440	526	467	448	441	404	424	431	427	432	419	436	471	487	507	506	477	472	461	466	482	471	461	382	448	428	462	459	468	469	491	486	419	492	478	412	412	496	470	470	466	455.22	154
94	446	484	447	431	474	342	425	457	438	440	525	467	448	440	402	422	427	424	431	419	436	471	487	505	504	475	472	461	466	464	470	449	380	448	426	459	456	455	469	491	485	418	489	478	410	412	496	470	464	458	452.26	153
95	442	484	447	431	473	342	420	455	438	439	524	461	442	440	402	419	427	422	431	419	435	468	483	505	501	474	472	461	451	464	470	447	380	444	426	459	454	454	468	483	483	418	488	475	408	406	485	467	462	457	450.12	152
96	435	484	443	431	471	340	420	455	438	437	510	461	441	439	402	416	422	422	431	415	435	466	483	505	500	471	471	459	446	463	470	446	380	442	424	458	454	454	467	483	481	406	487	474	407	404	478	457	462	456	448.04	151
97	423	481	443	429	468	338	415	450	438	437	508	458	441	424	400	416	412	422	420	413	435	464	481	503	488	471	469	457	445	463	466	446	380	442	423	455	447	453	455	483	480	400	486	470	393	404	478	456	458	451	444.76	150
98	413	478	439	423	462	338	415	450	436	434	508	451	438	424	395	410	411	416	415	411	434	455	480	497	485	470	468	447	445	454	453	430	380	442	422	453	447	447	449	481	480	400	468	470	393	403	478	456	458	451	441.26	149
99	413	476	439	421	458	336	415	449	425	432	502	450	436	424	393	408	410	404	415	408	429	452	480	491	480	459	467	444	445	454	453	422	379	438	414	452	442	445	444	473	479	400	468	460	393	386	475	452	453	450	437.86	148
100	413	462	433	419	451	336	414	449	423	416	499	450	428	422	393	406	397	404	413	408	429	452	480	479	474	455	467	444	442	452	453	420	379	438	396	452	440	443	433	469	476	399	465	460	381	386	475	452	450	445	434.44	147
101	412	459	418	414	449	333	414	442	421	413	495	448	425	419	392	402	397	403	413	408	418	448	476	478	474	453	466	432	442	451	453	419	379	430	392	442	426	441	425	467	476	397	454	460	380	380	474	452	436	443	430.82	146
102	407	459	416	413	447	333	413	439	420	411	495	448	415	419	392	392	397	400	413	406	418	448	475	467	463	453	464	431	436	439	453	419	378	429	392	441	420	439	421	465	470	395	453	455	378	376	472	451	435	443	428.28	145
103	407	445	416	411	447	330	413	438	420	411	495	440	415	419	392	390	390	400	398	404	418	448	472	455	463	453	464	428	423	435	450	416	377	423	389	440	420	438	419	453	470	392	439	455	378	374	472	440	435	441	425.22	144
104	405	444	411	411	444	326	413	438	417	399	492	440	414	415	390	386	390	400	398	404	418	448	472	444	462	447	460	428	414	435	450	414	366	418	389	439	420	421	417	452	465	392	439	452	374	374	472	438	432	441	422.6	143
105	405	443	409	408	442	324	402	438	417	395	492	440	412	415	380	383	390	400	398	398	417	443	472	443	459	446	451	428	410	424	444	414	366	417	388	438	417	411	416	452	465	392	426	437	373	373	464	438	431	439	419.7	142
106	405	442	408	396	440	324	399	438	409	395	490	440	399	409	373	382	376	400	396	396	417	443	472	425	455	434	451	428	409	421	443	414	366	416	388	429	417	411	414	452	463	390	426	434	373	373	464	438	429	424	416.72	141
107	399	439	408	395	436	323	399	438	407	395	489	440	399	408	370	379	376	398	396	396	416	443	460	424	455	426	444	422	409	421	432	414	358	416	388	427	417	411	413	448	463	390	426	434	372	370	455	437	428	419	414.56	140
108	399	439	404	395	436	323	399	438	402	394	482	438	387	406	368	365	361	398	396	394	416	441	454	414	451	417	442	422	397	419	432	414	355	416	388	427	405	411	413	448	457	387	426	432	362	370	454	436	428	419	411.54	139
109	396	439	387	380	436	323	398	436	398	394	481	438	381	394	364	365	361	398	396	389	415	440	454	414	451	412	442	422	395	411	426	409	355	416	387	427	400	403	411	444	441	387	421	432	362	369	454	434	426	412	408.52	138
110	385	439	385	378	433	320	398	433	398	392	481	438	381	392	364	365	360	397	389	389	415	439	454	413	446	406	442	422	394	399	421	407	337	402	386	425	400	401	410	444	441	387	419	432	358	363	454	432	426	412	406.08	137
111	371	439	373	378	433	320	398	428	395	392	476	438	379	392	364	365	360	396	387	389	410	438	449	413	444	401	442	422	393	398	418	404	335	402	385	423	398	400	409	444	441	387	419	432	356	360	452	432	426	412	404.36	136
112	369	432	371	377	430	320	384	428	394	389	476	438	379	390	363	364	360	385	381	389	403	428	449	413	444	399	431	422	393	397	418	400	332	402	382	423	398	400	404	444	441	386	415	432	353	345	452	425	408	411	401.38	135
113	363	423	371	367	430	318	378	428	379	381	467	432	376	378	363	363	355	384	364	386	399	428	435	412	442	397	430	414	383	396	418	398	323	402	381	421	396	399	399	443	441	384	414	426	340	345	451	410	401	411	396.9	134
114	363	423	371	367	429	316	372	421	379	380	466	432	376	376	361	363	347	384	364	383	398	420	433	398	438	394	429	410	375	385	418	381	323	398	381	421	396	399	396	437	441	384	402	426	337	342	451	405	395	409	393.9	133
115	363	421	370	367	427	315	369	421	376	380	464	424	376	362	349	352	347	382	354	372	396	415	431	393	438	394	427	410	375	385	414	375	323	394	381	418	395	399	396	431	440	384	400	414	337	342	450	401	395	408	391.04	132
116	361	417	368	365	425	313	367	416	376	377	462	423	371	362	344	350	346	382	353	372	394	404	431	392	436	394	426	404	375	369	411	370	322	394	381	416	394	389	396	429	440	384	392	414	337	324	445	401	393	406	388.26	131
117	357	411	361	364	425	312	363	416	376	377	462	423	369	361	344	345	344	381	353	372	391	399	416	392	436	383	423	399	369	369	405	362	316	393	381	401	393	388	388	427	430	380	387	414	334	324	445	401	391	400	385.06	130
118	356	409	359	362	424	312	361	416	360	375	462	410	368	360	343	345	339	377	352	370	388	397	409	390	426	381	413	398	364	367	405	362	311	393	380	398	377	388	387	424	418	364	387	413	329	314	444	400	391	399	381.54	129
119	350	409	359	347	423	312	359	415	359	375	458	409	367	360	343	345	339	359	351	370	377	397	406	385	424	378	406	398	364	360	403	359	309	393	380	397	376	388	385	421	417	364	387	412	327	313	443	392	383	398	379.02	128
120	350	401	359	343	423	308	356	415	358	373	458	409	364	360	343	345	339	359	350	370	377	396	406	381	424	367	403	398	363	359	403	358	308	391	380	397	364	388	385	420	413	352	387	412	326	313	440	390	382	396	377.24	127
121	350	390	349	341	422	306	355	414	358	373	443	409	364	359	341	343	338	344	349	368	376	396	403	381	424	367	397	398	363	355	403	358	307	376	375	395	359	386	385	412	395	351	387	409	315	313	440	390	367	388	373.74	126
122	349	387	348	336	420	292	353	410	353	372	433	409	363	357	341	342	338	340	349	360	372	395	403	381	411	361	397	397	363	354	402	357	307	376	374	394	357	386	378	410	381	349	386	409	313	308	438	385	367	388	371.02	125
123	348	386	346	330	419	292	353	408	353	372	428	409	363	353	339	342	338	333	348	359	369	391	403	380	411	361	391	385	358	351	400	357	307	374	363	394	356	386	377	409	381	341	386	409	312	307	437	385	356	386	368.84	124
124	348	385	340	323	419	291	350	408	353	370	416	397	363	351	338	340	338	332	348	351	364	388	403	375	408	361	391	385	357	351	398	351	307	374	362	380	356	386	377	408	366	337	376	408	310	304	437	385	355	386	366.14	123
125	340	385	340	321	414	291	346	408	351	368	398	393	363	351	337	340	334	318	340	351	360	380	403	367	408	359	386	382	352	350	397	337	305	371	350	380	350	380	376	406	361	330	375	407	307	303	437	378	355	382	362.46	122
126	337	384	337	318	404	291	333	405	345	368	398	378	362	351	333	322	334	318	340	349	360	380	402	352	408	356	385	380	352	345	396	336	304	360	348	380	348	378	376	406	360	329	371	403	302	288	432	378	354	382	359.16	121
127	336	381	336	318	404	289	328	396	339	368	396	378	351	347	332	319	334	318	339	347	358	378	398	351	407	340	385	363	352	335	394	326	298	360	348	378	343	376	375	406	359	324	370	403	301	288	430	378	349	382	356.22	120
128	336	377	336	318	401	286	327	392	338	368	395	375	349	339	332	318	334	314	335	347	358	376	394	336	399	340	381	359	350	333	392	326	295	357	346	378	343	376	374	401	359	321	369	402	299	288	414	375	345	382	353.7	119
129	332	367	335	316	396	286	317	392	335	367	392	372	343	339	330	312	332	314	333	347	354	373	394	332	394	339	378	359	349	331	377	325	289	351	346	376	343	376	367	396	357	319	369	400	291	287	399	367	335	382	350.24	118
130	332	362	333	316	391	286	312	377	332	349	392	358	343	339	329	307	324	314	325	335	354	373	393	332	391	324	374	357	349	324	367	316	288	349	339	376	339	365	359	396	350	314	367	393	290	285	387	367	335	382	345.82	117
131	331	362	326	316	391	285	311	365	330	349	391	358	342	339	326	297	318	314	324	333	354	371	387	330	390	322	370	357	335	320	364	312	288	349	337	376	339	364	356	386	347	312	362	393	290	283	387	367	333	377	343.32	116
132	331	360	326	315	389	284	309	365	330	349	389	345	338	323	311	297	318	313	321	328	339	369	387	330	390	322	369	357	334	320	363	312	288	349	336	376	339	363	351	373	347	301	361	393	287	277	387	366	330	377	340.68	115
133	328	354	326	315	386	282	297	363	316	347	388	342	337	322	308	297	315	312	321	325	337	360	387	330	389	314	368	356	334	319	360	312	288	349	332	370	338	360	350	373	344	294	349	383	286	275	385	360	324	368	337.5	114
134	314	353	320	313	386	282	297	361	313	344	378	340	334	322	306	285	314	300	319	324	336	360	373	326	389	310	365	356	330	319	360	312	286	349	332	366	338	359	349	358	341	294	349	378	286	273	385	349	324	351	334.16	113
135	314	353	314	311	386	282	293	358	312	338	375	336	327	322	300	285	314	292	316	322	336	359	369	324	388	310	364	351	330	319	358	312	283	348	330	366	338	356	349	356	341	293	349	377	286	271	377	347	324	351	332.24	112
136	314	353	314	307	384	278	293	358	309	338	369	330	325	309	299	283	314	283	314	322	334	358	369	321	379	308	362	349	328	319	358	312	283	346	330	366	338	351	337	355	331	291	346	361	286	269	372	341	319	337	329.04	111
137	308	351	301	307	383	278	292	353	308	336	369	330	325	309	297	281	314	278	312	319	333	355	363	321	378	306	362	349	328	319	357	308	282	343	324	364	338	340	335	341	326	291	334	361	285	269	372	341	314	335	326.5	110
138	308	350	293	307	380	275	292	352	295	336	367	329	321	307	292	280	308	276	297	318	321	355	358	321	377	303	362	347	326	318	351	308	278	343	314	361	338	338	332	339	326	291	329	359	279	269	371	338	313	322	323.4	109
139	306	350	287	305	374	275	292	350	293	333	367	313	316	295	292	274	305	268	295	314	318	354	356	321	377	296	344	332	322	310	349	306	274	342	314	347	336	338	330	336	315	286	329	359	279	268	368	326	313	320	319.38	108
140	306	336	286	300	370	275	287	350	292	331	367	311	316	293	280	274	300	265	282	305	318	354	345	319	376	293	344	329	321	310	346	306	274	340	304	347	335	337	330	336	313	286	326	358	279	262	368	323	311	319	316.7	107
141	304	330	286	300	369	275	286	345	290	331	355	303	316	293	280	262	300	265	279	305	317	342	343	319	373	293	344	328	318	307	346	306	272	339	304	347	332	335	328	335	300	285	326	358	277	262	363	322	311	313	314.38	106
142	303	330	281	299	368	273	286	333	289	331	350	303	315	291	277	262	294	264	277	304	303	340	343	314	356	291	344	327	314	307	346	305	260	332	304	347	331	328	326	334	297	282	319	355	275	262	353	310	307	301	310.86	105
143	303	326	281	299	363	258	278	333	289	331	350	300	315	283	275	260	292	262	277	303	301	329	342	314	350	285	344	321	314	307	341	290	260	331	296	342	327	328	324	334	295	280	318	352	267	262	353	308	302	300	307.9	104
144	303	325	280	286	363	258	275	331	288	323	336	295	303	277	269	259	292	260	277	298	301	326	341	308	350	278	341	321	311	303	330	289	258	328	296	341	327	328	323	332	295	270	314	347	267	262	352	303	302	300	304.84	103
145	303	310	280	286	360	256	274	330	285	319	336	295	286	276	269	258	290	258	272	298	298	313	340	308	349	277	339	321	311	303	327	289	257	326	295	341	324	324	321	332	287	270	299	345	266	257	352	301	292	289	301.88	102
146	303	306	278	286	360	253	273	328	282	318	332	294	286	276	263	257	289	256	271	297	293	308	337	303	349	275	333	321	311	303	322	288	251	325	294	340	324	312	321	329	285	267	293	342	262	256	352	298	292	284	299.56	101
147	302	304	278	286	344	242	271	322	282	318	332	285	286	275	258	256	288	256	269	297	291	292	335	303	349	273	325	320	299	300	322	288	248	314	291	337	312	306	308	318	284	262	293	329	262	256	348	282	289	276	295.26	100
148	300	294	275	284	332	242	271	319	282	317	332	285	268	273	256	256	284	255	267	286	291	291	335	300	337	272	325	315	299	300	321	283	248	312	289	333	309	303	303	317	279	262	282	329	251	255	347	280	287	276	292.18	99
149	298	290	273	284	329	236	271	318	278	312	329	273	268	273	246	256	283	253	257	286	287	285	335	298	336	272	313	311	283	298	317	282	246	312	281	327	303	301	303	301	278	261	282	329	250	251	347	280	287	276	288.9	98
150	298	286	273	282	315	232	269	315	278	309	326	267	263	271	246	256	282	252	257	284	285	284	335	298	334	272	311	309	273	298	313	276	243	307	279	327	300	301	302	298	275	261	282	325	235	251	347	276	285	276	286.38	97
151	298	286	273	279	315	224	265	315	277	309	323	265	263	270	246	253	280	244	257	278	279	282	334	298	333	272	298	304	272	284	312	276	243	299	277	327	292	301	289	297	275	246	277	324	233	251	345	276	282	276	283.48	96
152	293	283	270	273	315	223	257	315	262	309	310	265	261	268	242	253	280	244	257	272	273	282	317	290	333	270	293	304	270	283	310	275	243	298	272	327	289	298	289	292	270	246	277	324	233	248	339	266	282	270	280.3	95
153	291	277	269	272	315	222	254	312	255	306	308	261	261	265	242	253	278	241	254	270	271	278	312	289	332	268	291	304	268	282	310	275	243	288	271	322	274	297	287	290	270	235	270	319	230	244	335	264	282	262	277.38	94
154	290	277	268	268	300	220	253	311	245	301	307	261	260	260	240	245	275	241	254	266	267	278	312	286	332	268	281	304	268	282	309	274	241	288	271	321	274	297	284	289	269	225	268	317	230	243	335	263	281	262	275.22	93
155	290	277	268	258	298	214	247	309	243	296	307	260	250	260	238	243	273	241	253	262	267	277	308	272	332	268	281	299	264	282	309	273	238	288	271	306	273	297	275	283	269	223	268	308	227	243	318	263	280	261	272.2	92
156	289	275	268	257	296	212	247	304	241	296	307	243	250	260	238	237	272	241	239	262	267	277	306	272	328	263	277	298	262	277	309	272	238	288	271	303	267	297	271	283	258	223	268	306	227	234	316	262	272	260	269.72	91
157	284	270	267	257	291	208	247	300	241	295	307	241	250	258	236	237	272	237	237	260	267	277	288	262	326	262	277	290	262	275	307	270	236	287	267	295	267	297	271	283	254	220	265	305	223	233	314	262	270	255	267.24	90
158	269	268	267	246	291	208	241	290	240	289	304	236	247	256	232	237	269	237	237	256	266	277	286	261	322	262	272	284	260	270	307	268	235	275	267	294	252	291	269	271	254	215	264	297	222	232	302	261	269	244	263.38	89
159	262	268	262	246	283	205	241	290	239	287	303	227	245	251	226	233	269	237	224	256	266	277	283	259	317	262	260	284	258	268	307	267	235	272	253	292	251	287	269	259	254	215	262	296	220	232	302	261	269	244	260.7	88
160	245	268	259	245	283	204	241	288	227	285	303	227	242	251	226	233	268	236	224	256	266	275	282	259	317	259	256	284	255	268	306	261	235	272	252	292	251	287	269	258	254	215	262	296	219	227	302	260	269	242	259.22	87
161	245	268	259	242	278	203	238	287	227	284	299	227	242	241	221	231	266	235	224	256	256	273	277	258	312	259	250	284	245	266	303	249	235	272	252	286	236	287	269	258	245	212	262	291	211	227	302	252	269	232	256.06	86
162	242	268	257	242	275	203	236	283	223	282	291	226	226	241	220	218	264	235	224	239	256	273	272	257	312	257	247	284	237	258	302	247	235	260	249	285	236	284	269	258	231	212	262	289	205	223	302	251	266	230	252.88	85
163	227	266	243	242	269	199	236	283	223	280	284	223	212	240	220	217	264	234	216	239	253	273	267	257	301	253	244	282	237	254	301	247	230	259	248	283	234	276	264	257	230	206	261	289	205	221	298	250	265	229	249.82	84
164	222	264	242	242	269	199	228	282	223	277	277	223	211	239	216	215	253	230	216	235	248	271	267	252	301	253	240	274	236	253	300	236	230	256	246	279	230	276	264	251	229	205	244	289	204	219	285	247	265	221	246.68	83
165	219	263	242	236	258	196	213	281	223	274	264	209	211	239	215	215	253	230	214	235	236	271	267	250	294	253	237	273	236	253	297	235	228	256	246	265	226	276	249	245	212	197	240	286	201	219	282	242	264	216	242.84	82
166	208	258	242	235	257	196	211	279	220	273	250	209	210	236	209	215	250	230	214	231	234	270	255	247	292	253	234	270	236	251	285	235	214	256	246	257	225	273	247	245	212	192	235	286	195	219	282	232	262	210	239.66	81
167	208	246	239	223	257	196	210	279	218	273	250	205	206	219	209	210	250	224	196	231	233	265	253	246	282	248	229	269	236	249	283	233	214	256	246	257	225	272	247	245	209	188	220	285	195	218	279	231	260	207	236.58	80
168	198	241	233	211	251	196	192	276	218	267	249	201	203	218	207	210	247	216	190	231	222	265	252	245	278	244	228	256	235	249	277	233	214	255	234	257	225	272	246	238	205	186	218	274	193	216	279	225	257	204	232.74	79
169	198	241	228	210	250	196	190	276	216	267	245	199	198	218	207	209	246	213	190	229	220	265	252	240	276	244	228	256	231	243	260	233	214	241	229	257	225	272	246	221	205	184	215	263	188	216	278	223	245	204	230.0	78
170	196	241	228	209	249	195	189	270	214	265	242	199	196	218	206	205	244	212	188	223	212	257	248	238	274	232	217	256	224	240	258	232	214	241	221	252	223	267	241	219	205	173	207	257	176	216	275	217	244	204	226.58	77
171	192	233	224	209	244	195	184	270	214	255	240	199	192	218	206	205	244	210	182	222	210	245	245	226	274	219	215	255	221	240	253	232	212	241	217	252	222	266	238	219	205	170	199	254	160	216	265	205	240	202	223.12	76
172	192	233	222	207	231	194	183	270	211	248	235	197	192	211	205	205	242	207	180	221	210	244	244	223	268	219	207	253	221	237	253	232	207	239	216	252	222	266	238	219	203	168	199	254	160	214	257	199	238	197	220.9	75
173	190	231	222	203	231	190	180	269	211	237	219	197	192	206	203	204	236	207	174	216	210	244	238	217	258	218	205	238	221	237	253	232	196	239	210	251	221	266	238	219	192	150	196	254	157	214	257	197	238	191	217.5	74
174	189	226	217	203	217	177	178	269	207	235	217	193	192	205	189	202	235	207	174	216	208	242	238	215	258	214	204	238	213	232	252	230	193	239	208	251	221	266	237	218	192	150	196	250	155	212	255	193	237	191	215.12	73
175	189	226	211	197	214	177	170	265	207	233	217	190	186	205	188	202	235	207	170	215	205	238	238	210	257	214	201	235	196	232	252	230	188	239	205	251	219	254	233	215	191	150	196	250	155	208	252	193	237	191	212.78	72
176	188	226	210	197	214	175	169	264	207	230	209	189	176	202	188	202	235	203	170	213	205	234	235	208	241	214	200	232	184	226	252	229	187	238	203	248	214	252	227	206	180	150	190	250	155	206	252	193	237	190	210.1	71
177	186	223	208	196	212	174	167	254	199	227	207	186	163	200	182	200	232	202	170	213	205	231	235	207	233	213	200	230	182	212	242	228	187	238	202	236	213	250	227	206	177	136	189	247	155	204	249	193	236	188	207.04	70
178	171	221	206	196	211	167	165	238	194	215	205	182	155	194	171	198	232	202	165	213	192	217	233	205	232	213	199	216	182	201	238	228	185	225	200	236	211	246	227	199	173	135	188	246	150	202	246	191	236	182	202.7	69
179	158	220	206	193	211	166	165	237	193	215	204	181	148	194	167	190	232	201	161	213	190	202	233	195	232	209	199	212	180	195	236	220	182	225	184	236	209	243	217	199	167	135	188	246	150	202	243	191	235	181	199.82	68
180	147	217	206	188	207	166	160	237	192	214	202	181	143	192	161	187	230	198	160	213	189	190	232	195	232	205	199	211	180	193	234	216	178	225	180	236	205	240	217	199	163	133	188	246	146	202	228	191	235	181	197.4	67
181	147	217	205	185	207	162	160	237	190	208	202	180	139	192	153	186	229	198	158	212	188	184	230	180	229	203	199	211	179	193	234	216	172	219	176	236	203	240	211	187	161	132	184	233	140	197	228	189	230	181	194.64	66
182	147	217	204	181	207	161	160	237	184	208	196	175	134	191	153	185	227	196	146	212	188	183	224	167	229	199	199	210	178	193	232	216	172	219	175	232	203	240	203	187	160	131	183	230	140	197	226	189	230	181	192.74	65
183	146	216	204	179	207	155	150	237	184	208	196	170	134	190	149	185	225	191	146	209	182	182	220	167	229	199	197	210	178	188	223	216	170	217	169	221	201	239	203	184	160	129	181	226	139	195	208	189	216	177	189.92	64
184	143	214	200	178	199	152	148	237	183	200	188	170	133	190	144	185	224	191	146	206	176	182	218	164	217	196	197	210	175	188	216	216	170	215	169	217	200	237	201	182	160	126	181	212	138	194	207	186	216	172	187.38	63
185	141	214	200	175	194	140	146	237	177	200	188	168	133	187	144	180	221	186	146	204	173	181	205	164	215	195	197	208	166	188	214	216	170	210	169	217	198	227	199	178	157	126	178	209	137	194	205	186	203	171	184.74	62
186	139	209	192	168	192	140	146	235	177	189	186	158	132	186	143	175	221	185	141	199	168	181	203	160	215	194	185	208	161	182	214	216	170	193	164	214	196	227	199	178	154	126	176	207	137	189	204	186	191	168	181.58	61
187	134	206	183	155	192	140	144	234	177	189	186	158	132	183	143	172	210	185	141	199	167	178	203	160	211	193	185	207	159	179	213	214	170	193	164	214	188	227	199	168	154	123	176	204	134	188	203	181	191	168	179.54	60
188	130	189	183	153	192	139	144	233	177	189	183	158	127	183	134	172	210	183	141	198	166	178	202	160	209	179	184	207	159	174	201	206	160	188	163	210	174	227	195	168	151	123	176	204	132	188	197	179	191	162	176.62	59
189	129	188	181	153	190	135	144	233	177	186	179	158	127	182	131	168	208	183	139	186	164	178	196	158	209	177	181	206	155	162	201	206	160	188	153	210	174	223	195	157	151	123	171	192	121	186	183	179	191	162	173.78	58
190	127	175	181	153	178	123	140	233	165	178	178	154	127	181	131	168	208	183	136	183	164	167	196	158	202	174	179	205	153	162	193	192	156	186	153	207	168	223	195	154	147	119	165	192	118	186	180	179	188	159	170.44	57
191	127	174	178	153	178	122	140	233	155	177	177	144	123	171	117	168	206	181	131	183	162	167	191	157	197	174	179	205	153	150	193	192	156	181	147	204	166	212	180	154	147	119	165	178	118	186	174	178	187	158	167.36	56
192	127	163	175	148	178	120	139	233	150	171	175	142	119	160	115	168	204	180	128	182	162	167	190	157	195	172	179	205	142	149	192	188	156	175	146	200	163	210	174	154	147	117	163	177	117	181	174	172	187	157	164.9	55
193	127	163	171	148	177	117	123	231	149	171	175	135	117	158	113	153	199	179	116	182	156	167	188	156	177	172	176	204	141	146	191	188	155	175	146	197	162	208	174	153	147	117	163	169	116	181	172	172	185	147	162.1	54
194	123	163	171	148	177	115	122	225	131	164	173	130	115	158	113	153	197	178	114	182	156	167	188	152	173	171	175	203	136	133	191	187	141	175	146	197	150	203	173	141	143	116	162	167	116	181	170	170	184	147	159.32	53
195	123	163	169	130	177	115	121	225	128	160	173	126	115	158	112	152	195	176	109	182	156	152	188	152	158	168	175	201	136	133	186	176	135	173	144	193	150	203	168	141	141	116	161	167	112	172	170	156	184	147	156.46	52
196	118	160	169	130	177	110	120	225	127	152	169	126	115	158	107	152	194	174	109	168	156	152	176	148	158	168	175	199	136	132	184	174	125	172	144	188	139	202	168	141	141	115	158	167	98	172	164	145	182	147	153.72	51
197	117	158	167	127	177	110	120	217	127	138	167	126	114	157	106	150	191	174	106	168	145	146	174	148	149	168	173	197	133	128	179	173	125	168	137	176	139	201	168	140	141	114	158	161	98	172	154	144	182	147	151.1	50
198	111	150	166	125	168	110	117	217	120	137	162	125	114	153	106	149	191	174	102	165	144	146	173	139	149	165	158	194	118	127	179	171	125	165	134	169	137	195	168	140	141	114	152	159	96	172	154	142	182	147	148.34	49
199	109	144	158	121	168	110	117	213	116	136	157	120	114	148	105	149	179	174	100	165	140	144	173	135	149	164	157	190	116	126	179	171	122	163	134	157	137	193	151	132	140	111	143	158	94	161	153	137	181	143	145.14	48
200	107	144	153	121	160	102	114	213	114	136	157	119	100	142	105	149	179	174	99	164	140	143	173	121	149	164	156	189	116	118	167	168	121	163	131	152	133	191	149	132	140	107	141	150	94	160	152	135	170	140	142.34	47
201	102	144	153	119	160	87	114	210	114	136	157	115	96	142	105	148	176	174	93	158	140	143	172	119	149	163	150	177	110	116	163	164	113	163	131	136	133	190	148	132	138	107	140	150	94	148	152	131	170	139	139.68	46
202	102	144	152	119	154	81	114	200	108	134	146	113	93	139	104	142	172	174	92	144	140	137	170	119	149	163	135	170	104	113	161	161	112	162	131	136	125	187	145	132	137	107	140	148	94	148	151	131	155	139	136.58	45
203	102	134	149	115	152	79	112	199	108	130	140	111	93	138	104	137	168	168	92	144	135	134	170	119	149	160	123	168	103	107	155	161	110	155	129	129	119	186	145	129	133	107	138	146	94	148	145	122	155	137	133.72	44
204	99	121	148	112	152	77	110	199	97	128	140	110	91	129	104	137	151	168	90	142	129	133	163	116	144	159	119	168	103	105	155	157	108	153	114	124	114	184	143	128	128	106	135	145	79	146	145	119	154	134	130.3	43
205	99	119	148	111	146	76	110	191	97	128	137	107	89	129	101	125	149	166	87	142	126	133	148	113	143	141	113	167	103	104	150	156	108	150	112	118	97	183	140	127	124	106	135	141	79	145	145	117	154	132	127.34	42
206	83	116	143	111	143	69	108	189	97	128	137	105	89	111	100	125	149	160	85	142	126	116	145	106	143	141	112	166	100	104	147	155	108	134	109	116	95	183	138	126	123	106	133	141	75	142	142	117	151	132	124.44	41
207	76	116	134	111	143	66	101	175	97	128	137	105	77	109	100	123	149	150	84	142	125	114	145	106	143	139	111	165	99	103	145	142	104	133	109	116	93	174	134	125	117	105	132	141	73	140	142	111	139	131	121.58	40
208	70	112	132	103	142	66	98	161	91	118	136	101	75	107	100	120	149	144	80	130	123	106	143	104	143	139	111	161	99	102	141	139	104	131	109	114	85	172	123	125	116	103	130	139	69	127	140	111	139	115	117.96	39
209	67	112	128	103	142	66	92	159	91	112	135	101	74	106	100	120	137	142	80	129	121	106	142	101	139	137	104	158	97	101	130	139	97	128	109	114	85	154	123	124	115	103	125	139	62	123	139	111	139	114	115.5	38
210	49	112	124	101	141	64	92	157	90	112	124	101	72	105	100	118	135	128	69	114	121	106	142	100	128	136	103	154	97	97	130	131	93	122	107	109	84	150	122	122	110	101	124	135	62	109	137	107	138	113	111.96	37
211	47	112	110	100	141	62	86	142	90	106	118	89	71	105	99	104	123	127	67	114	114	104	140	100	123	136	102	142	97	96	130	119	92	107	104	106	81	145	119	118	104	100	124	123	51	109	123	107	134	111	107.48	36
212	46	111	106	94	130	56	85	137	76	101	118	89	71	102	95	100	123	124	67	106	109	100	140	97	122	126	102	142	96	96	130	117	90	107	98	104	81	143	116	118	101	100	118	120	51	109	112	104	123	105	104.28	35
213	46	110	104	94	112	56	84	137	76	100	116	89	69	101	95	100	122	119	67	106	108	99	140	95	120	115	102	136	94	96	130	116	85	104	92	87	81	143	116	115	101	98	117	120	45	107	111	104	123	104	102.14	34
214	43	94	104	91	109	56	84	135	73	100	112	83	69	99	95	94	122	117	67	96	106	97	137	86	119	107	92	132	92	94	116	112	83	104	88	83	81	141	113	115	99	98	114	118	45	106	107	102	117	102	98.98	33
215	42	93	103	87	108	50	84	121	73	91	109	83	65	98	94	90	121	117	55	78	104	97	132	86	119	107	92	132	92	92	116	111	81	96	88	78	71	139	112	104	95	86	108	117	45	104	107	102	104	100	95.58	32
216	42	82	102	84	98	50	81	121	73	91	106	83	63	92	94	88	121	117	55	78	94	97	128	86	115	102	91	127	91	91	116	108	81	95	85	77	71	139	112	104	90	86	96	111	45	103	99	102	104	100	93.34	31
217	42	82	99	79	92	50	79	120	71	77	106	83	61	86	93	86	121	117	44	65	91	96	119	82	113	88	91	126	85	89	116	107	79	88	73	77	68	137	110	104	90	86	86	111	45	103	99	101	104	97	90.28	30
218	38	77	97	77	92	50	79	118	69	76	106	80	60	84	93	82	119	112	44	65	77	96	118	82	99	87	91	123	79	87	115	95	78	88	68	71	63	121	109	90	89	84	80	104	42	103	88	101	104	94	86.88	29
219	38	75	96	77	91	36	76	116	64	76	106	80	60	82	90	79	119	100	44	64	76	90	115	80	99	87	91	123	71	77	110	88	76	86	66	71	63	107	109	89	77	84	80	93	42	103	88	99	100	91	84.0	28
220	35	63	96	77	90	36	76	115	63	72	100	74	60	82	83	78	113	100	44	62	76	87	112	78	98	85	91	117	70	76	110	88	76	85	65	71	63	101	109	89	71	82	80	88	42	103	88	99	96	87	82.04	27
221	35	45	91	77	90	35	74	109	55	72	100	69	60	82	83	78	111	100	39	61	75	87	100	77	96	85	86	116	68	61	105	88	76	71	59	70	58	98	106	88	71	80	76	87	42	103	76	97	93	87	78.96	26
222	35	35	79	75	76	34	73	109	53	72	100	68	59	82	83	77	97	98	39	60	75	81	99	75	96	84	86	102	68	58	101	88	60	71	55	70	51	89	103	86	61	78	74	83	36	89	71	97	90	83	75.28	25
223	34	34	76	75	74	34	72	109	53	70	100	68	59	80	81	76	96	92	38	60	63	80	99	72	96	84	84	93	68	44	88	87	59	70	51	68	50	74	95	86	56	77	74	82	34	87	71	84	90	77	72.48	24
224	34	33	74	75	73	34	70	109	51	65	98	68	59	80	81	65	94	91	37	53	63	80	99	72	94	84	84	79	66	42	73	78	58	70	51	68	50	71	91	81	54	69	74	81	33	85	71	84	90	75	70.28	23
225	34	31	63	74	73	34	66	103	51	65	98	64	59	77	80	64	89	90	35	53	61	79	99	65	92	83	80	79	65	42	73	77	53	65	50	68	50	71	77	78	53	62	74	79	27	85	71	69	90	75	67.9	22
226	31	31	63	62	72	34	59	103	51	65	97	61	59	75	80	56	88	88	32	51	61	79	98	65	91	79	77	79	60	42	72	74	41	64	46	64	50	71	77	63	50	62	74	79	27	84	57	68	86	74	65.44	21
227	30	24	63	62	72	34	55	102	45	52	93	60	59	75	80	56	86	73	32	51	61	64	97	65	91	62	77	79	57	40	71	72	41	58	41	63	48	69	77	56	50	58	69	77	27	84	56	66	86	60	62.52	20
228	29	24	63	58	71	26	53	100	45	50	83	60	59	72	63	56	86	69	31	49	61	64	92	63	89	47	75	70	51	37	71	72	39	58	41	62	48	66	71	55	46	44	67	75	27	82	53	64	69	60	59.32	19
229	29	24	63	55	71	25	53	99	37	49	77	53	54	69	63	56	80	58	21	47	61	62	77	58	87	45	66	70	51	37	70	70	34	56	41	50	48	64	71	55	46	44	56	74	27	80	43	62	69	59	56.32	18
230	27	24	61	51	69	25	51	86	34	45	76	52	52	55	63	50	78	56	20	46	57	59	75	58	76	41	56	69	49	34	69	70	34	53	36	50	44	64	71	55	44	44	56	74	27	68	40	61	53	50	53.16	17
231	26	18	59	51	67	25	45	82	32	45	71	46	48	55	61	50	71	53	19	46	57	57	73	51	75	40	55	69	42	34	69	59	34	50	36	40	42	60	71	52	44	43	54	70	21	58	35	60	49	50	50.4	16
232	25	18	58	51	66	24	45	80	19	45	54	46	46	52	58	47	55	53	16	39	45	57	62	35	72	40	54	69	42	32	53	58	31	44	36	37	39	59	65	52	32	37	54	64	21	57	34	60	47	48	46.66	15
233	15	17	56	50	64	23	45	77	17	45	52	44	46	46	57	47	53	53	16	35	45	57	52	35	71	30	52	58	42	27	51	48	30	43	34	37	39	55	65	51	30	36	46	64	19	42	34	60	47	43	44.02	14
234	15	15	54	49	52	21	44	77	17	28	44	42	40	44	56	47	41	47	16	35	45	55	47	35	71	24	47	56	41	25	49	48	29	39	32	37	33	55	65	50	28	34	45	64	17	38	29	58	44	43	41.34	13
235	15	15	40	41	52	16	44	66	17	28	44	41	28	34	56	46	41	44	15	35	40	41	36	35	65	24	47	52	40	25	39	46	29	30	27	36	33	44	54	50	28	34	44	59	15	32	29	53	40	43	37.76	12
236	14	12	38	41	39	16	44	66	17	24	36	39	26	32	54	46	41	33	15	23	39	31	36	35	50	24	47	41	29	23	28	46	28	30	25	30	33	44	40	46	28	33	30	59	14	32	29	51	40	33	34.2	11
237	12	12	34	40	35	16	44	66	15	19	24	35	23	30	52	38	36	33	15	19	29	26	34	33	47	14	31	33	29	23	27	44	20	30	25	29	23	43	26	46	26	33	29	57	12	24	28	49	40	20	30.56	10
238	8	12	34	35	23	16	44	64	15	19	21	35	21	30	41	35	28	33	14	19	27	24	31	30	44	14	31	26	25	22	27	44	18	20	25	21	23	43	25	33	11	21	24	45	12	16	28	34	31	20	26.84	9
239	8	11	34	33	22	14	42	63	15	19	19	35	19	29	33	32	28	33	13	18	27	12	19	30	42	13	25	20	25	22	27	38	18	18	24	20	23	40	25	32	5	21	24	43	12	16	24	34	31	18	24.96	8
240	8	5	34	30	18	12	40	53	6	17	14	32	19	28	18	32	24	32	11	3	24	11	19	26	41	12	23	19	21	22	27	34	18	15	24	7	11	35	23	30	2	20	21	43	11	16	24	32	29	14	21.8	7
241	3	4	30	19	12	12	37	53	4	17	12	30	18	20	12	25	22	28	11	1	24	5	17	16	33	12	20	13	16	10	26	34	17	14	22	7	10	31	21	26	1	14	18	43	10	13	18	21	19	11	18.24	6
242	3	4	29	19	10	9	37	40	4	16	11	22	17	20	6	23	21	28	11	1	24	5	7	16	33	9	20	11	5	10	24	34	17	13	22	5	10	29	21	22	0	6	16	43	10	12	18	21	19	11	16.48	5
243	3	3	24	17	2	6	22	29	2	16	11	19	16	13	5	6	16	27	10	1	22	5	7	5	32	9	18	11	5	10	23	34	17	8	9	3	3	28	15	8	0	2	16	31	9	11	14	7	18	9	12.74	4
244	3	3	13	17	2	6	9	25	2	12	0	16	13	12	4	0	7	15	8	1	19	0	7	4	17	6	13	8	4	5	15	19	11	3	7	3	3	16	12	8	0	1	15	31	8	10	1	7	16	6	8.86	3
245	0	3	3	8	2	6	0	21	2	12	0	11	13	7	4	0	5	15	8	1	17	0	3	4	9	6	5	8	2	5	8	19	9	3	7	2	1	3	12	8	0	1	13	17	4	8	1	3	9	4	6.24	2
246	0	3	0	6	2	3	0	9	2	12	0	0	2	4	4	0	2	4	8	1	0	0	3	3	7	6	3	2	2	5	8	6	9	2	2	2	1	0	10	6	0	0	13	15	1	6	1	0	2	4	3.62	1
247	0	0	0	0	0	0	0	0	0	0	0	0	0	0	0	0	0	0	0	0	0	0	0	0	0	0	0	0	0	0	0	0	0	0	0	0	0	0	0	0	0	0	0	0	0	0	0	0	0	0	0.0	0

