# Extinction sequence for 721 applications  and 247 platforms.
# This is the data and average for 50 different extinction sequences.
0	721	721	721	721	721	721	721	721	721	721	721	721	721	721	721	721	721	721	721	721	721	721	721	721	721	721	721	721	721	721	721	721	721	721	721	721	721	721	721	721	721	721	721	721	721	721	721	721	721	721	721.0	247
1	718	721	719	721	720	720	721	721	720	720	721	721	721	718	721	721	721	718	721	721	718	721	721	721	721	721	721	721	720	718	721	721	721	721	721	721	721	721	720	721	721	721	721	720	720	721	718	720	720	720	720.38	246
2	715	715	717	721	717	720	721	720	720	719	719	718	721	716	718	721	720	718	721	720	718	720	721	721	721	721	721	720	719	718	721	721	721	721	720	721	720	721	720	719	721	721	721	716	720	721	718	718	720	720	719.56	245
3	714	715	717	720	717	720	721	720	720	718	719	717	721	716	718	721	720	716	721	720	711	720	720	718	721	717	720	720	718	718	721	721	714	721	720	721	720	721	719	719	721	721	719	716	719	720	718	718	720	720	718.86	244
4	711	715	715	720	714	719	719	720	720	718	719	717	721	716	716	717	720	716	721	720	709	717	718	718	719	716	720	716	718	718	721	718	714	720	720	721	719	721	717	719	721	721	719	715	719	720	717	718	718	720	718.02	243
5	711	715	714	718	714	719	719	718	718	718	719	717	718	716	715	715	719	716	718	719	709	717	718	717	719	716	720	716	718	717	721	718	713	720	720	715	719	721	717	719	721	718	718	711	719	720	716	718	718	720	717.3	242
6	711	714	714	718	714	719	719	718	718	718	719	717	718	716	715	715	719	715	718	718	709	717	718	717	719	716	720	716	718	716	721	717	713	720	713	715	719	718	717	719	719	718	718	711	718	718	716	717	716	719	716.82	241
7	711	714	714	718	713	719	717	718	718	718	719	714	715	716	712	715	719	715	718	715	707	716	718	717	718	713	720	715	717	716	721	716	711	720	713	715	719	718	715	719	718	718	716	711	718	718	715	716	713	717	716.04	240
8	711	711	714	715	713	718	717	718	714	718	717	709	713	713	712	715	719	715	718	715	707	716	718	714	716	712	720	715	717	715	714	715	710	719	713	713	718	718	715	719	710	717	716	711	718	718	715	716	713	717	715.0	239
9	711	710	713	715	711	718	717	718	714	716	717	708	713	713	712	715	719	715	718	715	704	716	714	714	716	712	720	714	717	711	713	713	710	719	713	711	717	717	715	718	709	717	715	711	718	715	715	716	711	714	714.26	238
10	711	709	713	715	711	718	714	718	713	715	717	708	713	713	712	708	718	714	717	714	704	716	714	714	714	712	716	711	713	711	713	713	706	719	713	710	717	717	715	718	709	717	713	711	718	715	715	716	708	714	713.46	237
11	711	709	713	714	711	718	714	718	713	715	717	708	710	713	712	707	718	714	716	712	700	713	710	714	714	712	716	711	713	711	713	713	705	719	713	709	717	716	715	717	709	717	712	710	715	715	713	714	708	714	712.82	236
12	709	709	712	714	711	717	711	717	712	712	717	704	710	713	712	700	718	714	715	712	700	712	709	714	714	709	716	710	713	711	713	712	705	718	710	707	714	716	712	716	709	717	712	710	713	714	713	712	708	714	711.84	235
13	709	708	712	712	711	717	711	715	709	712	717	704	710	711	710	700	716	714	715	710	700	712	709	713	714	709	714	710	713	711	713	711	705	718	710	706	714	716	712	713	709	717	710	708	713	713	713	712	707	714	711.24	234
14	708	707	708	710	711	717	711	713	706	712	716	701	710	709	709	699	715	711	715	709	700	712	709	713	710	708	714	710	712	710	713	708	701	718	710	705	714	716	712	713	709	714	705	708	713	713	713	712	707	714	710.26	233
15	707	706	708	707	711	717	707	712	706	711	716	698	710	706	707	696	715	710	715	706	699	711	709	712	710	706	714	707	712	708	713	708	700	718	710	702	714	716	712	712	709	714	703	708	713	713	712	712	707	714	709.38	232
16	701	705	708	706	711	716	705	711	705	710	716	698	710	705	707	696	715	710	715	706	698	711	707	712	710	703	713	700	712	708	712	708	700	716	709	698	714	716	712	712	705	714	703	708	712	712	712	711	706	713	708.46	231
17	699	705	708	706	711	715	705	709	705	709	716	698	709	701	707	695	714	710	715	703	697	707	706	712	710	703	712	699	712	708	711	708	700	716	707	697	712	714	711	708	705	713	703	708	712	711	712	711	699	712	707.52	230
18	690	704	708	704	711	714	705	703	705	709	716	696	708	701	707	695	713	710	715	700	697	705	706	712	710	703	710	699	710	705	711	708	700	716	706	697	709	714	711	708	702	713	703	708	712	710	712	711	699	712	706.66	229
19	689	703	708	701	711	712	705	703	704	708	715	696	708	701	704	694	713	710	715	700	697	704	706	711	710	703	710	699	710	705	707	708	699	716	704	697	709	714	710	705	701	713	703	708	712	709	711	710	699	712	706.04	228
20	688	701	705	698	711	712	705	703	704	707	712	696	705	701	703	693	713	710	715	700	696	702	706	711	710	700	709	698	710	704	706	708	698	713	703	697	707	714	709	700	701	711	703	708	710	709	711	710	699	712	705.14	227
21	688	698	703	696	711	712	705	703	704	704	712	696	705	699	703	693	713	708	714	699	696	702	705	711	709	700	708	698	710	703	706	706	698	713	701	697	707	711	707	699	701	711	702	707	710	709	711	710	699	712	704.5	226
22	688	698	703	696	711	712	703	703	703	703	712	694	704	699	703	693	706	708	714	698	694	702	702	710	709	700	708	698	707	703	705	706	698	712	701	697	707	711	706	697	700	711	701	706	710	709	711	709	699	712	703.84	225
23	688	698	703	694	709	712	703	703	702	702	712	694	704	699	703	693	706	707	714	698	694	702	702	710	709	700	708	698	707	701	702	704	693	712	701	696	704	710	706	697	699	708	701	705	709	705	707	708	699	712	703.06	224
24	687	698	702	694	706	712	696	701	702	702	711	694	704	699	702	693	706	707	714	698	693	699	701	707	709	700	708	696	707	697	700	704	693	711	701	693	704	710	706	697	698	708	700	705	709	705	707	708	698	712	702.28	223
25	685	697	702	693	706	712	695	699	702	702	710	694	704	699	700	691	702	707	714	698	689	699	701	707	701	700	708	695	707	692	700	704	693	711	701	692	703	710	706	695	698	707	700	705	709	704	703	708	698	712	701.4	222
26	685	697	701	693	703	711	695	699	700	700	707	694	704	699	696	690	702	707	713	698	689	698	701	707	700	700	708	695	707	691	699	704	693	709	701	692	702	708	704	692	698	707	700	705	708	704	703	707	698	710	700.68	221
27	685	694	701	693	703	709	693	698	700	700	703	692	700	698	696	690	701	706	712	698	689	695	701	707	700	700	707	692	706	691	697	704	693	709	701	692	698	708	703	691	694	707	696	705	706	704	702	706	695	708	699.58	220
28	684	692	700	692	703	709	691	698	700	700	702	691	696	692	696	689	701	704	712	698	689	695	701	707	696	697	707	692	706	690	697	704	693	709	701	689	696	707	703	688	694	707	696	705	706	703	702	706	695	706	698.74	219
29	683	687	699	692	703	708	690	698	700	693	702	691	695	692	696	683	701	703	712	698	689	695	701	707	695	695	706	692	706	688	697	703	690	709	701	686	694	706	703	688	694	705	696	705	702	696	700	706	694	706	697.62	218
30	683	687	695	689	700	708	689	698	699	692	700	691	695	692	696	683	700	703	712	698	689	694	696	706	695	695	706	692	704	688	697	703	689	708	701	685	687	706	702	685	693	704	696	704	701	690	698	706	694	705	696.58	217
31	682	686	695	689	700	706	689	698	698	692	696	691	694	692	696	683	697	700	712	697	682	693	694	706	695	695	706	692	700	688	693	703	689	705	700	683	687	704	702	685	693	701	696	703	701	690	698	705	694	705	695.62	216
32	681	685	695	689	698	706	689	697	696	692	696	691	693	692	696	683	696	700	712	697	682	693	693	706	692	695	706	690	700	688	693	703	689	704	700	682	687	704	702	684	693	696	696	703	700	690	698	700	690	702	694.9	215
33	677	685	694	689	698	706	685	696	693	691	696	691	691	692	695	681	693	699	710	695	681	693	693	703	688	695	706	690	700	688	692	699	688	698	699	680	686	702	699	684	693	691	696	703	692	690	697	700	689	702	693.48	214
34	676	685	694	685	698	703	681	696	688	687	696	691	690	688	695	681	693	699	710	695	681	693	693	703	688	693	705	689	699	688	692	698	688	696	697	679	686	702	698	684	686	691	693	701	692	690	697	700	687	702	692.44	213
35	676	685	694	685	697	701	680	693	685	687	696	690	690	683	691	680	692	696	710	695	680	693	690	700	686	693	705	689	699	682	692	698	688	696	697	678	685	701	698	683	685	690	693	700	689	690	697	700	686	702	691.42	212
36	676	685	693	682	697	701	679	692	685	687	695	687	688	683	690	678	685	696	710	695	677	691	689	700	685	693	705	688	692	682	692	698	688	695	695	677	684	700	697	683	685	690	692	700	689	689	696	700	683	702	690.42	211
37	675	685	693	682	696	700	679	689	678	687	695	686	688	683	690	675	683	694	709	695	675	691	689	700	685	691	705	687	691	680	689	698	687	694	695	676	684	700	697	683	685	690	692	699	685	688	696	697	682	702	689.5	210
38	673	685	693	682	695	699	677	689	674	686	694	686	688	683	690	675	681	694	708	691	674	691	687	700	685	691	701	686	691	680	689	696	687	694	693	676	684	700	696	681	682	688	688	699	685	688	696	697	682	700	688.6	209
39	673	684	693	682	694	699	675	687	674	685	694	686	687	683	687	674	681	692	706	686	673	690	687	700	685	691	701	686	691	680	689	694	687	694	692	676	684	700	696	681	682	688	686	699	685	686	694	694	682	698	687.86	208
40	673	684	693	680	692	699	675	687	673	685	693	682	687	683	683	673	681	692	704	684	673	689	684	700	685	691	700	685	691	680	689	693	687	687	692	671	683	699	696	681	681	687	686	697	685	685	689	694	681	698	686.84	207
41	672	683	693	679	692	699	667	686	672	682	690	682	687	679	681	673	678	692	703	678	672	688	684	697	685	690	699	682	691	678	686	691	686	687	692	671	682	697	696	680	678	685	685	697	685	685	688	693	681	698	685.54	206
42	672	679	693	679	692	697	667	686	672	681	690	681	687	676	681	673	678	690	699	678	672	688	684	697	685	690	699	682	689	674	686	691	686	687	692	670	682	697	692	679	677	684	684	697	684	685	688	693	681	698	684.88	205
43	672	677	692	679	691	697	667	686	671	681	690	679	686	675	681	668	678	690	697	678	672	687	684	697	682	689	697	682	689	674	686	690	685	686	692	670	681	697	689	679	675	684	684	696	680	685	688	692	681	696	684.08	204
44	672	676	691	674	690	696	667	686	671	681	688	676	686	675	681	667	678	688	696	675	672	687	681	697	682	689	696	682	687	673	685	690	685	686	692	670	679	697	689	678	673	683	683	693	680	685	686	689	681	696	683.2	203
45	672	676	691	674	689	688	667	686	671	677	687	675	686	675	679	666	674	687	695	674	672	687	681	694	680	687	688	682	687	673	681	687	683	685	692	670	679	697	689	678	669	683	683	693	680	681	686	689	681	694	682.0	202
46	669	676	691	674	689	687	666	683	671	675	685	674	683	675	679	666	674	687	688	674	672	687	681	694	678	687	688	681	687	670	678	687	683	678	689	670	677	697	686	675	666	683	682	693	680	681	686	689	675	694	680.8	201
47	669	676	691	674	689	687	663	683	670	672	685	674	681	675	675	665	673	687	688	673	670	685	681	692	678	687	686	680	687	663	678	685	683	675	689	670	677	697	682	674	664	683	682	692	680	681	684	689	675	694	679.86	200
48	666	676	689	674	686	687	660	680	670	669	685	674	681	675	675	663	673	683	687	669	670	685	680	692	678	687	686	680	687	663	677	685	681	675	688	669	672	697	682	672	657	680	682	692	678	681	684	687	673	694	678.72	199
49	665	675	689	670	684	686	660	680	670	669	685	673	680	674	675	663	673	683	683	669	666	684	680	692	678	685	685	679	686	663	677	681	681	674	686	668	672	697	682	672	657	680	680	690	677	681	683	687	673	694	677.92	198
50	664	675	689	667	684	686	660	679	670	669	684	673	678	673	674	662	673	683	675	669	666	681	673	692	677	681	682	679	686	663	677	681	680	671	685	666	672	697	681	672	657	680	679	690	675	678	683	684	673	694	676.84	197
51	657	675	689	662	684	683	660	676	670	669	683	673	676	673	674	662	665	683	675	668	666	681	673	692	677	681	682	677	686	663	672	681	677	671	685	666	672	695	681	672	652	679	678	688	675	678	681	684	673	692	675.74	196
52	654	675	688	661	684	682	653	676	670	669	683	672	675	673	674	661	664	683	673	667	666	680	670	692	676	680	680	676	686	663	672	681	677	671	685	666	672	690	680	671	649	679	676	687	675	675	678	684	673	691	674.76	195
53	654	675	688	658	682	682	653	676	669	668	683	670	674	672	671	660	661	683	673	667	666	680	669	689	675	678	678	676	686	660	672	680	676	671	685	666	668	688	679	671	648	677	676	686	675	675	678	675	669	690	673.62	194
54	654	675	688	658	679	682	653	676	668	668	683	669	673	671	670	660	661	681	673	667	664	680	668	688	672	678	675	676	685	660	669	680	675	671	683	663	661	684	678	671	648	676	676	684	675	673	677	673	668	688	672.56	193
55	653	674	685	658	677	682	653	676	668	661	682	668	673	664	670	659	661	681	673	667	663	679	665	687	672	673	671	675	685	657	666	680	672	670	679	663	661	683	678	670	645	676	672	684	669	673	677	673	668	688	671.18	192
56	653	672	683	658	677	682	651	673	668	661	682	668	671	664	669	658	661	681	671	664	660	675	660	687	672	672	667	675	683	657	666	680	665	670	679	660	658	682	678	667	644	676	671	682	668	673	676	673	667	687	669.94	191
57	652	670	683	658	676	680	651	671	668	659	681	666	671	664	669	658	660	681	671	664	660	675	658	686	669	672	667	672	683	657	661	680	665	668	674	660	655	682	678	667	644	675	671	681	667	666	676	673	667	683	668.9	190
58	648	670	677	654	675	679	650	671	667	659	681	661	669	658	668	657	660	680	668	663	660	675	658	686	669	670	665	669	683	657	661	679	664	668	674	659	650	682	674	664	643	675	671	681	667	666	675	671	667	680	667.56	189
59	644	664	673	654	666	678	650	671	667	655	680	661	666	658	668	656	659	680	668	663	660	675	657	685	668	670	665	664	683	657	661	675	664	668	672	659	647	682	673	664	643	675	670	680	665	666	675	671	666	680	666.42	188
60	644	664	672	654	661	676	650	671	666	655	679	661	664	656	668	655	659	679	668	660	659	674	657	685	667	668	660	664	679	657	661	674	664	665	671	657	647	682	673	663	643	675	667	680	665	666	674	671	666	675	665.42	187
61	641	662	672	653	661	674	650	666	666	655	675	659	664	656	668	655	659	679	668	657	659	673	657	684	667	668	660	661	679	657	661	673	662	665	671	657	647	681	673	662	642	674	667	680	665	664	674	666	663	675	664.54	186
62	639	660	671	653	661	674	646	664	666	655	675	659	664	656	668	655	651	679	666	654	656	673	657	684	667	668	659	656	679	657	661	672	661	662	668	651	647	681	673	660	642	674	666	680	662	664	671	663	663	675	663.36	185
63	634	660	670	653	660	674	646	661	664	655	675	658	664	655	668	654	649	677	666	652	656	672	657	684	667	668	657	654	678	652	659	669	660	658	668	651	647	681	671	658	642	674	666	680	662	664	670	663	663	671	662.34	184
64	634	660	668	648	660	674	646	660	664	651	675	658	662	653	668	654	648	677	666	651	655	670	657	684	665	667	657	646	676	652	657	669	660	657	665	650	646	674	671	654	642	672	664	678	662	664	669	660	663	669	661.04	183
65	632	660	667	646	660	672	644	660	662	651	672	656	662	653	666	652	648	673	664	650	655	667	655	684	665	667	657	644	676	652	657	669	657	650	665	648	644	674	670	653	642	670	663	678	654	663	667	659	662	669	659.72	182
66	626	659	667	645	660	671	639	659	662	648	670	656	661	653	664	651	648	673	664	650	652	664	655	681	664	665	657	639	676	652	657	667	657	650	665	647	641	667	667	653	635	667	663	678	650	663	667	659	662	667	658.26	181
67	625	657	660	645	660	669	639	656	659	645	666	653	660	653	664	651	648	673	664	646	652	663	654	681	661	665	656	639	676	652	656	665	657	650	663	641	640	662	664	653	634	667	662	678	649	660	667	658	662	664	656.88	180
68	623	653	660	644	660	668	638	656	656	644	666	653	656	653	662	651	648	672	661	642	652	658	654	678	661	658	654	639	674	650	656	663	656	650	663	640	634	662	658	653	634	664	661	673	648	660	667	658	657	664	655.3	179
69	623	652	660	644	660	667	636	656	655	644	663	653	656	653	661	649	648	672	660	640	652	656	654	678	661	658	652	637	672	646	654	663	656	650	660	640	634	662	657	653	629	664	661	672	648	656	667	658	657	663	654.44	178
70	623	647	660	643	660	667	636	653	654	638	661	653	653	651	661	649	648	671	656	640	649	656	649	674	661	658	652	637	669	646	651	663	653	650	660	640	634	661	657	650	627	664	661	671	647	653	665	656	657	661	653.12	177
71	622	646	660	642	659	666	636	649	651	638	659	650	653	651	659	646	648	669	655	640	647	655	649	672	661	656	649	637	669	644	647	662	653	648	657	639	633	661	653	650	627	662	661	671	647	653	661	656	657	660	651.92	176
72	622	646	657	642	659	665	633	649	651	637	659	648	653	650	659	646	647	669	653	637	640	650	649	671	661	651	649	637	667	641	645	662	651	647	657	638	633	661	653	648	626	659	661	671	647	650	661	656	655	658	650.74	175
73	622	644	657	642	658	665	632	649	651	637	659	648	648	649	657	646	645	668	645	636	639	647	647	671	661	651	647	635	666	641	644	661	651	647	657	638	629	661	652	648	626	650	656	671	647	650	660	656	655	658	649.6	174
74	622	644	656	633	658	665	631	648	651	635	658	648	647	649	657	646	640	666	645	634	637	647	640	671	659	651	647	635	664	641	643	661	651	639	657	638	629	660	652	646	624	650	656	670	647	646	652	655	655	650	648.12	173
75	621	642	654	633	658	664	630	646	650	632	658	648	644	649	657	642	638	666	645	629	636	647	634	671	659	651	647	635	662	641	641	660	646	637	657	638	629	660	651	646	623	650	652	669	643	646	652	651	655	649	646.88	172
76	621	640	652	631	658	663	630	646	650	630	658	647	644	647	656	642	636	666	642	627	636	638	632	671	658	651	643	634	662	640	641	659	645	635	656	629	628	651	651	646	623	649	652	668	641	646	649	646	655	649	645.4	171
77	618	640	652	630	658	663	629	646	650	630	658	647	644	647	654	642	636	662	640	627	634	637	632	671	655	651	642	628	662	638	641	657	643	635	652	627	626	651	650	645	623	647	651	668	640	644	646	646	652	649	644.32	170
78	615	637	647	630	658	663	627	646	650	623	657	639	643	645	652	639	633	661	638	626	631	633	632	667	651	649	642	627	659	638	640	657	643	635	652	624	626	649	649	644	623	644	650	664	638	644	646	643	652	647	642.56	169
79	614	636	646	622	658	661	627	646	646	622	657	639	643	636	651	639	632	660	632	622	628	633	629	662	651	647	637	625	659	637	636	657	641	635	652	624	626	645	648	644	618	643	650	664	638	639	644	642	646	647	640.72	168
80	613	628	644	622	653	660	621	645	636	613	657	639	641	631	651	639	632	659	623	620	628	633	626	662	651	644	636	625	659	633	633	651	641	635	652	615	626	644	648	641	618	643	646	664	638	636	642	642	643	647	638.58	167
81	612	628	641	620	651	657	618	644	636	610	657	638	640	631	642	638	624	659	619	618	625	633	625	662	651	644	633	622	659	632	633	650	640	632	652	615	626	644	640	637	615	641	643	663	635	636	642	639	636	647	636.7	166
82	612	625	638	620	648	655	618	644	636	610	653	638	640	628	638	634	620	656	619	618	624	630	622	662	647	641	633	622	653	632	633	648	640	627	652	613	626	644	635	633	615	637	643	663	632	636	642	638	636	647	635.12	165
83	611	624	632	620	646	655	610	644	636	610	653	638	639	628	637	632	620	656	617	614	623	630	622	661	647	641	630	620	649	630	624	646	640	620	646	613	625	644	634	625	615	637	643	661	630	636	639	636	636	645	633.4	164
84	611	622	628	620	644	653	606	644	635	609	652	636	638	628	637	631	618	653	617	613	622	630	622	661	644	639	627	620	649	630	624	645	636	617	646	611	622	643	634	619	613	637	640	661	629	636	637	628	636	644	631.94	163
85	609	621	628	620	640	652	606	639	633	609	644	636	638	628	637	628	617	653	612	613	619	627	613	661	644	638	625	619	649	630	624	645	635	615	646	608	622	642	630	613	609	634	640	661	624	636	633	625	634	641	630.1	162
86	609	618	622	619	640	652	606	639	633	606	642	636	637	627	634	624	616	652	609	608	615	627	612	661	644	637	625	619	641	628	623	645	635	615	645	608	615	641	629	613	606	632	636	660	623	636	633	625	631	636	628.5	161
87	603	618	622	617	640	652	606	639	632	602	641	627	635	624	630	620	610	652	609	605	615	627	612	661	640	636	625	615	641	627	618	644	633	613	639	606	615	641	624	613	606	632	634	660	623	636	633	625	631	635	626.88	160
88	602	613	622	613	640	651	604	634	630	602	640	623	633	624	624	620	609	650	604	605	614	625	607	660	640	636	625	612	641	627	615	635	631	610	634	603	615	640	620	612	599	632	631	659	623	636	633	624	630	630	624.84	159
89	602	612	622	613	637	646	604	633	626	602	637	615	633	624	624	620	603	650	604	602	614	623	605	659	640	636	625	612	640	626	613	635	629	610	631	601	612	639	620	606	599	631	628	657	623	636	633	619	626	630	623.34	158
90	602	610	622	613	636	638	601	631	624	602	634	615	633	624	622	620	603	647	603	599	614	619	602	656	637	627	624	610	636	623	611	635	629	608	631	601	611	636	620	602	597	631	627	655	623	634	632	618	624	629	621.62	157
91	602	608	618	613	633	638	601	630	622	599	634	612	633	621	622	619	600	644	602	599	613	616	597	653	636	627	623	605	636	623	611	634	627	608	631	599	608	634	618	602	597	631	622	655	623	633	630	616	622	629	620.18	156
92	599	607	618	606	633	638	600	630	622	599	634	612	633	619	621	619	596	639	602	599	612	614	590	649	632	627	623	604	636	616	611	634	627	608	631	599	604	633	613	602	595	626	619	655	621	632	628	614	622	628	618.62	155
93	599	602	618	606	633	634	597	630	620	598	634	611	631	619	618	619	595	639	600	597	612	610	590	649	627	625	621	602	633	616	609	633	622	608	629	597	602	633	613	600	595	626	619	652	618	632	628	611	615	628	617.1	154
94	599	601	617	604	633	632	597	628	616	595	634	608	624	614	615	611	595	635	600	597	610	608	590	643	625	625	617	600	630	613	607	632	622	604	627	596	600	633	613	599	592	625	616	652	615	632	624	610	612	627	615.08	153
95	595	601	617	600	632	629	596	626	616	587	633	601	624	614	615	611	595	625	600	596	610	608	588	642	625	622	617	599	624	610	606	630	622	604	622	594	597	633	613	597	592	620	613	649	615	628	620	608	605	627	613.06	152
96	595	601	613	600	628	629	596	626	616	587	633	601	622	614	615	610	593	625	600	588	609	605	582	641	624	620	617	599	623	603	605	625	618	604	620	590	593	630	613	596	592	620	613	649	614	628	620	607	600	627	611.58	151
97	593	596	612	593	626	629	593	625	613	587	631	596	620	614	614	610	590	625	598	588	604	601	582	641	624	617	617	599	622	601	598	622	617	603	620	589	593	628	609	596	591	620	609	648	613	628	620	606	596	622	609.78	150
98	590	586	611	593	626	629	592	621	613	587	630	588	612	613	613	610	590	625	596	588	603	599	579	637	624	615	615	596	619	601	598	620	616	603	615	589	592	627	609	594	589	620	606	648	610	619	619	606	595	622	607.96	149
99	590	577	609	586	626	629	592	615	613	587	628	588	612	607	613	607	590	623	596	588	602	599	578	636	621	612	613	587	619	599	596	620	616	603	615	589	589	626	609	594	588	620	606	639	606	619	618	603	589	615	606.04	148
100	589	575	609	582	623	621	592	615	608	587	627	586	612	606	613	604	590	620	596	588	602	597	576	634	619	611	613	587	619	599	595	619	615	600	612	586	589	625	609	594	588	620	604	639	605	615	614	599	589	614	604.62	147
101	583	575	609	578	623	621	592	614	608	587	627	581	604	606	613	603	590	619	596	588	599	596	576	628	619	611	612	586	618	597	593	613	615	596	612	585	589	625	608	594	587	620	604	638	602	615	614	599	584	613	603.3	146
102	583	571	608	578	622	620	588	611	607	586	626	581	597	598	610	602	584	618	596	585	597	591	576	624	619	609	612	585	618	596	592	611	615	589	609	585	585	624	608	594	582	620	604	638	602	613	613	599	584	613	601.56	145
103	583	571	606	578	621	620	588	608	607	583	626	581	596	597	610	597	579	618	593	584	595	590	575	621	616	609	609	583	612	596	590	609	611	589	608	584	584	624	608	593	582	619	604	638	602	613	610	599	580	612	600.22	144
104	575	571	606	572	621	617	587	604	607	582	626	581	596	596	608	597	578	618	592	584	595	589	574	620	615	609	607	583	611	596	590	609	611	583	606	579	578	624	608	587	579	619	600	637	601	609	610	598	577	612	598.68	143
105	575	563	604	572	621	611	587	598	604	578	622	581	595	594	606	593	574	615	589	582	589	588	574	620	615	605	607	583	608	596	590	609	610	583	604	579	573	622	608	584	578	619	594	637	601	606	602	594	576	607	596.5	142
106	573	563	604	572	619	607	587	598	604	575	622	572	592	592	603	591	572	615	589	582	588	585	574	618	615	603	607	583	607	592	584	603	610	581	603	579	566	621	608	581	569	619	588	634	601	602	602	594	573	607	594.58	141
107	573	563	604	572	616	604	583	596	603	573	622	572	586	591	601	591	571	615	588	582	582	580	574	618	608	596	604	580	601	585	581	603	610	579	602	579	561	620	607	581	567	618	587	630	600	601	599	594	572	607	592.64	140
108	572	554	601	572	615	603	578	596	603	573	619	570	580	587	601	589	568	614	588	582	581	578	571	618	602	593	604	579	601	585	581	603	610	576	602	579	560	617	607	576	561	618	577	623	600	601	599	590	569	607	590.66	139
109	569	550	601	571	615	601	578	590	598	573	619	568	573	583	601	584	567	614	584	577	578	575	568	613	601	591	604	576	599	585	576	603	610	575	602	579	555	611	607	573	561	612	576	623	597	600	598	583	564	607	588.36	138
110	569	550	598	571	606	596	576	590	598	571	619	568	573	582	598	584	567	609	579	573	565	575	568	609	600	590	602	566	599	585	576	599	609	566	600	578	549	608	607	571	559	609	571	621	594	599	597	583	564	607	586.06	137
111	569	546	597	568	606	595	576	589	596	571	619	567	573	577	594	584	559	605	577	572	561	570	567	605	597	590	596	561	596	579	575	599	609	566	599	576	548	607	603	571	559	605	571	621	594	597	596	583	560	607	584.16	136
112	568	545	593	566	606	593	575	588	596	567	618	567	566	567	593	584	557	605	575	571	561	570	564	604	595	586	596	558	593	579	575	597	609	565	595	573	548	606	602	570	553	603	563	615	593	597	596	583	555	607	582.22	135
113	567	545	590	562	604	593	569	588	595	566	614	567	566	562	589	584	556	603	574	571	552	570	561	603	594	585	596	557	593	579	575	595	609	560	589	573	548	604	602	570	553	601	563	611	590	597	590	583	555	602	580.5	134
114	562	544	590	561	604	589	569	582	594	566	614	567	561	562	589	581	556	603	574	570	548	564	561	602	590	582	595	557	593	578	574	595	607	560	585	570	547	601	602	570	553	601	563	610	582	597	589	583	553	598	578.96	133
115	558	541	586	560	602	585	567	581	592	562	610	567	561	561	588	581	555	603	571	570	545	564	560	600	590	582	591	557	591	578	573	592	603	560	584	569	547	600	593	560	552	601	563	610	578	597	587	583	553	598	577.24	132
116	555	539	586	559	596	585	563	579	586	562	610	567	558	561	585	575	555	598	571	563	545	564	554	590	588	577	591	557	591	578	572	587	599	560	583	569	544	595	587	557	551	595	560	609	577	591	581	582	553	598	574.76	131
117	555	538	578	559	596	585	563	574	578	562	609	562	558	561	580	575	552	598	570	563	537	564	553	590	588	573	587	557	591	578	572	585	599	559	580	567	544	595	585	554	547	594	550	609	574	590	580	582	551	597	572.96	130
118	555	538	573	559	593	585	561	574	577	562	606	562	554	561	578	574	552	598	567	556	537	557	547	584	587	573	587	557	583	572	571	578	596	559	576	559	539	594	583	552	543	594	546	609	568	590	580	580	551	592	570.58	129
119	550	529	564	559	589	585	561	566	567	560	602	560	550	559	576	571	544	597	567	556	537	557	542	580	584	573	583	557	582	572	570	578	595	559	576	559	538	590	577	550	541	588	546	604	568	581	577	572	548	590	567.72	128
120	550	528	562	557	581	584	561	559	564	560	601	560	545	559	576	571	544	597	566	555	534	557	542	580	581	567	582	557	578	572	565	578	594	555	576	557	532	587	575	550	541	586	546	604	562	579	577	572	548	587	566.02	127
121	549	526	556	552	580	582	550	558	564	555	595	555	545	552	576	564	543	597	566	555	532	557	540	580	578	567	572	553	574	569	565	578	594	553	570	555	531	584	572	544	540	586	542	604	562	575	573	570	548	582	563.4	126
122	546	526	552	547	580	582	550	558	562	555	595	555	542	549	567	562	537	593	563	555	532	554	539	580	573	556	568	549	574	567	565	578	586	553	568	555	527	584	572	544	534	586	541	598	562	569	561	570	546	574	560.82	125
123	544	523	551	547	578	582	547	558	561	555	595	552	534	545	565	562	537	592	562	555	526	553	535	580	573	555	566	549	572	565	565	578	586	551	568	554	527	573	572	536	530	583	540	598	555	566	561	570	542	572	558.92	124
124	541	521	548	545	575	579	547	555	558	549	595	552	527	539	564	562	537	592	560	555	526	549	531	580	573	551	560	549	568	559	560	571	583	551	568	554	527	573	570	536	526	583	539	598	551	560	561	570	539	572	556.78	123
125	530	519	545	541	571	579	546	554	558	541	593	547	523	539	560	560	536	589	555	553	526	549	530	580	573	550	559	541	563	559	559	571	583	551	568	554	527	573	569	534	525	582	535	598	545	560	554	564	539	572	554.64	122
126	530	519	544	539	569	579	546	553	552	540	591	547	521	534	560	560	536	584	549	553	525	547	529	580	572	549	558	541	562	559	559	561	583	551	568	549	525	573	566	527	521	582	531	595	545	555	552	564	539	571	552.9	121
127	524	517	537	536	568	578	543	552	551	540	590	547	521	531	555	560	536	582	549	546	522	547	527	578	569	546	555	541	558	559	556	559	581	551	567	549	525	565	566	527	520	582	530	592	545	555	551	563	538	567	551.08	120
128	524	515	537	536	566	573	543	552	551	537	587	543	521	530	555	554	536	582	547	543	518	539	525	576	569	540	550	534	558	559	556	559	579	551	561	549	525	563	566	521	520	582	530	592	545	555	546	563	538	567	549.36	119
129	518	515	528	536	566	573	539	552	551	535	583	541	516	527	551	547	535	582	547	539	516	530	521	575	568	532	549	534	558	559	555	558	578	551	556	549	522	563	566	513	514	579	529	592	545	555	540	563	538	564	547.06	118
130	512	515	528	534	566	573	537	547	551	535	582	541	514	527	546	546	534	582	547	538	514	526	521	571	568	532	549	527	553	559	555	557	578	547	555	546	522	562	565	513	513	579	523	592	543	554	540	561	538	563	545.62	117
131	512	512	527	533	564	573	534	545	546	535	582	532	514	524	546	546	534	582	547	537	507	526	519	571	566	530	548	522	552	550	554	555	578	546	555	546	522	562	561	513	513	579	522	588	543	552	539	560	538	562	544.08	116
132	512	509	527	533	557	569	528	545	546	533	573	528	513	524	540	546	534	577	544	537	506	525	512	561	565	530	547	516	551	549	550	555	578	545	548	541	516	562	555	513	513	572	516	588	543	549	536	559	538	562	541.52	115
133	510	504	527	533	556	565	525	538	543	532	573	526	513	519	535	546	532	571	540	534	504	520	507	560	557	530	547	513	547	544	550	549	577	545	544	541	515	562	551	509	511	571	511	588	543	549	536	558	535	562	539.16	114
134	505	502	519	533	556	565	524	533	538	529	568	520	513	519	535	541	526	566	540	531	498	520	505	556	557	525	547	506	547	539	549	549	572	543	539	540	509	556	545	508	511	570	507	587	542	545	533	553	530	561	536.24	113
135	502	498	513	533	556	560	521	533	532	528	568	519	513	514	532	539	525	559	535	529	498	520	504	556	553	525	547	506	543	529	545	549	572	539	535	536	509	549	545	504	511	570	507	587	541	545	530	553	529	554	534.0	112
136	496	498	513	533	553	554	521	526	529	528	568	513	512	513	532	534	523	552	531	527	496	519	503	556	549	519	547	506	543	529	545	539	572	535	532	528	500	543	544	501	508	569	507	576	541	545	528	553	523	554	531.32	111
137	493	493	513	529	552	554	521	525	524	526	568	513	506	513	531	529	520	548	531	524	496	511	503	553	547	519	543	505	532	529	543	537	566	531	524	528	500	539	538	500	508	566	505	574	541	544	526	548	522	551	528.84	110
138	493	491	509	526	546	553	519	525	518	523	568	513	506	511	525	525	517	544	525	523	489	511	501	550	547	518	535	505	525	523	542	536	564	529	515	528	500	538	538	491	507	563	505	570	540	544	523	548	522	551	526.36	109
139	493	489	509	524	546	553	519	525	508	519	568	512	505	511	524	519	514	543	520	521	484	511	501	550	538	513	535	504	514	522	535	532	556	519	504	524	500	538	538	491	507	558	503	565	533	544	518	544	522	548	523.46	108
140	490	483	509	523	546	553	514	524	506	519	566	511	504	503	524	517	508	542	520	521	478	510	496	543	538	513	533	496	511	518	535	532	552	519	504	524	500	534	538	487	504	553	503	565	528	544	517	544	514	536	521.04	107
141	490	482	504	516	544	552	514	523	498	519	563	508	504	496	522	506	508	533	520	513	478	503	493	543	536	512	532	494	511	513	530	528	545	519	504	516	497	530	530	487	504	553	498	561	523	543	514	540	514	536	518.04	106
142	487	482	498	515	542	546	511	522	498	519	563	508	504	495	516	503	504	533	519	507	472	503	482	543	528	511	525	492	511	509	530	528	545	518	503	516	489	523	530	487	504	550	490	558	516	541	514	540	512	536	515.56	105
143	482	477	497	513	539	543	509	518	496	519	563	507	496	495	512	503	504	528	518	500	461	493	479	533	528	510	520	484	509	509	527	523	541	518	493	515	485	512	522	480	493	550	482	558	508	537	512	540	511	529	511.62	104
144	482	472	486	513	539	541	507	518	495	519	557	506	493	489	512	502	504	526	518	500	455	493	476	533	525	510	520	484	506	507	527	515	541	518	493	513	485	510	514	480	488	542	480	556	505	537	503	536	508	521	509.2	103
145	477	462	486	513	539	536	505	518	493	511	554	504	493	481	508	502	504	522	518	499	455	491	471	533	522	506	515	483	501	505	527	515	540	518	493	513	479	510	508	480	488	542	476	556	505	535	492	536	508	514	506.84	102
146	477	459	486	513	533	536	501	514	491	503	548	501	493	481	507	498	504	516	518	494	454	487	471	525	522	506	515	482	497	500	524	510	537	511	492	513	475	504	502	479	488	540	476	553	504	535	488	536	506	511	504.32	101
147	477	455	486	507	533	536	495	513	491	503	545	498	488	477	496	489	496	510	517	491	454	486	470	517	522	506	512	482	496	500	524	510	533	507	492	512	473	504	502	473	488	540	476	553	499	535	483	535	505	505	501.94	100
148	477	455	485	502	525	528	494	513	491	503	539	498	483	471	496	489	486	504	517	482	454	485	469	516	521	500	512	482	496	500	519	509	523	507	492	512	462	497	493	473	487	540	472	553	493	531	476	535	504	504	499.1	99
149	475	448	484	501	521	519	494	505	490	503	539	488	481	468	488	488	485	492	513	476	453	474	469	513	517	494	506	481	489	495	513	505	520	502	480	504	448	495	491	473	487	534	468	552	493	522	469	532	504	501	494.84	98
150	470	446	483	501	514	509	488	505	490	494	538	484	481	467	485	485	485	490	507	476	453	474	466	505	516	494	504	478	489	494	511	497	519	498	475	502	444	495	491	473	482	529	466	551	489	522	461	522	503	493	491.88	97
151	469	446	482	492	510	509	488	503	484	488	538	475	481	465	485	481	485	490	507	475	452	474	466	505	511	494	504	478	486	494	508	495	519	491	475	494	442	495	490	466	482	523	462	542	489	522	460	521	497	493	489.66	96
152	468	446	482	484	505	508	480	501	477	483	536	473	480	465	480	477	485	483	503	466	450	472	459	501	511	493	504	473	483	484	503	495	514	491	468	493	442	493	487	466	480	513	462	542	489	517	455	521	497	493	486.66	95
153	464	445	481	482	505	500	476	501	470	483	535	473	480	456	476	473	485	481	498	466	441	472	457	501	511	492	502	473	482	480	503	495	508	483	468	491	439	491	473	462	480	512	461	535	489	513	455	516	494	492	484.02	94
154	457	445	481	477	497	498	471	499	463	475	534	468	480	452	474	468	484	474	491	461	440	469	456	494	510	486	495	473	475	478	494	483	500	476	468	487	438	484	467	459	475	506	461	525	485	510	455	516	488	483	479.7	93
155	447	445	477	476	497	498	469	499	461	469	531	468	470	452	467	468	481	464	491	461	440	467	451	494	508	486	494	469	474	475	494	483	495	473	467	487	437	475	467	457	470	505	461	514	479	508	453	516	488	481	477.18	92
156	441	441	477	476	485	498	465	493	454	462	531	467	469	446	467	468	473	464	489	461	440	459	449	493	500	485	494	459	473	475	493	481	491	470	460	487	437	469	461	454	470	494	461	509	479	505	453	513	481	481	474.06	91
157	441	441	476	476	474	498	464	490	452	457	531	466	468	440	467	468	470	463	483	461	440	459	449	492	500	485	494	459	473	464	493	479	489	469	455	481	433	464	461	454	461	493	460	504	479	504	453	513	480	475	472.02	90
158	439	441	476	466	474	498	464	490	450	452	525	456	466	436	456	458	467	462	478	461	429	456	448	490	495	484	492	459	467	463	483	475	486	469	455	481	433	456	460	451	461	493	460	501	478	495	448	513	480	472	468.96	89
159	436	440	472	466	472	498	463	481	450	452	522	451	466	427	456	449	465	457	476	461	421	448	444	478	491	479	485	459	462	459	471	475	481	469	455	477	433	456	455	451	461	491	454	498	475	493	443	513	476	472	465.7	88
160	435	439	468	464	468	495	462	481	449	448	522	450	460	427	455	445	458	457	476	460	421	444	440	475	486	478	485	455	462	457	466	468	481	469	452	476	427	450	454	451	461	484	441	497	471	488	443	507	476	464	462.96	87
161	424	439	464	459	468	493	459	478	449	445	512	448	460	424	454	445	458	446	474	460	408	441	437	465	484	470	478	455	462	456	465	463	480	462	446	467	417	449	453	450	458	483	441	496	471	487	435	506	476	462	459.64	86
162	424	439	463	451	465	493	455	472	445	443	506	446	452	415	454	445	454	446	462	455	407	441	429	465	479	469	472	455	455	454	460	459	476	461	442	465	415	449	449	450	457	481	430	488	462	484	435	502	476	462	456.28	85
163	421	432	460	451	465	493	455	472	443	442	499	441	443	414	446	440	449	440	461	455	407	438	420	455	479	464	471	450	455	445	455	456	476	455	435	464	407	440	446	449	455	481	429	479	458	474	434	502	468	457	452.52	84
164	420	429	460	451	464	489	455	467	439	433	492	439	439	414	443	439	449	440	458	452	400	434	410	455	479	462	464	450	455	441	444	456	469	455	434	458	407	433	444	447	454	471	420	474	451	474	423	501	468	455	449.2	83
165	419	428	460	443	463	486	452	457	437	427	492	435	427	412	442	435	448	439	457	452	400	434	410	455	477	459	457	450	445	434	440	451	469	452	434	458	399	423	435	447	453	471	420	469	451	474	423	497	458	454	446.2	82
166	412	428	458	443	457	479	447	455	437	422	485	426	425	406	438	435	437	439	457	443	398	429	409	450	468	459	457	450	436	434	433	447	459	445	434	448	395	423	432	438	444	471	419	464	443	470	412	497	458	454	442.1	81
167	403	426	452	439	457	478	444	455	429	416	484	426	425	406	433	435	436	437	452	442	395	429	402	440	464	455	451	445	433	433	425	445	451	441	432	448	393	420	428	433	435	463	419	464	439	466	409	492	455	454	438.68	80
168	399	426	444	439	450	470	435	453	428	416	477	426	412	404	426	432	435	428	444	431	393	429	401	439	448	450	451	444	427	433	415	438	446	437	425	442	390	408	422	433	428	461	419	460	438	465	399	492	455	450	434.26	79
169	399	425	444	437	449	467	434	448	422	411	471	422	411	404	426	428	430	428	439	431	383	425	397	439	445	449	446	440	427	430	412	438	437	435	417	441	382	407	422	432	426	456	412	454	438	458	395	486	447	450	431.04	78
170	391	415	444	437	449	467	424	448	422	409	463	422	409	404	421	419	428	428	430	431	378	422	397	439	442	447	445	440	419	423	402	436	436	433	417	441	382	400	422	432	425	456	412	453	437	448	390	483	446	443	428.14	77
171	390	409	442	437	449	460	423	442	421	408	458	411	405	402	421	413	421	422	430	427	375	416	397	438	442	445	445	431	414	423	402	434	436	431	417	440	376	400	414	431	425	455	402	450	434	448	390	481	440	436	425.18	76
172	383	409	434	429	448	458	423	435	414	406	457	410	396	396	421	413	413	419	429	426	365	410	386	437	435	443	444	429	410	420	389	433	429	429	411	432	376	396	406	424	417	449	402	448	431	443	390	478	439	436	421.12	75
173	378	409	426	424	448	458	420	432	403	404	457	403	394	391	421	403	413	419	428	425	360	403	385	428	434	434	442	426	410	420	388	423	421	426	402	426	376	386	406	424	410	448	400	447	431	442	390	477	435	430	417.72	74
174	371	408	426	424	442	457	417	426	403	403	454	402	394	391	421	403	413	414	427	422	352	403	382	420	431	430	435	426	401	418	388	418	421	425	394	425	376	385	393	417	406	438	387	447	426	438	390	472	428	430	414.4	73
175	368	408	426	424	441	456	404	424	400	403	452	398	379	391	417	403	411	412	427	417	352	403	376	413	422	427	435	421	396	418	383	415	413	414	394	424	374	376	389	414	405	433	374	446	423	436	390	466	422	429	410.88	72
176	368	404	417	411	441	456	404	422	400	401	448	398	377	390	412	403	408	412	427	417	350	394	367	408	410	427	435	416	394	411	383	410	413	406	385	424	370	376	382	406	405	425	374	446	421	436	385	459	418	428	407.6	71
177	366	401	417	407	439	456	401	422	392	393	447	398	377	388	402	395	407	411	426	415	342	384	359	408	402	424	427	416	391	405	383	409	413	403	376	423	369	373	381	405	405	425	370	441	421	433	375	454	413	417	404.14	70
178	366	399	412	403	434	448	398	422	392	387	447	397	376	386	389	394	406	406	426	402	340	383	359	400	402	419	427	406	388	400	377	401	413	402	373	422	368	373	371	392	405	418	367	439	415	425	372	451	412	415	400.5	69
179	356	396	405	397	426	448	388	417	392	380	447	391	368	386	386	392	405	404	415	395	338	382	358	399	401	419	422	406	387	392	371	401	413	392	371	422	368	373	371	380	398	416	367	429	411	424	372	451	404	411	396.86	68
180	355	390	396	389	426	444	379	411	391	380	435	387	358	384	382	391	404	398	406	394	335	382	358	399	396	418	420	396	385	392	365	395	413	392	369	413	363	363	371	375	384	402	363	421	409	424	363	451	399	405	392.42	67
181	354	390	395	384	426	439	370	406	388	376	433	387	358	377	379	385	397	388	395	394	334	382	358	392	391	417	420	387	384	390	359	392	413	381	363	407	363	359	370	368	383	395	360	420	408	423	362	443	399	403	388.94	66
182	354	384	394	380	426	429	369	406	383	369	432	387	352	376	378	373	395	387	383	389	334	382	356	387	391	417	409	383	381	390	359	391	413	381	356	405	363	347	370	367	382	395	360	411	408	416	355	436	390	402	385.66	65
183	354	383	388	376	421	422	369	404	379	362	422	387	351	376	372	373	386	387	383	383	326	382	349	383	391	415	409	383	374	385	357	387	413	381	356	405	352	347	370	359	378	394	353	411	394	416	349	432	384	396	382.18	64
184	349	382	378	367	420	416	369	402	379	361	420	387	351	368	368	372	382	387	370	377	323	382	348	381	383	410	409	383	362	381	353	386	408	381	349	397	352	347	362	358	369	394	347	410	384	416	349	421	372	390	378.24	63
185	349	373	375	362	417	409	368	402	379	355	416	387	351	361	367	371	373	387	359	375	322	377	338	376	378	399	405	383	362	381	351	383	402	381	349	393	350	337	349	356	361	393	339	410	384	415	347	421	365	390	374.66	62
186	343	371	374	358	417	398	360	398	379	354	415	385	351	359	358	359	370	387	346	375	321	372	328	376	378	399	405	376	359	381	347	383	402	367	349	393	350	337	345	352	361	383	339	410	377	412	346	413	358	385	371.22	61
187	343	370	370	357	414	390	353	396	379	348	414	380	350	350	351	354	370	379	341	375	321	366	328	376	369	396	393	374	355	380	342	383	398	355	347	383	350	337	339	352	361	377	339	410	377	402	342	410	347	382	367.5	60
188	335	369	365	354	408	382	349	389	375	345	401	372	350	345	343	353	370	371	341	371	321	366	328	369	362	390	392	373	352	370	330	375	391	354	346	382	348	335	333	345	358	373	333	402	377	401	337	409	344	380	363.28	59
189	327	369	351	346	401	381	339	379	367	345	391	372	350	340	330	347	366	362	337	357	319	363	328	368	360	387	383	370	352	363	330	373	391	354	337	377	346	334	323	345	358	370	329	391	372	390	336	409	344	380	358.78	58
190	316	360	351	345	394	380	339	378	367	340	383	364	343	332	329	346	366	361	331	357	308	362	321	360	354	376	376	366	350	360	323	369	386	344	323	377	342	334	323	336	346	358	329	383	362	381	336	409	342	378	353.92	57
191	316	354	351	334	394	378	336	371	355	340	380	356	339	331	329	346	358	356	321	349	307	354	321	360	347	363	368	362	349	359	317	369	379	343	323	366	340	325	321	324	341	353	315	375	357	379	323	409	342	372	349.14	56
192	306	348	341	324	385	361	336	371	341	326	370	348	337	331	329	345	347	354	307	349	307	354	321	350	342	351	368	360	339	352	313	363	373	342	323	357	340	319	319	323	337	353	315	369	356	374	316	401	341	371	344.1	55
193	306	348	338	324	374	360	336	358	341	326	360	348	319	330	321	338	336	353	302	338	301	344	318	348	339	350	360	353	339	343	302	363	373	333	320	348	340	319	315	323	325	348	300	361	354	367	309	401	338	365	339.1	54
194	303	348	333	312	369	357	328	351	338	321	350	348	313	318	314	338	327	346	300	327	301	343	318	342	327	350	359	341	329	343	301	354	363	332	320	348	340	315	314	315	321	338	290	351	341	354	307	389	338	365	333.8	53
195	295	334	322	312	369	349	319	338	330	312	349	347	311	308	299	338	327	346	291	324	301	331	315	335	326	349	359	341	327	339	289	354	361	328	320	348	340	314	313	312	310	329	288	344	341	341	304	389	336	365	329.38	52
196	286	323	316	307	366	342	312	331	326	312	339	344	310	308	299	338	323	344	290	324	299	331	309	335	315	349	358	340	327	339	281	344	361	324	320	337	335	314	308	303	302	328	286	337	329	336	291	388	324	365	325.1	51
197	285	308	312	307	364	337	301	326	319	299	335	343	302	308	297	334	322	342	288	311	290	324	296	332	314	349	355	340	318	332	281	342	358	312	320	324	324	308	301	303	295	322	273	337	329	329	290	388	315	354	319.9	50
198	285	307	312	305	364	334	301	315	318	297	334	339	292	304	296	325	321	342	278	311	290	322	294	322	307	342	346	331	314	321	281	341	356	312	307	317	313	307	296	303	295	318	268	337	329	322	279	379	314	354	315.94	49
199	270	302	301	296	356	333	289	314	301	297	328	339	277	298	294	325	321	342	272	311	284	322	294	310	302	335	345	319	314	315	280	331	342	304	299	317	300	307	295	303	292	311	257	326	328	322	272	379	314	354	310.78	48
200	270	292	300	282	355	323	289	314	287	294	315	339	270	298	277	320	309	332	272	295	284	311	293	299	299	332	344	319	308	310	276	330	329	297	294	310	293	303	295	302	284	302	257	325	318	311	262	373	307	354	305.08	47
201	268	292	287	271	352	321	288	314	287	294	315	330	254	294	276	320	299	322	266	295	278	300	293	297	296	331	340	307	308	302	276	327	319	290	292	300	283	299	293	302	284	302	257	325	309	303	262	368	307	342	300.74	46
202	255	292	287	260	343	318	281	313	287	294	311	323	247	293	275	319	299	311	264	295	278	289	280	291	286	324	340	301	307	292	276	327	318	289	292	295	270	285	284	292	284	302	257	318	309	302	261	355	307	331	296.18	45
203	243	292	287	260	337	309	272	307	285	293	300	310	243	282	275	318	299	309	256	294	270	274	272	286	286	315	331	297	306	292	276	326	303	289	276	290	269	277	284	282	276	298	256	317	309	302	261	352	307	320	291.4	44
204	231	282	275	259	326	309	272	298	283	280	289	304	233	282	269	318	288	291	254	293	270	268	272	276	286	311	324	292	304	287	270	325	302	289	275	290	269	277	279	274	261	295	245	303	308	301	246	344	295	319	285.86	43
205	222	282	262	259	322	298	258	296	282	269	289	292	227	278	269	311	288	291	240	292	257	268	257	270	283	310	323	291	302	287	259	313	295	287	275	280	269	274	279	273	261	287	245	303	308	297	240	344	294	309	281.34	42
206	208	282	262	259	317	291	256	283	282	255	271	291	220	278	268	300	286	284	237	284	256	265	257	262	283	299	313	289	294	285	254	310	294	286	266	280	258	274	278	273	254	287	231	303	307	296	235	340	280	302	276.5	41
207	208	274	260	259	317	286	256	283	281	245	264	280	220	272	262	291	279	282	225	284	256	253	255	252	282	295	313	278	294	285	252	310	286	286	266	280	257	274	277	261	240	283	219	303	307	289	234	340	280	293	272.56	40
208	207	264	247	251	311	281	255	283	268	231	264	268	219	270	259	280	268	282	224	273	256	253	254	252	280	292	302	265	293	281	243	302	285	286	264	280	251	272	268	246	232	282	219	294	307	284	229	336	273	293	267.58	39
209	207	261	247	237	303	276	242	279	261	231	253	253	210	260	254	276	267	276	223	273	256	253	242	251	280	281	302	264	291	266	236	289	279	286	264	279	248	261	258	246	230	275	213	291	301	283	228	325	273	292	262.64	38
210	192	251	236	236	300	276	242	279	250	231	247	253	198	254	254	265	267	276	215	271	256	237	242	250	279	281	302	262	275	266	231	289	278	277	252	277	245	247	246	246	230	265	207	280	301	283	227	323	273	292	258.24	37
211	188	247	234	220	287	271	241	263	250	230	230	240	198	240	254	258	263	265	204	271	256	237	229	237	275	271	302	251	263	266	230	288	264	277	251	268	232	242	237	240	218	250	207	275	297	271	227	323	259	287	251.68	36
212	170	244	226	213	286	265	230	255	248	230	225	226	198	240	253	246	263	260	197	270	244	236	229	237	266	261	297	242	255	261	230	274	263	266	251	265	217	233	224	240	217	249	203	274	293	259	226	313	247	287	246.08	35
213	170	239	223	201	276	252	214	246	246	222	225	213	193	227	243	245	253	260	196	262	234	235	227	222	265	253	291	234	243	244	229	272	247	254	251	262	204	231	209	239	216	249	203	262	293	259	219	302	247	277	239.58	34
214	169	238	212	184	265	251	213	245	229	217	222	210	191	225	237	245	253	253	196	255	234	232	221	209	264	247	282	232	237	241	225	270	236	252	240	260	203	231	209	239	216	248	202	261	291	252	207	291	235	270	234.94	33
215	166	231	209	184	263	243	213	236	223	217	210	209	191	224	224	242	239	253	179	240	226	231	219	209	264	247	267	231	222	240	224	267	222	239	239	259	199	216	201	232	211	247	189	248	291	243	205	290	228	257	229.18	32
216	166	214	208	168	249	243	208	236	215	214	210	205	184	224	208	227	224	251	163	229	226	228	216	193	264	245	257	229	222	239	224	260	222	239	227	254	187	210	201	229	200	235	188	236	289	239	203	278	227	246	223.18	31
217	163	202	191	167	240	242	202	227	213	199	209	193	182	210	202	213	209	245	145	229	225	220	215	186	259	229	243	217	216	239	212	244	222	228	223	249	177	200	194	215	197	226	180	222	289	228	199	268	223	246	215.48	30
218	162	189	189	167	231	240	202	222	212	190	208	178	179	209	201	213	195	238	131	228	224	217	199	183	259	220	241	204	203	224	211	229	222	218	207	244	176	189	185	213	197	212	180	218	273	225	196	262	222	231	209.36	29
219	151	172	187	164	224	239	186	222	211	190	208	178	170	196	197	202	195	229	123	226	223	216	194	182	245	220	234	202	193	222	201	216	219	207	203	244	171	182	185	210	193	196	178	218	263	225	183	259	222	231	204.14	28
220	150	168	187	161	214	229	185	206	210	177	207	172	159	187	192	200	194	217	123	213	219	207	184	181	234	220	233	191	192	220	188	203	204	191	197	244	154	180	183	198	193	196	178	202	247	223	183	255	218	231	198.0	27
221	146	165	185	155	200	229	168	202	198	172	202	168	143	186	176	199	194	217	123	213	211	207	184	167	218	208	232	191	192	220	187	192	194	189	192	232	152	168	183	193	191	196	167	200	239	211	180	239	216	225	192.34	26
222	146	165	179	154	200	229	161	201	180	171	197	166	134	180	176	198	185	217	115	205	199	205	176	166	207	202	216	191	192	211	187	186	194	184	192	220	152	167	183	186	176	181	167	199	233	211	164	235	214	207	187.24	25
223	146	152	175	153	195	223	160	199	164	159	190	156	134	176	160	197	176	204	114	203	196	203	176	154	194	191	206	190	184	210	173	186	178	181	188	216	149	164	183	177	176	173	161	199	232	210	162	233	207	195	181.66	24
224	142	152	175	149	195	215	142	186	151	141	178	150	133	165	159	196	171	204	110	195	180	191	161	153	181	189	191	190	170	206	166	170	178	170	173	216	139	163	168	174	176	159	156	198	222	195	162	225	207	194	174.64	23
225	142	137	175	147	193	215	141	170	147	141	161	137	115	153	144	182	156	196	92	183	180	189	147	143	168	179	177	188	160	192	166	153	171	170	170	209	134	163	168	173	172	156	155	197	211	193	152	219	203	194	167.58	22
226	142	134	174	145	187	201	137	170	147	128	161	137	102	152	143	164	152	187	92	182	162	175	132	143	165	164	173	174	143	188	158	153	165	170	156	207	123	161	161	162	172	139	149	182	195	193	151	219	198	190	161.2	21
227	126	134	159	138	187	199	119	168	142	116	161	132	87	151	143	164	148	173	82	182	152	172	132	143	165	163	167	158	143	175	154	152	158	155	153	200	121	152	161	149	158	138	149	169	193	193	135	219	185	185	155.2	20
228	126	117	145	124	186	198	111	165	127	116	145	132	68	141	125	158	144	157	81	175	152	165	131	137	165	151	151	158	142	171	141	141	154	150	153	185	121	152	148	149	158	136	148	168	178	193	124	206	167	169	148.1	19
229	125	116	126	123	178	190	111	163	109	115	143	132	68	141	120	145	132	156	64	174	151	154	124	137	164	140	136	140	139	156	136	141	154	135	138	185	108	143	148	145	144	136	138	153	177	189	124	195	161	168	141.8	18
230	117	115	126	123	162	187	101	163	108	113	143	115	64	141	120	140	132	147	60	169	151	135	123	134	161	140	134	125	133	148	127	130	149	135	120	170	93	142	137	140	144	121	122	135	161	176	110	186	160	163	135.02	17
231	100	115	126	122	150	172	99	148	98	95	136	111	64	125	113	122	132	147	60	153	149	135	115	117	146	135	134	107	123	147	127	130	146	133	103	169	92	138	135	139	139	118	120	130	160	159	110	171	152	163	128.6	16
232	88	113	126	118	139	162	99	133	98	93	134	94	62	123	108	118	122	146	60	145	148	135	113	115	129	119	120	102	123	142	126	129	127	128	102	166	81	119	135	129	133	106	102	128	160	144	109	151	152	153	122.14	15
233	83	104	110	116	137	156	98	116	79	89	119	93	58	123	106	103	117	146	57	145	146	120	96	98	115	117	116	95	121	129	116	127	113	119	85	152	80	103	127	128	132	106	102	128	151	134	102	134	136	150	114.66	14
234	75	103	109	115	132	156	88	115	67	82	119	93	49	121	106	100	101	131	56	129	144	120	96	92	107	117	116	95	102	115	116	126	105	108	82	150	63	103	123	126	117	106	84	112	134	126	102	131	121	145	108.62	13
235	73	103	105	112	118	141	88	96	65	82	119	92	48	106	102	84	100	115	56	117	138	120	87	92	106	99	116	80	102	114	106	125	87	90	64	141	63	100	123	118	117	97	74	111	132	120	91	113	106	130	101.68	12
236	71	86	96	103	118	125	88	95	65	64	115	87	28	105	101	68	100	114	56	99	133	105	70	81	102	94	101	80	91	102	89	112	84	79	61	128	63	100	121	109	115	90	68	111	117	112	73	113	105	123	94.32	11
237	59	85	95	95	102	108	87	92	64	63	103	87	27	97	82	67	83	114	54	99	123	90	70	75	101	94	92	78	91	84	83	108	84	71	50	125	63	99	111	92	99	90	67	111	107	95	62	112	100	104	87.88	10
238	59	80	95	93	101	108	75	79	53	58	85	73	27	82	73	67	65	96	38	90	109	71	70	55	83	94	91	73	74	83	80	107	84	71	49	106	50	82	94	75	97	84	67	103	105	76	62	95	93	102	79.64	9
239	41	66	92	76	101	89	57	67	43	58	69	55	27	81	73	54	61	95	38	90	106	70	52	55	83	78	89	53	55	63	79	88	82	69	31	89	33	66	83	55	77	80	62	99	89	59	62	93	90	91	70.28	8
240	40	49	74	76	86	77	45	67	42	52	49	55	27	63	61	54	61	95	38	81	94	54	52	55	72	77	80	53	55	49	63	69	68	69	26	87	28	66	64	37	58	80	51	87	88	59	61	76	72	74	62.32	7
241	34	46	64	72	82	58	39	48	36	35	33	36	27	46	48	54	50	78	20	64	80	50	52	35	53	65	62	47	55	49	62	66	49	51	6	76	24	64	44	37	56	78	50	72	88	58	61	57	71	55	52.86	6
242	34	46	63	62	69	52	21	30	35	35	32	16	22	42	47	54	39	76	14	63	62	46	50	23	40	65	44	30	50	44	42	48	43	34	6	59	12	45	25	23	44	58	40	59	70	56	43	38	69	53	43.46	5
243	21	27	44	43	52	52	21	11	31	32	31	11	19	22	47	35	22	59	6	52	62	41	37	14	21	46	43	11	31	29	30	29	42	34	6	41	12	25	25	21	36	39	37	39	51	38	41	38	62	35	33.08	4
244	20	8	37	42	33	50	21	10	13	14	31	9	15	9	28	33	21	39	5	40	56	28	26	13	21	40	35	10	17	29	25	24	31	25	3	28	10	12	14	21	34	39	31	39	43	35	22	18	43	35	25.7	3
245	0	0	37	37	32	32	20	10	12	9	25	4	15	4	10	27	1	19	4	21	37	28	25	2	4	39	21	10	2	9	5	20	12	22	1	8	9	8	14	21	15	20	31	37	25	31	22	7	27	24	17.1	2
246	0	0	20	20	13	12	0	1	8	6	5	4	11	3	1	19	1	15	2	20	20	20	19	2	4	19	1	2	2	5	4	1	3	12	1	0	8	5	13	1	2	0	11	17	7	12	20	6	16	6	8.0	1
247	0	0	0	0	0	0	0	0	0	0	0	0	0	0	0	0	0	0	0	0	0	0	0	0	0	0	0	0	0	0	0	0	0	0	0	0	0	0	0	0	0	0	0	0	0	0	0	0	0	0	0.0	0

