50.160697507941485
57.21038208581275
61.620028186658345
63.066115610039816
64.88968614379674
66.16656413583286
67.16846002416
67.6341382935886
67.98950829940496
68.33817838128056
68.54700013422216
68.59016934365354
69.05779383472775
68.82204375643147
68.81930338687306
68.99419489060895
69.19434812760052
69.4051384725516
69.77306943760902
69.49171178023354
69.62489374077224
69.70933067871688
69.88182855353227
69.4179790613395
69.55381190998165
69.75221466601043
69.56144579660867
69.4857500782963
69.41889624625298
69.42951657643954
69.64758847478858
69.3039796877097
69.1671457652901
69.18712809270275
69.31425886984925
69.64912643729588
69.12487696299942
69.74996085186349
69.81010916737506
69.26833810567769
69.55515413180625
69.69632231220079
69.44056753612813
69.57611516263252
69.96552726947341
69.73813252203482
69.7364603373451
70.15243725112974
70.01678336539756
70.1360453670977
69.31958860901076

