50.529526548911555
55.68401258575055
56.71808323880515
59.721884621617214
58.791119753686594
59.79261194836061
61.07532544698322
61.178800032409654
61.321605088316325
61.2910522335656
62.901913520229016
61.86514206233458
63.43312807216549
62.7805461027386
62.43450548263383
63.497609787716726
63.707428563712
65.25937854480635
64.6864703181548
65.14425673850808
63.06092340517476
64.5411332577108
64.91418192621403
64.53978285529087
64.13196132447467
64.48745476151892
64.12267730783775
64.37250175552313
64.83535218495112
65.51224139793656
64.37402095824555
63.96282342137959
64.10259007184139
63.629105223356554
63.51280181494086
63.76195106141631
63.88230567709176
63.2059228650138
63.51904742613298
63.9758210446713
63.65915167719981
63.75705585264411
63.14093474855507
64.62350780532596
64.85678982336735
65.37433155080214
64.82134175984443
65.27322016961054
65.32706746610488
64.43867147409928
64.60899097931183
64.29485361637768
63.989662669475514
64.16183897801547
63.529513044887366
64.19965024577324
63.48697536865985
64.3546089234592
65.12585750553667
63.514321017663256
65.04230135580404
63.23309971371468
63.938516177821
63.955227407767524
64.11001728515096
63.3868767892832
64.70942715929348
64.97866364176524
63.43734807972775
64.21163506725003
64.07018041376332
64.21281666936748
64.74031761464917
64.60375816993465
64.04924917625453
63.696118943445136
63.64294684816076
64.73727920920436
64.86168503213958
64.17551180251712
65.0600253875655
64.4844163560741
65.02390212283262
64.47867714578943
63.99219467401288
63.74118862421002
64.39140738940205
64.55075487495276
65.45181088964513
65.30495462647868
62.94310079403661
64.47918354669689
64.99571247231673
64.22193188570195
64.8252241668017
64.50028358450818
65.38547237076646
64.96515961756603
64.16420218225032
65.2961770107492
64.40102900664398

