51.226307189542496
57.42875816993463
57.648529411764706
59.74460784313727
60.147058823529406
61.17679738562091
62.46601307189543
62.182843137254906
61.819607843137256
62.51699346405232
62.435457516339866
62.294444444444444
62.17271241830065
61.98839869281046
62.391666666666644
62.43316993464052
62.12859477124183
63.21062091503268
61.8187908496732
63.1045751633987
62.217320261437905
62.38594771241831
62.15359477124183
63.36225490196078
63.25294117647058
62.316993464052274
63.635457516339876
62.73480392156861
63.19117647058824
63.19133986928107
63.23954248366014
62.00081699346405
62.248856209150325
63.407679738562095
62.39035947712417
62.865196078431374
63.803267973856215
63.33153594771241
62.26192810457519
64.27467320261438
62.998202614379096
62.99607843137254
62.8720588235294
61.906862745098046
62.240849673202604
62.97107843137256
63.32058823529414
63.332352941176474
63.52614379084969
62.232516339869306
63.32614379084968
62.94428104575164
63.81683006535949
62.60539215686277
61.683823529411775
62.3531045751634
62.79640522875819
63.068954248366005
63.283333333333324
63.90343137254902
63.527124183006535
62.83039215686274
62.67990196078432
62.94232026143792
62.75261437908497
62.60375816993463
63.06323529411764
62.82238562091504
63.22647058823529
62.87499999999999
61.57794117647059
62.580392156862764
63.40653594771244
62.62222222222222
63.75179738562093
63.44705882352941
62.550653594771255
63.27728758169936
63.03333333333333
63.53888888888888
63.502124183006536
64.45408496732024
63.58039215686275
62.79232026143793
62.225980392156885
62.27483660130719
63.507679738562075
62.18496732026144
63.21633986928107
63.7700980392157
63.83970588235294
63.9918300653595
63.435294117647054
63.929248366013084
63.72418300653593
63.76486928104575
62.86960784313725
62.121895424836595
62.3513071895425
64.06797385620916
64.51568627450983

