50.873666666666665
51.37916666666668
52.34549999999999
52.60883333333335
53.338666666666676
55.61016666666667
53.66199999999998
55.214
53.34316666666666
55.1213333333333
53.27400000000001
53.233333333333334
55.36033333333334
54.548666666666655
54.87233333333334
54.43166666666666
55.0625
55.65783333333334
55.51099999999999
55.48216666666668
55.247499999999995
55.82633333333335
55.48049999999998
56.11816666666667
55.269999999999996
53.688
54.68116666666667
55.352833333333336
56.17416666666668
56.38816666666666
55.212833333333336
54.432
55.19883333333333
55.27433333333334
55.40133333333333
54.80366666666665
55.099166666666676
55.18483333333333
54.3235
56.338833333333326
56.20333333333335
54.45933333333335
55.24933333333334
53.376000000000005
53.90983333333333
54.62883333333334
55.70450000000003
54.83283333333333
55.84583333333336
55.51449999999999
56.206166666666704
56.34200000000003
54.56216666666664
54.75166666666668
55.54999999999999
55.864333333333335
54.84933333333334
53.659
55.305666666666674
56.186666666666675
55.07166666666665
54.49883333333334
54.357
54.52816666666666
54.534333333333315
53.825333333333326
54.03783333333336
55.1978333333333
56.33966666666669
55.38099999999999
55.68066666666667
55.755666666666656
55.546166666666664
55.488833333333346
55.43333333333334
55.88099999999999
56.01400000000001
56.013333333333314
56.655999999999985
55.7605
56.228
55.19350000000001
55.13366666666667
56.188666666666656
55.12883333333335
54.879999999999995
56.02349999999999
56.17433333333335
55.59733333333333
55.78499999999998
55.29550000000002
56.46233333333335
56.605166666666676
57.63950000000001
55.204666666666654
56.792166666666674
56.090833333333315
57.52666666666667
56.19766666666665
56.99150000000001
56.7225

