49.7544117647059
56.51944444444445
59.53856209150329
60.10326797385621
61.81977124183007
60.709803921568636
61.01830065359478
63.26111111111111
62.378431372549024
64.05735294117648
63.27843137254903
63.65196078431372
64.01584967320261
60.95964052287582
62.9596405228758
63.440032679738565
63.8669934640523
63.74934640522877
62.003267973856225
61.89395424836602
62.808986928104574
63.22598039215686
63.94852941176471
62.81846405228758
62.71356209150329
63.87516339869281
63.40490196078431
63.60049019607843
62.7426470588235
62.67924836601306
64.2281045751634
62.68088235294118
62.36601307189541
62.31895424836602
62.62826797385623
64.16911764705884
62.84379084967321
62.61372549019608
62.04444444444446
62.87107843137254
63.734313725490196
63.21029411764706
63.697549019607834
63.78970588235294
63.82434640522877
63.709477124183
64.80310457516339
64.28120915032683
63.24803921568629
64.16323529411765
63.47418300653595
62.833006535947725
63.94133986928102
63.0406862745098
63.65653594771241
63.39428104575164
62.94346405228757
63.145424836601315
63.40392156862745
61.983333333333334
63.298039215686266
63.46421568627451
62.501470588235286
62.48578431372551
64.23464052287582
64.8781045751634
64.68627450980395
63.59117647058824
64.29722222222222
63.55882352941177
63.3454248366013
63.323039215686286
64.24738562091501
63.57336601307188
61.82254901960784
64.53202614379086
62.82189542483659
62.581045751633965
65.5472222222222
63.97075163398692
64.6514705882353
63.965359477124174
64.46535947712418
63.58071895424837
63.698039215686286
63.66372549019606
62.542483660130685
62.63251633986927
61.68692810457516
63.14068627450982
64.35849673202611
62.09918300653594
63.521078431372544
63.007516339869305
64.80735294117646
63.63333333333333
63.49035947712417
64.09150326797386
64.27222222222224
63.678921568627466
64.04869281045752

