# Extinction sequence for 721 applications  and 247 platforms.
# This is the data and average for 50 different extinction sequences.
0	721	721	721	721	721	721	721	721	721	721	721	721	721	721	721	721	721	721	721	721	721	721	721	721	721	721	721	721	721	721	721	721	721	721	721	721	721	721	721	721	721	721	721	721	721	721	721	721	721	721	721.0	247
1	718	721	721	721	719	720	721	720	720	720	721	720	721	721	721	719	718	721	718	721	721	719	721	721	721	721	721	720	720	721	720	721	720	721	720	721	719	719	721	721	721	721	719	721	721	720	721	720	721	721	720.34	246
2	718	721	721	721	717	720	721	720	718	720	721	718	721	718	721	719	718	721	718	720	721	719	720	721	721	720	718	719	716	721	720	721	720	721	720	721	719	716	720	720	718	721	716	716	720	720	721	720	720	720	719.56	245
3	718	721	721	721	717	720	721	720	718	720	721	718	721	717	721	719	715	721	715	720	719	719	718	721	720	720	717	719	716	721	720	719	720	720	717	721	719	716	720	718	718	719	716	715	720	716	720	720	720	720	718.98	244
4	716	720	720	721	715	720	721	715	717	720	719	718	721	716	721	717	715	721	715	718	719	719	718	721	720	720	717	719	716	721	720	719	720	720	717	720	719	716	719	718	718	719	715	715	719	715	720	720	720	720	718.5	243
5	716	720	720	721	713	719	721	715	717	720	719	718	721	713	719	716	715	721	715	718	719	719	717	720	720	717	717	719	714	721	718	719	720	718	717	720	717	715	716	716	715	719	715	715	719	715	720	720	720	719	717.86	242
6	716	720	720	721	709	719	720	715	717	720	717	718	721	713	719	715	715	719	715	718	717	719	716	717	720	717	717	718	713	720	717	716	718	717	717	716	717	715	716	714	714	719	715	715	719	715	719	720	720	719	717.18	241
7	714	720	720	720	709	719	720	715	716	717	715	717	720	709	719	715	714	718	714	718	717	719	716	716	720	717	716	718	713	719	717	716	718	713	714	716	717	715	716	714	713	715	715	715	719	715	719	720	720	716	716.46	240
8	714	720	720	719	709	719	718	715	714	717	713	717	720	709	719	715	712	715	713	718	717	719	716	716	720	716	712	718	712	719	716	716	718	713	714	716	717	715	716	714	710	715	714	714	719	715	716	719	720	716	715.88	239
9	714	720	720	719	709	717	718	713	708	717	713	717	718	709	719	715	712	715	713	718	717	719	716	714	720	713	712	715	712	719	716	716	718	712	714	716	717	715	716	714	710	715	714	714	717	715	709	719	720	716	715.28	238
10	714	720	719	719	709	717	717	712	708	716	712	717	718	707	718	711	709	714	713	718	717	718	715	714	717	713	712	715	712	719	716	716	718	712	712	716	717	714	716	711	709	714	714	713	717	714	709	717	720	716	714.62	237
11	714	720	719	719	709	717	714	712	705	715	712	717	717	707	716	711	709	714	713	713	717	714	714	714	717	713	710	715	712	719	716	716	717	710	710	716	717	714	714	710	709	714	714	708	717	714	709	717	720	716	713.92	236
12	714	719	719	719	709	717	713	712	703	715	712	717	717	707	716	711	707	714	713	710	717	712	714	712	717	713	710	713	712	719	716	714	717	709	710	716	717	711	714	707	709	714	714	707	717	714	709	717	720	715	713.4	235
13	714	719	719	719	709	716	711	711	703	714	712	717	716	705	716	709	706	708	713	710	716	712	714	712	717	712	710	712	712	714	716	714	715	709	709	713	717	709	714	707	709	714	714	706	716	714	706	715	718	714	712.54	234
14	714	719	719	719	709	716	710	704	701	714	712	716	715	705	715	706	706	707	713	710	716	712	714	712	717	711	709	712	712	714	715	711	714	709	709	712	717	709	713	707	709	712	714	706	715	714	705	713	718	712	711.86	233
15	707	718	718	719	709	716	710	703	699	714	711	716	715	705	715	705	702	700	712	709	715	712	711	712	717	709	707	711	711	714	715	711	713	707	708	712	715	709	713	705	708	712	714	706	714	714	702	710	712	710	710.64	232
16	707	717	718	717	709	715	708	703	699	712	709	716	715	703	714	705	697	699	712	702	715	712	711	712	717	708	707	711	711	714	715	711	711	705	708	712	714	709	712	704	706	712	714	706	714	709	701	710	711	710	709.78	231
17	705	716	716	716	705	712	708	703	699	712	705	716	713	703	714	703	697	698	704	702	715	712	709	712	717	708	706	711	711	713	713	710	710	705	708	710	709	709	710	704	704	712	714	706	711	708	700	708	710	710	708.64	230
18	705	714	716	715	704	711	708	703	699	712	705	716	713	703	714	703	697	698	703	702	715	712	707	711	715	708	706	710	711	713	713	710	710	705	708	710	709	709	710	704	704	708	712	706	706	707	699	708	708	708	708.06	229
19	705	714	716	715	704	711	708	702	696	712	704	716	712	702	712	703	695	697	703	698	715	712	707	710	714	707	706	710	710	713	711	710	707	705	708	710	708	706	710	702	703	707	712	704	706	707	698	705	708	707	707.26	228
20	705	713	713	715	704	708	708	702	696	712	704	716	712	699	711	703	694	697	703	698	715	711	704	709	713	707	706	710	710	713	711	708	705	705	708	710	706	706	709	699	702	707	711	702	706	707	694	705	707	706	706.5	227
21	705	713	713	715	704	708	707	702	696	711	704	716	711	699	711	703	694	696	701	698	714	711	704	709	713	705	706	708	710	711	711	708	705	704	708	710	704	706	709	697	702	707	708	702	706	705	694	705	706	706	706.02	226
22	704	711	712	715	703	708	704	699	696	709	704	714	711	696	711	702	694	695	698	697	712	711	704	709	712	704	703	708	710	711	709	708	705	704	706	703	704	703	709	697	702	707	708	702	706	705	694	705	704	706	705.08	225
23	701	710	712	715	703	708	704	699	694	709	703	714	711	693	707	702	694	692	698	697	711	710	704	707	712	703	702	706	710	711	709	708	705	704	706	703	702	701	707	697	701	707	708	699	706	705	694	704	704	706	704.36	224
24	699	710	711	714	702	707	704	699	694	709	703	714	711	692	707	702	692	692	697	696	708	709	704	707	710	701	700	705	710	707	709	708	703	702	706	701	702	700	707	697	699	706	708	698	706	702	694	703	701	706	703.48	223
25	699	710	711	714	702	707	701	699	694	709	701	711	711	692	707	702	692	692	697	696	708	707	703	703	710	699	700	705	707	707	709	705	703	702	706	701	702	698	707	697	699	704	708	698	704	700	689	703	701	704	702.72	222
26	699	710	709	713	702	706	701	699	694	708	693	710	708	691	706	702	692	690	696	696	706	707	703	702	708	697	694	705	705	706	709	705	703	702	706	701	702	698	706	696	697	703	706	695	704	699	689	702	700	704	701.7	221
27	699	710	709	713	698	706	701	699	694	708	691	710	708	686	703	702	692	690	692	693	703	707	702	702	708	697	694	702	705	701	708	702	703	700	706	700	702	695	704	694	697	702	706	695	704	698	688	701	699	700	700.58	220
28	698	709	709	711	698	706	701	699	693	704	689	710	707	685	702	700	686	690	690	691	703	707	702	702	708	695	694	701	705	699	706	700	697	700	706	699	699	693	704	688	697	702	705	692	703	698	687	699	699	698	699.32	219
29	698	704	705	711	698	706	699	699	693	704	689	709	706	685	702	700	686	690	689	685	703	707	702	702	708	695	694	701	697	697	706	700	697	700	705	699	699	686	704	683	696	702	705	692	703	696	686	698	699	695	698.3	218
30	696	704	703	711	698	704	697	698	693	703	689	709	706	685	702	700	686	687	689	684	702	707	700	702	708	694	694	701	697	695	706	698	697	700	704	696	697	686	703	682	696	702	703	692	703	696	686	698	699	694	697.64	217
31	696	703	703	711	698	704	694	698	688	703	686	708	706	685	702	697	685	687	688	682	699	707	700	700	708	694	694	701	697	695	706	697	697	700	704	696	697	686	702	680	695	701	701	692	699	694	686	696	699	694	696.82	216
32	696	703	701	711	697	703	693	690	688	700	686	707	706	680	701	693	678	686	684	675	699	704	700	699	708	694	694	700	696	695	704	692	697	700	704	696	697	685	701	679	690	699	700	690	699	693	684	693	698	694	695.24	215
33	695	702	701	711	696	703	692	690	687	695	685	706	705	680	699	692	678	686	684	675	698	703	697	699	708	694	694	700	696	694	704	692	697	700	703	696	695	685	699	679	689	699	700	690	697	693	684	693	698	693	694.62	214
34	689	698	701	711	695	703	692	690	681	695	681	706	705	680	699	691	678	685	684	675	698	702	694	699	703	694	693	700	696	686	704	692	696	700	703	691	695	685	699	679	689	697	700	687	695	691	683	691	698	687	693.32	213
35	686	698	701	711	695	702	688	687	681	693	681	706	705	680	699	691	678	683	684	671	698	702	694	699	703	694	693	700	694	682	704	692	696	700	703	691	692	685	699	678	688	696	700	687	695	688	683	690	698	687	692.62	212
36	686	694	696	710	695	701	688	687	678	693	681	705	702	677	699	689	678	680	684	671	698	701	693	699	702	694	693	700	691	682	702	689	696	698	703	691	689	683	699	677	686	693	700	685	695	682	683	689	696	686	691.38	211
37	686	691	695	710	695	701	688	687	675	693	681	703	700	677	697	686	678	678	684	671	696	701	693	695	702	694	693	700	691	682	702	689	696	696	702	687	689	683	698	677	684	691	700	685	695	682	683	686	693	682	690.46	210
38	686	689	694	710	695	700	688	686	675	693	680	703	697	676	693	684	678	678	683	670	696	698	691	692	702	693	693	700	691	681	702	683	696	691	702	686	689	682	698	677	683	691	696	685	694	682	682	686	693	682	689.5	209
39	686	689	694	710	693	700	688	685	675	693	675	703	695	676	691	684	677	678	682	670	695	698	689	692	700	692	692	699	691	680	702	683	696	686	699	684	686	679	698	676	683	691	696	685	693	674	680	682	691	681	688.34	208
40	685	688	694	710	693	697	688	682	672	692	675	701	694	673	691	683	676	678	682	667	695	698	689	691	699	692	692	699	691	679	702	683	693	686	698	680	682	679	698	676	682	691	696	682	691	670	680	681	687	679	687.24	207
41	685	688	694	707	693	697	688	678	667	692	674	701	691	673	689	683	676	678	682	666	694	696	687	687	697	691	689	698	690	679	702	683	693	685	696	679	682	679	696	676	682	691	693	682	687	670	678	681	687	675	686.14	206
42	685	683	694	700	689	697	688	674	667	689	674	701	691	668	689	683	675	678	682	664	693	696	685	686	695	689	687	698	690	679	696	683	690	685	692	677	682	679	696	673	682	690	693	682	686	670	674	679	685	671	684.68	205
43	685	681	694	700	683	697	688	674	662	687	674	701	691	668	689	683	675	678	680	662	693	696	684	686	695	689	684	697	686	675	695	681	690	685	692	677	679	674	695	668	678	690	691	680	686	669	672	677	684	671	683.42	204
44	685	678	694	700	683	696	688	674	661	687	673	701	691	668	689	683	673	678	678	662	691	694	682	686	693	684	684	697	685	675	694	678	690	684	689	676	678	673	693	668	678	690	691	679	686	669	672	677	684	669	682.62	203
45	685	678	693	698	683	696	688	674	658	686	673	701	688	668	689	683	669	676	678	660	688	689	682	684	692	684	684	696	684	675	694	678	690	684	689	676	677	666	690	668	678	688	691	677	684	668	671	677	684	669	681.62	202
46	685	675	689	698	683	696	688	674	658	686	673	699	688	668	689	683	669	676	676	660	685	689	681	684	691	683	684	695	684	675	691	678	688	684	689	675	676	664	690	666	678	688	689	677	684	668	671	677	683	669	680.98	201
47	679	675	686	695	683	695	688	672	658	685	672	699	688	666	689	683	669	675	675	659	684	687	680	684	688	678	680	694	684	675	688	673	687	681	689	675	676	660	690	664	676	681	687	673	684	664	671	677	683	666	679.4	200
48	676	675	683	695	682	695	688	671	658	684	671	699	688	665	688	683	664	675	675	658	681	686	680	684	688	677	679	694	684	675	688	672	683	679	688	673	675	658	687	664	676	680	686	672	683	660	670	677	683	666	678.42	199
49	675	674	683	695	681	692	688	670	655	682	671	699	688	665	686	683	662	675	675	657	680	686	676	684	688	677	676	694	684	675	688	672	681	677	686	673	675	657	687	661	676	680	686	672	682	660	670	677	681	665	677.64	198
50	675	674	674	691	679	692	688	670	652	682	671	696	687	665	686	683	661	675	673	657	680	686	675	684	688	677	674	694	683	671	685	672	678	677	685	673	675	657	683	661	676	680	686	669	682	660	669	677	681	665	676.68	197
51	675	674	674	691	677	689	688	667	650	682	670	696	687	665	686	682	661	675	672	656	680	686	672	681	685	677	674	694	683	669	683	670	676	677	685	670	673	653	680	661	672	679	683	669	682	660	669	677	680	661	675.56	196
52	675	672	670	691	674	689	687	665	649	682	668	696	683	665	684	682	661	675	670	655	677	684	672	681	685	675	673	691	681	669	683	667	674	676	685	669	673	650	680	660	671	675	679	666	679	658	663	677	680	658	674.08	195
53	673	672	666	691	674	688	685	665	648	682	668	691	683	664	684	680	661	675	670	653	677	684	669	680	683	673	671	691	681	669	679	667	673	675	681	665	669	650	677	660	671	670	679	666	679	656	663	677	680	658	672.92	194
54	673	671	666	690	673	684	683	664	648	677	667	691	683	664	678	679	655	672	670	651	677	679	669	680	682	672	669	691	679	668	677	666	673	675	680	659	669	650	677	655	668	670	677	665	679	656	661	677	676	658	671.46	193
55	672	671	665	690	672	684	682	664	645	675	663	689	683	662	678	679	654	672	670	647	677	679	662	680	682	672	667	690	679	667	677	666	673	675	680	658	666	650	674	655	668	668	676	664	674	654	658	677	672	655	670.24	192
56	670	670	665	689	672	682	682	664	645	675	663	682	683	662	675	679	652	672	669	647	677	679	662	680	682	672	667	686	679	667	677	664	673	675	679	658	665	649	671	655	668	668	676	664	673	651	658	677	669	652	669.42	191
57	670	670	665	687	672	682	681	662	645	675	663	682	678	655	671	679	652	670	669	647	677	679	661	680	682	672	667	686	678	666	674	664	670	675	674	656	665	648	671	655	665	666	675	664	673	650	658	677	669	650	668.44	190
58	670	667	663	684	672	681	681	660	645	675	663	682	678	653	668	679	651	670	669	646	677	679	661	679	678	671	666	684	677	666	671	664	668	675	666	655	665	648	668	655	660	666	673	664	673	650	658	675	669	647	667.3	189
59	669	666	662	684	671	681	679	659	641	675	663	682	678	653	668	679	651	670	668	646	677	679	661	678	676	671	662	679	675	660	667	659	668	671	666	654	663	643	668	655	660	666	673	663	671	650	657	675	666	643	666.02	188
60	665	665	659	680	670	679	679	659	641	674	663	682	678	652	668	678	651	668	664	646	672	678	656	675	673	669	661	675	672	658	667	659	668	669	665	654	663	642	668	655	660	665	672	660	671	649	657	673	666	639	664.64	187
61	661	660	659	677	670	679	679	657	641	673	662	679	678	652	663	678	648	662	663	642	671	678	655	675	671	666	659	675	669	657	666	656	665	669	665	654	662	641	668	654	660	665	671	660	664	649	657	673	665	639	663.24	186
62	661	659	659	676	670	678	679	657	635	673	662	679	678	652	662	678	648	662	663	642	668	676	654	670	669	665	659	675	669	657	665	656	665	669	665	654	652	641	659	649	660	663	667	660	664	649	656	673	665	636	662.06	185
63	659	659	659	676	670	678	679	657	635	672	661	676	678	649	661	676	645	662	663	642	668	673	652	668	669	663	656	671	669	655	659	656	663	663	660	654	650	641	658	649	660	659	667	660	664	647	651	669	663	636	660.6	184
64	659	659	657	676	668	677	679	657	635	670	657	676	678	649	661	676	642	662	663	642	668	673	650	662	669	663	656	669	669	655	659	652	660	660	659	654	650	640	656	645	659	659	667	660	659	647	651	668	660	635	659.54	183
65	659	659	655	676	668	675	677	655	635	670	657	672	673	649	661	676	639	662	661	642	667	673	650	662	668	663	656	668	669	655	659	652	660	660	659	653	650	640	656	642	659	657	667	657	650	643	651	668	660	635	658.6	182
66	659	659	654	675	668	675	675	651	635	665	656	672	673	649	661	674	634	662	661	642	667	673	650	662	666	663	655	667	669	653	658	652	655	660	658	653	650	639	655	641	659	654	666	656	648	643	651	663	660	634	657.6	181
67	656	656	653	673	663	674	669	651	635	665	656	671	673	648	659	674	634	662	661	639	666	667	650	662	663	660	655	659	666	651	658	648	655	660	658	653	649	639	652	639	659	654	666	655	647	639	651	663	660	632	656.16	180
68	654	652	653	673	663	674	669	651	635	665	656	669	673	648	659	674	634	661	661	638	666	667	645	657	663	660	655	659	666	649	653	647	652	660	656	652	649	634	652	637	657	652	663	650	645	639	651	663	658	631	655.0	179
69	652	652	653	673	660	668	664	649	634	665	656	667	671	645	659	674	634	660	659	637	663	665	642	656	663	659	649	654	666	645	652	647	652	660	655	652	649	633	650	635	653	647	663	650	643	639	651	658	658	630	653.42	178
70	649	650	653	671	659	668	664	648	633	662	656	667	671	645	659	673	634	655	657	637	663	664	642	651	663	657	649	654	665	644	652	646	649	660	652	652	649	632	647	634	653	641	662	648	643	635	648	657	657	629	652.18	177
71	649	646	647	670	659	665	662	648	633	661	656	664	671	644	657	672	634	653	657	636	661	664	642	648	663	657	649	650	663	644	650	646	642	657	650	651	645	624	647	634	651	641	662	647	643	635	648	657	652	628	650.7	176
72	649	646	647	670	659	665	660	642	631	658	656	664	671	644	653	672	634	649	656	630	661	662	642	648	660	652	649	649	663	640	649	641	642	657	649	650	645	619	645	634	651	639	659	647	643	633	644	657	652	628	649.32	175
73	646	645	646	670	659	665	655	641	631	657	652	664	670	641	651	670	633	644	652	629	657	661	640	646	660	652	643	647	662	637	649	640	639	657	648	649	642	617	641	633	650	638	659	646	643	633	644	657	652	628	647.82	174
74	645	643	646	669	656	665	655	640	631	657	651	664	669	641	649	670	630	644	651	629	654	661	639	646	657	652	643	647	659	635	649	640	637	654	647	644	637	611	640	630	650	635	654	642	643	632	643	657	651	628	646.44	173
75	645	643	646	669	656	664	655	640	631	657	647	664	668	641	649	670	625	641	651	629	651	661	635	645	657	649	643	643	659	632	649	640	637	649	641	644	634	608	635	630	647	632	654	639	643	630	643	657	651	628	645.14	172
76	642	640	646	667	655	664	652	639	627	656	647	664	668	639	649	669	624	638	651	622	651	660	635	639	656	649	643	641	655	624	647	640	637	649	641	644	629	601	635	629	645	629	654	639	641	629	642	657	651	626	643.54	171
77	642	635	640	666	655	664	652	636	627	656	646	664	668	639	649	666	618	638	648	622	649	658	635	639	656	649	642	635	654	620	647	639	635	649	641	644	628	598	631	629	643	626	653	639	640	627	641	657	648	623	642.12	170
78	636	631	640	664	655	660	645	632	627	654	642	662	666	639	648	666	618	637	647	621	646	658	635	634	656	645	640	635	651	617	645	639	633	649	641	644	628	598	629	627	637	620	651	639	640	624	641	655	648	621	640.32	169
79	633	630	637	664	655	658	641	632	627	654	642	662	665	637	648	664	616	637	640	621	646	656	635	632	652	645	639	635	651	614	642	638	633	645	639	642	628	598	629	624	636	620	651	637	640	620	637	653	648	621	638.98	168
80	632	628	636	658	653	658	641	631	627	654	642	661	665	633	648	663	616	634	639	621	645	652	634	632	652	645	633	635	647	614	637	636	632	642	633	642	627	595	629	624	636	620	648	637	640	620	634	652	648	620	637.62	167
81	629	627	636	653	651	655	639	631	627	652	642	659	665	633	648	663	616	632	639	621	642	652	631	632	650	644	633	629	647	609	632	636	632	640	631	637	621	595	629	624	636	620	644	635	638	620	634	652	648	620	636.22	166
82	626	626	636	650	650	655	634	627	627	647	642	659	664	633	645	663	615	630	636	621	642	652	631	630	650	644	633	628	647	609	632	634	629	636	631	637	619	593	628	624	636	620	644	635	638	620	634	651	646	620	635.18	165
83	623	626	633	643	650	653	630	626	627	647	642	654	663	633	645	663	615	630	635	620	641	652	631	628	650	643	633	628	643	609	632	634	625	631	631	635	619	589	619	620	636	620	644	635	638	620	631	651	638	619	633.66	164
84	623	619	633	643	647	653	627	619	626	645	642	650	662	633	645	662	615	630	634	618	641	648	628	628	650	641	632	627	643	609	632	634	625	630	628	632	619	586	617	620	635	620	639	635	638	620	624	649	638	612	632.12	163
85	618	617	632	641	646	653	625	616	626	643	634	650	661	630	644	656	614	628	632	617	641	648	628	628	649	641	630	626	640	608	632	634	625	630	628	630	615	585	617	620	633	620	639	635	636	620	623	649	638	612	630.86	162
86	618	617	632	633	646	647	619	615	625	643	630	643	660	629	644	654	614	628	631	617	641	648	625	626	649	641	630	626	638	605	632	633	625	628	628	629	612	582	617	620	632	618	639	630	636	620	623	646	636	612	629.44	161
87	616	617	632	633	645	645	616	615	624	642	628	643	660	626	644	652	614	622	630	616	641	644	623	626	646	636	628	626	638	605	631	633	620	628	627	625	611	578	617	620	630	615	637	630	634	615	619	646	636	610	627.9	160
88	614	617	632	630	644	643	614	610	624	642	626	641	657	625	641	652	613	622	630	611	641	644	620	626	646	636	628	624	634	599	629	632	620	626	627	625	610	575	617	618	628	612	636	629	633	610	617	646	635	609	626.4	159
89	613	617	629	630	644	642	611	606	624	642	625	641	652	625	641	652	613	622	624	607	641	640	619	626	646	636	628	624	634	598	626	632	619	622	623	622	610	571	617	618	628	609	634	629	630	610	613	646	635	609	625.1	158
90	613	617	626	629	643	641	611	606	624	638	622	639	647	625	641	651	611	620	624	607	641	640	616	624	642	636	626	622	634	598	626	629	618	621	623	620	602	568	616	616	626	608	632	627	630	609	613	643	635	603	623.58	157
91	611	617	623	626	643	641	609	605	624	633	621	638	641	623	641	649	605	620	623	606	641	640	613	620	638	631	625	622	634	598	626	629	618	618	621	618	601	561	616	610	626	604	632	625	629	609	613	642	635	600	621.88	156
92	609	617	623	626	643	635	608	602	621	632	620	635	641	617	640	649	605	620	623	606	641	635	613	618	636	625	625	620	634	598	625	629	618	618	621	611	601	559	611	610	618	604	632	625	625	608	613	642	635	600	620.44	155
93	607	617	622	626	639	635	608	602	618	632	620	635	638	615	638	649	605	620	623	606	641	635	612	618	636	622	625	620	629	598	624	626	618	618	621	611	599	559	610	610	618	603	626	625	618	608	611	642	635	598	619.42	154
94	607	611	622	621	638	635	608	601	617	632	619	631	633	615	633	647	603	620	623	605	640	635	612	615	635	620	620	619	629	598	618	623	617	616	620	610	593	559	608	610	616	603	626	621	618	605	611	638	631	595	617.64	153
95	603	609	622	612	633	634	605	598	614	632	617	629	632	612	633	642	603	620	623	602	640	626	610	613	633	620	617	613	627	593	615	621	615	616	619	610	593	552	608	608	616	599	625	621	616	605	605	638	630	593	615.44	152
96	599	609	622	611	629	633	605	591	612	631	617	627	632	612	633	642	603	620	623	599	635	624	610	612	631	620	617	606	627	593	614	621	615	615	615	609	587	551	608	602	614	599	621	616	612	600	602	638	625	593	613.64	151
97	598	605	622	605	629	633	605	590	612	631	615	624	632	610	632	639	603	613	623	599	635	620	610	612	629	620	614	603	625	593	609	620	615	614	609	607	586	551	603	602	614	599	621	616	612	599	599	636	625	593	612.22	150
98	597	605	622	605	629	626	602	585	606	630	613	624	628	610	631	639	601	612	623	592	635	619	610	612	629	614	612	599	625	593	608	617	612	614	609	607	586	551	603	602	612	599	620	616	612	598	595	636	623	589	610.74	149
99	592	605	618	605	625	626	602	580	605	629	607	621	628	610	629	639	595	612	621	592	635	616	610	612	628	614	610	599	623	589	608	615	609	612	609	603	586	547	597	602	611	599	616	616	607	596	595	636	623	582	608.92	148
100	590	605	618	601	623	626	602	580	604	628	607	619	628	608	629	639	595	612	621	590	634	616	602	608	628	614	610	597	623	583	602	615	599	611	609	603	586	544	592	598	611	599	608	614	607	594	593	635	618	582	607.2	147
101	588	602	618	597	623	626	599	580	604	628	607	615	628	607	629	639	595	608	615	590	634	616	598	608	626	611	609	597	620	583	599	607	599	605	607	603	586	540	589	598	610	595	608	610	602	586	589	632	618	576	605.18	146
102	584	602	618	597	619	620	597	576	600	620	607	615	624	605	628	639	595	603	612	588	629	612	598	605	624	608	609	597	620	583	598	607	597	605	606	603	581	539	588	589	610	592	608	610	599	581	587	632	617	576	603.18	145
103	584	601	617	595	617	617	590	576	599	620	602	612	620	600	627	636	589	598	612	588	628	607	594	600	623	608	603	594	620	583	598	607	593	602	604	603	581	539	587	589	610	588	608	610	598	581	587	624	616	569	601.08	144
104	582	601	611	592	616	617	589	576	589	620	601	611	619	600	626	634	589	598	608	585	627	603	594	600	623	597	599	590	620	583	596	606	593	601	604	599	580	533	581	584	609	583	608	606	594	581	587	621	612	569	598.94	143
105	582	601	611	591	616	617	589	576	585	619	601	609	618	600	626	627	588	596	607	582	627	598	592	600	620	597	599	590	620	582	592	606	592	601	604	599	580	532	581	580	609	583	608	605	588	580	587	621	612	568	597.88	142
106	582	601	604	591	606	613	587	576	585	619	599	600	617	598	626	627	588	593	605	582	625	598	590	597	620	594	596	589	616	581	592	606	592	601	598	598	580	532	579	577	609	583	607	598	584	580	583	619	606	568	595.94	141
107	582	599	604	587	606	613	579	576	585	616	597	599	616	597	626	618	588	588	604	582	624	595	584	595	619	592	594	589	612	578	589	600	591	595	597	595	579	532	576	570	606	576	605	597	584	579	583	619	603	568	593.76	140
108	580	596	600	586	606	608	575	575	583	611	597	598	616	596	623	618	588	587	602	582	623	595	581	595	610	588	592	589	612	578	588	600	589	595	597	588	579	530	576	561	601	575	602	595	584	578	583	619	603	555	591.76	139
109	575	596	596	582	603	600	575	575	579	611	591	598	616	596	623	613	588	582	600	578	623	595	576	593	605	588	587	589	612	578	587	599	584	592	596	588	575	529	576	561	601	570	601	593	584	572	582	619	600	548	589.6	138
110	570	594	592	582	597	595	575	574	579	610	589	595	609	596	619	610	587	582	598	578	621	588	575	590	605	583	579	589	610	578	587	599	582	591	596	583	575	529	575	560	598	570	597	590	582	565	581	619	599	548	587.5	137
111	570	594	592	579	593	595	572	571	579	608	588	595	609	596	618	600	584	576	594	577	619	588	575	590	605	583	575	584	610	578	587	593	582	585	590	578	575	523	574	556	598	570	597	582	578	565	580	616	594	547	585.34	136
112	569	593	592	572	593	590	569	570	578	607	584	595	609	596	609	598	579	572	589	577	615	584	569	589	605	582	573	584	610	576	587	589	581	585	587	574	574	523	568	551	598	570	597	582	578	562	577	613	590	547	583.22	135
113	565	593	592	567	591	590	569	570	578	605	577	591	609	594	602	595	578	566	589	575	615	584	569	585	603	575	568	575	606	575	583	589	579	582	583	574	570	522	566	551	598	570	595	576	576	561	577	613	589	546	581.02	134
114	564	591	587	565	591	589	563	565	578	605	575	591	607	594	602	593	578	566	585	574	611	578	569	584	601	574	568	568	606	575	581	588	568	579	578	567	569	521	566	551	598	570	592	576	573	561	577	612	589	546	579.18	133
115	556	589	586	559	591	589	563	562	577	601	572	590	605	593	593	592	576	566	583	574	605	578	562	580	599	572	565	566	605	568	581	588	567	577	578	566	569	521	566	550	598	570	586	576	571	554	575	611	589	545	577.1	132
116	556	586	581	552	591	585	558	558	574	601	572	589	603	593	588	592	574	564	583	569	602	572	562	579	599	568	564	565	599	568	576	587	567	574	578	563	564	521	564	550	597	570	576	572	568	554	575	608	587	545	574.86	131
117	556	586	579	551	591	585	557	558	572	598	572	588	603	590	583	588	573	564	583	569	591	572	562	579	599	565	564	559	595	568	576	586	567	574	572	560	555	517	564	550	597	570	576	570	565	551	567	605	587	544	573.06	130
118	552	586	577	550	590	581	557	554	569	598	568	587	603	587	580	588	570	563	582	568	585	565	555	571	597	562	559	557	595	568	576	581	567	573	572	560	551	514	559	550	597	570	576	570	561	541	564	600	584	540	570.6	129
119	550	582	576	550	590	581	556	553	568	595	564	581	603	587	579	587	568	559	579	566	584	562	554	564	597	561	558	554	595	566	570	574	567	572	566	560	545	512	552	543	590	570	574	566	561	535	564	600	580	535	568.1	128
120	550	579	576	546	590	578	549	549	568	594	563	575	601	586	576	587	566	559	575	563	583	560	551	564	593	560	558	554	590	563	570	574	565	570	566	560	545	512	552	543	590	562	573	565	560	535	559	600	580	535	566.44	127
121	549	576	576	544	590	578	549	548	568	593	562	571	597	586	569	582	566	553	574	563	577	560	550	562	588	556	558	550	589	562	562	574	562	570	566	560	541	509	552	541	590	562	569	564	559	529	559	597	580	533	564.5	126
122	545	575	576	539	584	576	549	548	560	588	562	567	593	580	569	576	566	551	573	562	577	560	549	555	582	556	558	549	589	561	557	574	555	564	564	555	538	509	549	541	586	561	569	558	558	529	554	595	579	533	562.06	125
123	544	575	575	533	584	571	548	547	557	581	562	567	587	577	564	567	560	550	573	562	577	560	546	548	580	556	558	543	582	561	557	574	555	560	563	548	538	498	542	540	583	561	564	554	552	527	554	594	577	531	559.34	124
124	542	575	575	526	584	570	544	547	554	579	556	563	587	577	563	564	558	547	573	560	577	560	546	539	578	551	556	542	582	558	557	568	555	554	562	543	536	494	542	538	579	561	555	553	545	524	550	592	573	524	556.76	123
125	537	572	575	519	576	566	544	544	546	579	556	563	587	577	561	560	558	542	572	557	571	554	546	536	574	551	555	542	581	558	552	564	555	551	557	543	536	494	541	534	577	561	555	553	543	524	548	592	565	524	554.56	122
126	531	569	575	519	570	563	539	543	546	571	554	558	584	576	554	560	553	542	567	555	571	547	546	536	569	550	553	531	581	557	552	563	555	548	556	543	534	490	537	534	575	561	555	552	543	517	544	589	565	524	552.14	121
127	530	569	568	512	569	560	538	542	546	571	548	556	584	575	554	560	551	542	567	548	565	544	545	530	568	550	553	530	580	557	548	560	554	548	552	543	534	489	537	534	575	559	555	546	541	515	542	582	562	515	550.06	120
128	529	567	568	512	569	560	532	542	546	570	547	556	582	570	554	560	543	540	567	544	563	541	545	530	568	550	553	530	573	552	543	559	554	542	550	541	534	479	534	531	569	556	555	541	537	512	542	576	558	510	547.72	119
129	529	566	562	507	564	559	532	542	543	570	546	551	577	564	554	551	543	539	564	538	563	541	541	527	567	550	548	530	569	551	541	552	552	542	550	541	529	477	530	524	562	555	555	534	537	509	542	571	551	508	545.0	118
130	528	566	558	506	560	555	530	542	543	570	541	550	576	564	553	551	543	534	564	537	563	541	538	521	566	550	547	528	560	551	539	549	550	541	541	537	529	476	530	524	556	553	552	534	533	509	542	571	545	506	543.06	117
131	519	563	556	498	560	555	530	540	539	566	541	550	575	559	549	546	543	527	561	531	562	541	536	521	563	550	547	528	560	550	533	549	548	541	539	537	521	474	530	524	556	548	552	532	532	505	542	568	543	504	540.88	116
132	519	560	550	498	560	554	530	538	539	565	535	550	573	559	549	544	543	523	556	529	562	540	534	520	563	550	546	526	554	547	533	549	548	541	539	536	521	465	530	522	551	548	548	529	532	505	534	567	543	498	539.1	115
133	514	557	550	493	559	553	530	538	533	559	530	549	570	553	547	540	539	523	556	529	562	539	527	520	561	548	542	526	550	541	533	547	546	533	539	531	521	463	523	522	549	548	547	522	528	505	533	567	539	497	536.62	114
134	507	552	550	493	558	550	522	534	532	558	527	549	566	550	545	534	539	520	553	529	560	534	527	517	553	545	538	526	545	536	532	545	546	530	538	526	519	462	519	517	549	547	545	521	526	504	533	565	539	491	534.06	113
135	507	552	538	485	558	550	522	534	527	555	527	545	559	542	544	528	538	518	552	528	560	534	527	517	548	539	538	520	542	532	532	540	539	526	538	525	518	460	518	517	543	540	545	521	525	500	530	564	539	488	531.48	112
136	503	552	537	484	558	549	522	530	527	553	527	541	553	533	537	524	538	518	545	528	556	531	523	514	546	539	533	520	541	532	525	539	532	526	538	519	514	459	509	517	542	540	543	521	518	495	530	563	533	485	528.84	111
137	495	552	530	481	558	549	522	530	527	547	526	532	550	533	537	515	532	513	545	528	555	531	516	514	542	539	533	516	538	523	525	538	532	526	532	518	505	451	504	517	541	539	540	515	510	495	523	562	533	483	525.96	110
138	495	551	529	478	558	543	521	530	525	547	526	531	545	533	534	515	532	507	544	528	550	530	512	509	540	537	533	516	534	521	516	535	528	520	526	513	500	450	501	514	541	536	538	509	509	494	517	557	532	480	523.4	109
139	494	551	529	478	558	543	521	527	525	539	525	531	536	532	533	515	531	504	544	524	540	530	510	501	539	537	533	516	531	513	516	535	528	515	526	513	500	450	498	504	541	536	534	509	509	492	512	557	528	480	521.46	108
140	492	551	528	471	558	543	518	523	523	538	519	530	529	526	523	515	531	503	539	524	540	530	507	495	529	537	530	516	531	508	514	528	528	511	522	512	496	449	497	503	541	533	534	509	509	487	505	557	528	473	518.86	107
141	487	543	527	463	554	543	518	520	514	533	513	523	529	524	522	515	526	497	539	523	539	530	504	490	529	537	528	509	525	508	511	521	528	509	522	511	496	441	496	499	537	528	528	500	508	487	505	550	528	472	515.78	106
142	486	537	527	463	548	543	518	519	513	525	511	520	529	522	516	515	526	491	538	523	538	526	498	490	529	532	527	509	525	508	511	521	524	504	522	509	493	441	490	492	537	528	527	497	508	486	504	549	522	472	513.78	105
143	480	524	522	463	548	542	518	519	513	524	511	515	529	522	515	514	518	488	533	523	534	525	498	487	529	525	522	509	523	505	511	521	524	504	520	509	493	438	489	488	534	523	527	496	507	486	499	548	516	467	511.56	104
144	478	524	513	454	544	539	514	519	508	517	510	513	524	518	515	510	516	482	529	523	532	519	495	487	524	523	518	509	519	505	511	516	524	497	519	504	484	438	489	481	534	523	518	496	505	486	499	545	516	467	508.66	103
145	475	524	510	453	544	539	510	515	505	510	505	511	521	513	514	510	512	481	529	517	532	519	495	487	516	518	517	504	519	505	510	516	520	497	519	500	476	434	489	478	528	519	514	490	502	475	493	542	508	467	505.74	102
146	475	524	509	449	540	539	503	514	503	503	501	505	521	510	509	510	506	476	529	514	532	514	492	486	516	516	517	497	519	501	509	516	511	497	518	500	473	426	489	477	528	519	513	485	502	474	493	537	504	466	503.34	101
147	474	524	509	449	540	539	503	509	503	497	501	505	515	506	509	508	503	470	519	511	530	513	482	477	513	512	517	489	519	501	509	516	508	493	518	496	473	426	489	477	528	513	513	483	502	467	493	530	504	466	501.02	100
148	464	516	504	436	540	539	503	499	492	496	501	504	515	506	509	508	500	470	519	509	528	512	478	474	507	512	517	487	518	501	500	515	505	492	518	493	473	426	486	477	528	513	509	482	500	465	489	530	502	464	498.62	99
149	458	516	497	425	539	538	500	496	492	496	494	497	510	502	508	506	500	469	519	509	524	504	478	467	500	510	515	481	516	498	499	510	504	491	516	493	468	422	481	475	528	512	504	482	500	462	489	530	500	464	495.88	98
150	458	516	497	421	533	537	495	494	485	493	494	497	508	502	500	506	499	466	511	508	524	501	471	466	498	509	508	477	512	497	499	510	504	491	516	493	461	422	473	470	528	506	502	481	500	457	486	530	500	458	493.4	97
151	458	511	492	421	531	537	490	488	485	489	494	489	508	496	499	499	499	466	506	503	524	501	471	462	491	505	505	474	509	496	498	507	504	478	511	488	461	415	473	469	523	500	499	478	496	454	486	524	491	458	490.24	96
152	457	507	492	421	530	537	486	488	485	486	494	488	505	483	499	490	499	466	499	502	524	494	471	455	491	504	505	474	508	493	495	507	504	477	511	478	461	414	472	469	523	498	497	476	486	450	479	520	479	458	487.74	95
153	457	503	485	421	524	535	486	488	485	482	493	486	497	480	499	480	491	464	489	499	520	492	463	455	490	504	505	465	505	484	493	507	502	473	509	478	461	414	468	469	522	492	496	476	480	448	475	515	478	458	484.82	94
154	457	501	485	419	519	528	482	483	483	480	493	485	487	479	493	478	482	464	489	498	513	492	463	455	485	503	498	459	505	475	484	500	502	469	509	478	456	414	467	469	521	485	496	476	473	448	475	514	477	456	482.04	93
155	448	501	481	416	514	524	482	482	483	480	487	481	482	479	488	473	482	464	486	498	510	489	463	454	485	494	498	457	500	468	483	493	502	468	507	478	453	414	466	468	515	483	487	476	473	445	475	514	475	449	479.46	92
156	448	501	477	416	514	524	482	482	482	472	487	481	482	473	488	473	479	463	479	492	510	486	459	446	482	489	492	457	491	467	483	492	498	462	506	475	446	414	464	459	515	474	487	471	473	445	475	514	473	440	476.8	91
157	445	501	477	416	508	517	482	478	475	467	484	478	481	469	484	470	474	461	479	487	510	486	458	444	476	480	491	450	491	460	477	485	498	454	502	470	446	412	459	456	511	470	479	471	473	441	473	514	473	430	473.46	90
158	442	498	477	411	504	517	473	475	469	466	475	470	477	468	484	464	467	456	476	487	508	486	458	444	470	474	490	448	479	460	477	485	495	448	497	457	445	412	453	446	506	470	476	461	469	437	467	514	468	429	469.7	89
159	438	495	477	411	500	515	465	466	458	455	475	470	470	467	478	464	462	456	469	487	500	482	449	444	470	468	490	442	479	455	477	485	494	440	494	457	445	412	449	443	502	468	476	461	469	429	459	514	468	428	466.54	88
160	432	494	472	406	500	513	458	466	448	454	465	470	470	462	474	455	462	454	463	487	499	481	443	444	470	467	483	441	477	452	473	485	494	439	493	448	445	412	447	443	502	462	472	446	466	427	454	513	461	422	463.32	87
161	426	486	472	399	498	507	453	458	439	454	461	462	469	456	473	455	461	445	452	486	499	475	434	444	467	466	483	441	477	449	473	485	494	430	488	443	443	411	447	441	500	459	472	446	465	421	447	513	461	419	460.1	86
162	417	480	466	398	495	507	440	458	439	454	460	459	469	456	473	453	458	442	452	485	495	472	432	443	465	464	482	441	472	443	464	472	485	426	485	441	442	411	447	441	499	453	467	445	458	421	447	513	461	415	457.26	85
163	417	480	465	398	495	502	440	458	439	451	452	452	463	448	470	452	458	442	442	483	491	468	430	441	465	464	473	436	472	438	458	471	478	413	484	439	439	410	447	441	495	442	460	437	457	421	438	505	459	412	453.82	84
164	412	480	460	398	493	502	438	458	437	449	451	452	460	448	470	452	457	433	442	483	490	463	430	435	465	463	473	435	471	437	451	470	473	412	476	439	431	409	447	441	494	434	459	436	455	412	438	499	453	412	451.56	83
165	410	479	451	398	493	495	438	457	434	449	448	452	460	446	466	451	452	432	441	473	485	459	430	431	465	463	467	434	471	437	448	470	473	402	476	439	429	408	443	430	494	426	459	429	451	409	438	499	447	411	448.96	82
166	402	476	450	395	483	495	432	452	430	449	444	452	453	440	465	451	445	427	438	467	485	456	424	426	459	457	465	433	468	435	444	469	473	396	474	439	429	408	442	428	494	424	459	429	447	402	438	498	438	408	445.86	81
167	402	474	448	392	482	492	432	452	428	449	439	451	453	428	461	451	445	424	433	458	477	455	423	420	457	457	461	433	462	431	442	469	471	388	467	434	429	403	440	428	483	422	456	426	447	395	437	495	429	408	442.78	80
168	401	464	442	392	478	483	432	452	426	443	439	448	449	424	458	451	438	424	433	458	475	455	423	414	455	456	459	424	462	431	440	467	462	386	460	430	429	396	440	421	483	418	453	421	447	395	437	495	429	404	440.04	79
169	401	464	439	386	478	478	432	452	426	441	439	441	443	413	455	448	438	417	426	453	467	448	421	405	449	449	449	423	460	431	440	461	461	386	460	421	419	396	440	420	482	416	452	417	442	381	436	491	429	403	436.5	78
170	393	458	439	379	472	466	432	452	421	440	437	432	442	413	455	441	428	415	424	444	465	433	415	403	448	449	449	423	460	431	440	456	453	386	457	421	415	394	432	420	473	416	452	413	435	376	428	487	425	398	432.72	77
171	383	450	439	379	471	465	429	450	420	440	437	424	436	413	455	441	428	412	423	442	464	429	415	392	439	438	449	423	460	427	432	456	452	385	450	411	412	391	426	420	466	415	451	410	426	375	427	480	419	395	429.44	76
172	378	442	430	379	467	456	423	449	420	430	429	419	436	413	449	434	424	407	410	432	463	427	415	383	428	433	443	417	448	418	432	449	449	385	439	411	407	386	425	419	466	415	449	410	425	375	427	474	419	395	425.18	75
173	371	436	429	372	467	456	418	448	417	424	428	419	430	413	442	426	416	399	410	431	458	426	411	383	427	427	441	417	448	418	428	446	449	381	433	411	401	385	416	419	466	415	449	408	415	375	427	467	411	390	422.0	74
174	361	436	429	370	457	449	418	448	411	420	428	414	430	404	437	418	412	391	410	426	457	418	410	379	417	418	431	406	443	418	428	446	446	377	432	411	401	383	414	419	465	404	447	408	408	372	425	461	406	390	418.18	73
175	351	434	423	369	457	447	417	448	411	415	422	409	419	404	430	418	411	386	410	426	453	418	400	374	408	418	431	406	441	418	422	446	444	368	421	410	401	383	414	413	460	404	442	404	404	372	424	453	406	384	414.98	72
176	351	434	420	362	451	447	417	439	411	413	422	398	411	404	428	414	404	384	398	424	451	411	399	372	407	416	424	405	435	417	421	446	435	368	420	397	401	381	414	410	455	404	434	402	403	371	424	452	400	384	411.82	71
177	350	426	420	362	446	445	410	435	406	412	422	398	407	404	424	406	404	384	391	424	451	408	388	372	407	405	424	399	434	411	421	444	434	360	414	396	400	380	413	405	455	401	433	402	402	371	424	446	398	374	408.96	70
178	349	417	415	354	441	445	410	435	403	412	420	387	406	401	416	404	404	384	391	423	450	404	380	370	407	405	412	395	426	410	421	444	434	355	405	388	394	380	412	405	448	397	428	402	402	369	423	446	386	373	405.76	69
179	349	417	412	347	441	441	401	426	395	412	414	385	406	400	416	399	404	384	391	414	444	403	371	370	406	403	408	386	426	410	417	434	424	355	394	383	394	375	401	405	448	384	420	402	399	368	423	445	386	373	402.22	68
180	348	407	409	346	429	441	401	422	395	406	405	372	399	390	409	399	403	384	380	404	438	392	361	369	403	401	408	386	420	410	417	431	423	355	393	383	392	368	400	395	441	376	411	402	396	368	410	435	379	370	397.64	67
181	348	405	409	346	429	441	401	414	395	406	404	372	396	390	398	392	403	380	380	391	430	390	357	368	392	401	408	386	417	399	415	429	421	353	389	373	391	368	398	386	441	376	406	402	386	367	403	435	372	363	394.44	66
182	348	405	408	343	422	441	401	413	393	406	403	371	384	383	398	392	403	375	374	390	425	385	357	367	381	393	398	381	410	393	415	423	414	351	386	363	387	368	398	386	436	367	399	388	381	359	393	435	359	363	390.28	65
183	348	404	402	343	421	433	395	413	392	400	402	360	383	370	392	392	398	367	362	381	419	378	347	367	381	383	388	379	409	393	406	418	408	346	386	363	377	362	394	380	435	361	396	380	373	359	391	434	359	361	385.82	64
184	339	403	402	338	419	430	392	402	392	398	402	360	381	364	389	382	391	354	352	373	413	374	337	367	374	383	383	364	408	393	401	417	404	336	386	363	373	362	388	372	435	361	396	379	373	355	383	429	359	361	381.84	63
185	331	400	396	331	419	423	392	401	391	397	402	348	371	364	388	376	390	347	348	373	406	374	337	364	367	373	383	363	403	393	391	407	403	330	383	350	363	353	379	371	429	356	389	373	373	355	377	429	349	360	377.42	62
186	331	389	396	331	407	423	385	392	390	390	394	348	371	356	385	364	381	347	337	373	406	363	337	362	367	373	381	362	401	393	384	400	392	328	376	350	361	343	379	371	427	349	384	373	373	342	368	425	349	354	373.26	61
187	328	389	396	329	405	421	383	392	390	390	391	348	367	344	384	364	380	338	330	372	406	363	330	362	367	370	379	350	399	389	384	400	385	328	376	350	360	332	378	370	417	348	372	372	373	337	358	425	346	354	370.42	60
188	328	381	391	329	403	421	377	384	388	379	380	337	357	338	384	357	379	338	321	363	399	362	330	352	367	359	372	337	393	389	375	400	380	321	376	344	354	332	367	370	416	338	357	371	361	337	358	425	346	342	365.3	59
189	328	374	389	322	396	421	376	378	379	374	375	337	343	338	376	349	370	328	316	358	393	362	326	346	367	352	360	327	384	378	375	395	380	312	376	340	354	326	363	365	416	338	346	371	359	327	357	416	345	340	360.46	58
190	325	374	382	322	392	420	365	377	372	370	375	332	343	337	363	338	370	328	314	356	389	351	321	346	360	345	351	326	383	378	373	395	377	305	368	335	342	325	351	357	410	329	346	371	358	327	348	408	343	334	356.14	57
191	320	370	380	312	392	413	356	368	372	370	375	324	336	328	363	331	370	328	307	350	389	346	319	346	360	345	351	316	379	371	367	387	376	305	357	323	342	320	351	352	398	329	335	359	357	327	344	408	343	328	351.9	56
192	319	364	373	300	392	404	356	367	372	359	370	324	335	320	360	322	362	320	296	348	389	341	319	340	347	340	342	316	379	370	366	382	376	305	356	320	338	310	350	352	386	320	334	350	354	320	332	398	335	323	347.06	55
193	317	350	361	300	383	401	355	367	372	352	369	322	329	311	354	313	355	320	295	342	388	339	317	331	340	330	342	316	379	364	364	374	375	303	356	307	328	310	349	343	381	320	327	348	353	313	319	398	331	318	342.62	54
194	317	337	354	300	383	398	355	361	371	346	369	319	328	304	344	313	348	320	294	342	377	339	317	331	339	330	342	316	370	364	364	364	374	299	347	290	321	310	345	335	368	320	321	348	349	313	318	393	326	318	339.02	53
195	317	335	354	296	372	390	354	357	362	346	369	311	325	303	334	313	339	311	282	333	377	338	317	331	339	323	341	307	369	364	364	356	374	298	340	290	314	309	336	335	361	317	312	344	345	312	317	393	322	304	335.04	52
196	307	326	352	296	372	378	346	343	362	346	367	310	325	303	332	313	339	311	280	332	368	329	316	329	331	319	332	292	368	351	353	355	372	296	338	289	313	309	329	333	353	316	297	344	334	304	311	388	322	303	330.68	51
197	307	325	352	296	366	371	335	343	360	346	363	307	316	296	332	306	338	306	274	331	368	319	306	317	330	319	320	289	356	340	350	345	364	294	327	277	302	307	328	321	343	316	297	329	322	302	300	378	321	294	325.02	50
198	306	322	352	288	359	363	328	338	355	337	356	306	301	294	331	306	338	293	274	326	359	317	293	303	328	311	320	285	354	334	341	339	362	294	326	277	302	301	317	318	336	313	287	329	322	297	295	371	321	294	320.38	49
199	306	322	345	284	350	356	323	337	355	337	351	305	301	283	331	306	338	293	274	326	356	312	293	303	328	307	320	273	348	319	340	339	362	294	320	262	302	298	303	313	336	312	277	329	317	292	291	364	311	290	316.68	48
200	299	321	340	284	350	356	321	337	348	337	341	297	291	269	331	306	338	292	274	316	343	310	290	303	320	298	312	264	336	312	340	337	361	294	320	261	302	298	290	312	334	312	267	328	317	292	283	364	298	278	312.48	47
201	290	317	334	282	350	345	321	332	342	330	333	297	283	261	320	306	330	278	274	316	343	309	276	302	319	291	312	254	331	306	339	335	352	293	315	251	302	298	289	308	324	311	264	328	304	283	283	364	298	278	308.06	46
202	290	315	328	282	341	333	315	332	331	315	324	286	275	250	320	299	328	268	268	314	343	304	265	300	314	287	312	254	325	293	339	328	340	279	302	250	291	298	282	305	316	302	263	318	303	280	274	358	295	266	302.0	45
203	287	312	320	272	336	324	307	332	330	312	312	277	275	244	319	287	324	266	259	314	340	300	251	296	314	281	312	254	314	293	329	317	340	268	302	250	279	287	271	296	303	296	254	312	295	280	259	358	295	266	296.42	44
204	281	308	308	272	330	314	301	329	324	301	309	275	274	231	309	286	324	253	251	307	340	300	239	296	306	269	304	249	311	280	329	309	334	268	289	247	267	287	269	285	301	294	253	312	281	279	246	352	286	254	290.46	43
205	271	308	308	272	321	302	288	315	320	290	297	260	274	230	309	286	312	251	250	301	340	286	228	283	305	268	304	248	296	280	320	309	333	268	277	247	266	287	263	276	301	294	246	312	280	279	245	351	279	251	285.74	42
206	259	307	299	272	309	293	287	300	318	290	297	253	272	230	309	276	303	251	236	299	329	277	227	270	295	268	294	245	285	270	313	299	331	267	266	244	256	280	254	276	299	287	246	312	269	279	245	343	279	250	280.3	41
207	247	299	299	263	302	293	279	291	318	276	297	250	270	227	309	263	303	241	236	299	319	268	227	259	285	267	287	237	285	265	302	292	320	250	256	241	256	280	236	276	299	279	246	305	268	278	239	335	278	250	274.94	40
208	245	293	287	262	302	288	267	289	318	270	296	240	267	227	302	259	291	237	236	289	318	268	221	257	285	260	287	234	279	263	302	283	320	249	254	233	243	278	235	262	289	270	246	296	268	270	237	326	278	250	270.52	39
209	230	281	273	262	295	278	254	277	309	270	296	240	266	224	286	250	278	230	236	289	308	265	220	256	272	254	286	234	268	261	294	283	311	247	239	230	243	278	235	261	285	255	246	285	268	258	237	315	271	249	264.76	38
210	230	281	272	254	295	270	247	271	309	266	282	225	264	211	284	250	273	229	235	288	294	257	220	256	272	247	286	218	254	249	279	283	311	242	232	230	231	278	228	251	280	255	236	275	264	258	231	307	268	233	259.22	37
211	230	280	270	247	286	260	235	267	300	266	276	225	264	201	284	237	271	219	219	275	294	245	219	256	268	245	285	203	245	247	278	283	311	242	232	227	223	266	221	235	268	254	222	261	255	251	223	307	251	226	253.1	36
212	223	272	269	247	277	259	234	260	295	255	266	225	258	194	283	226	258	214	219	262	290	243	217	254	261	232	284	201	232	236	278	273	311	234	226	227	219	262	208	233	261	248	216	249	241	240	218	297	251	226	247.28	35
213	214	258	262	233	277	257	223	260	280	255	251	216	253	180	269	220	251	202	218	261	290	242	206	254	261	225	272	200	218	232	277	261	306	234	213	223	218	262	206	233	258	231	203	246	240	231	206	296	243	217	240.88	34
214	201	257	261	224	275	257	223	248	265	241	237	208	251	172	269	219	251	201	217	259	280	229	198	252	253	216	261	199	218	232	276	251	306	232	201	221	215	248	195	232	258	228	190	244	240	229	193	281	230	203	234.94	33
215	198	255	261	223	275	240	222	237	254	241	231	205	242	171	264	217	241	201	216	258	273	217	198	249	245	209	260	199	218	226	262	240	295	229	191	216	215	248	195	231	257	228	175	244	231	226	175	270	229	192	229.9	32
216	184	253	254	221	271	240	220	230	243	232	231	204	231	157	252	216	239	199	214	243	273	214	197	237	242	209	252	198	204	224	262	228	286	229	174	213	215	242	181	215	254	224	175	236	223	214	175	257	217	191	223.9	31
217	175	242	254	217	271	227	219	230	237	231	231	192	231	141	252	201	231	199	199	243	263	214	197	233	239	206	252	188	201	212	254	211	273	220	174	213	204	236	175	202	249	220	174	229	217	201	160	255	202	191	217.76	30
218	173	223	250	215	267	227	219	221	236	231	231	192	230	140	252	201	227	199	193	234	263	207	197	229	239	189	236	187	192	203	254	209	259	204	160	212	191	227	172	188	249	220	166	221	216	200	160	240	202	175	212.56	29
219	156	222	250	212	266	219	217	221	225	223	231	190	230	139	237	192	216	196	179	225	247	203	195	217	238	189	235	186	189	197	241	201	249	190	145	197	183	224	171	183	247	208	166	219	203	200	146	240	186	159	206.0	28
220	156	220	242	205	258	204	216	219	225	223	230	174	219	129	226	191	214	195	168	225	246	191	191	217	226	189	224	185	189	184	237	201	239	178	144	187	171	224	160	181	239	207	164	219	203	186	146	231	173	147	200.36	27
221	140	213	228	194	244	190	214	219	220	221	228	174	212	118	225	183	213	185	168	225	246	185	187	215	210	179	224	183	188	173	227	191	239	178	142	184	171	211	143	168	230	206	163	210	188	184	146	223	172	146	194.52	26
222	129	197	219	183	244	190	214	216	218	220	211	172	211	108	223	176	213	185	154	224	232	185	187	209	208	173	214	183	183	173	218	188	227	170	140	172	154	211	125	168	217	200	162	201	188	173	138	223	171	131	188.62	25
223	128	197	217	179	235	173	212	212	203	208	198	165	209	104	223	168	199	170	152	215	223	184	187	201	208	160	205	166	183	167	218	185	212	156	138	157	146	211	125	168	206	200	157	199	178	173	137	213	154	121	182.1	24
224	128	196	217	177	227	159	208	194	203	193	187	165	209	103	214	153	198	161	152	215	208	175	181	197	199	157	203	161	179	159	215	171	193	148	135	151	145	211	125	158	202	199	142	198	177	172	119	198	154	119	176.2	23
225	123	196	206	175	227	159	196	186	196	181	183	165	191	96	203	153	186	160	152	214	202	175	168	196	191	150	191	149	179	144	207	163	182	130	135	138	145	195	122	146	187	192	140	185	176	171	118	191	154	106	169.52	22
226	123	196	196	164	215	150	185	173	192	181	182	164	188	95	203	137	170	145	151	205	202	159	166	184	191	144	186	148	165	142	195	163	181	129	120	130	142	188	120	144	174	192	140	173	176	171	117	191	154	101	164.06	21
227	114	193	184	164	200	148	170	173	184	181	180	147	175	94	192	136	161	131	143	187	189	142	164	167	191	133	170	141	152	140	181	149	171	129	103	130	142	175	119	144	174	192	131	172	165	161	115	178	152	101	156.6	20
228	112	193	176	150	193	148	169	173	167	178	165	139	171	92	180	124	149	120	140	186	177	124	153	167	172	133	170	123	151	139	181	149	156	129	103	129	135	162	111	142	173	175	131	157	165	148	99	178	137	99	149.86	19
229	112	185	176	139	177	135	169	173	158	165	157	124	156	90	178	118	147	104	122	184	172	115	138	151	168	131	169	114	151	135	181	137	147	129	101	129	135	161	98	132	170	175	119	156	163	139	88	176	137	98	143.68	18
230	112	182	168	130	161	121	154	171	156	164	156	107	156	82	169	117	134	104	122	181	158	107	138	147	155	131	169	109	146	135	170	123	141	115	101	113	125	160	80	132	162	173	119	155	148	127	88	172	136	98	137.6	17
231	109	170	154	110	147	102	145	157	154	164	151	107	156	70	161	117	115	90	121	166	157	93	127	138	155	119	161	95	144	117	154	105	141	113	101	109	125	159	80	122	161	168	117	155	139	116	75	171	134	97	130.28	16
232	108	157	149	101	133	99	143	152	154	163	151	91	156	68	153	116	98	77	113	165	149	79	116	138	142	117	150	95	128	115	141	105	127	111	101	109	124	154	79	122	153	155	113	148	139	115	66	158	131	94	124.42	15
233	108	140	133	101	115	99	138	152	137	148	138	79	154	66	139	116	94	76	95	152	149	68	101	124	125	107	136	95	118	114	122	93	126	108	99	108	112	138	78	106	152	148	113	134	129	115	66	146	114	91	116.3	14
234	108	138	116	84	104	94	136	150	123	132	121	78	140	66	138	107	86	66	82	140	133	65	101	109	122	107	127	83	118	112	120	90	123	92	99	97	112	123	69	94	152	136	113	125	109	101	62	146	99	84	108.64	13
235	107	125	114	66	104	94	119	136	107	132	104	77	124	65	123	103	85	64	80	138	133	61	100	90	119	100	114	83	99	108	120	84	122	90	99	93	111	123	69	94	137	120	112	124	109	100	58	137	82	82	102.8	12
236	107	111	106	52	90	93	101	134	107	116	85	77	111	64	104	88	69	64	80	133	133	60	96	74	119	83	103	83	84	91	107	84	113	89	99	92	111	110	50	77	118	111	102	116	107	82	56	123	73	79	94.34	11
237	99	100	91	48	74	78	99	134	105	98	66	64	109	64	104	76	56	64	63	119	123	60	77	54	109	70	99	80	71	77	98	67	95	78	80	88	111	98	50	61	115	111	86	103	106	68	52	119	59	78	85.08	10
238	82	92	72	43	73	78	85	119	104	96	61	54	100	60	91	72	52	55	44	114	105	42	58	52	100	68	85	80	70	74	95	57	94	62	77	72	93	89	44	42	110	111	86	93	106	51	52	110	59	59	76.86	9
239	71	92	56	43	72	64	84	118	90	88	43	34	100	60	90	69	41	43	43	97	92	41	58	40	99	54	70	79	56	65	94	45	74	58	75	68	93	72	44	24	95	98	69	92	87	51	38	96	57	47	68.58	8
240	68	73	39	41	71	47	68	108	84	88	25	26	84	45	88	58	40	42	37	81	83	40	41	39	82	51	68	70	56	64	82	33	55	38	75	62	79	72	24	23	81	83	66	91	68	51	24	88	44	46	59.84	7
241	63	73	38	34	70	44	68	96	67	78	21	26	67	28	74	40	39	41	37	62	73	24	38	22	64	49	59	56	56	47	82	31	42	38	66	55	79	53	24	3	81	82	46	76	50	33	24	76	24	46	51.3	6
242	51	69	21	30	50	26	49	89	66	60	20	26	67	28	60	21	37	39	36	47	57	22	36	18	46	40	41	52	37	47	65	25	39	26	47	53	63	39	24	1	63	65	42	58	46	30	24	63	24	36	42.42	5
243	44	65	21	30	42	25	41	73	54	58	20	25	51	15	40	5	19	23	36	47	39	2	18	18	26	22	41	33	37	30	57	25	38	26	29	53	48	24	24	1	43	65	32	45	27	29	15	45	22	27	33.5	4
244	39	56	17	13	36	24	23	56	40	38	20	11	40	3	37	2	4	20	21	38	21	2	18	17	24	20	37	21	20	18	37	16	38	8	10	38	29	22	24	1	43	57	12	43	27	29	3	45	20	10	24.96	3
245	23	37	16	0	19	23	23	39	21	18	7	0	40	2	17	1	1	0	16	18	5	1	16	2	14	20	19	4	0	17	17	16	34	5	10	38	23	20	24	0	26	40	9	24	19	12	1	27	0	4	15.36	2
246	20	20	16	0	0	20	3	20	1	16	7	0	20	0	0	0	0	0	1	11	4	1	15	2	13	0	19	4	0	12	8	7	19	1	9	19	15	0	4	0	18	20	7	15	3	12	0	20	0	1	8.06	1
247	0	0	0	0	0	0	0	0	0	0	0	0	0	0	0	0	0	0	0	0	0	0	0	0	0	0	0	0	0	0	0	0	0	0	0	0	0	0	0	0	0	0	0	0	0	0	0	0	0	0	0.0	0

