49.76375218111049
57.39900340029528
61.11104089302497
63.05552883539887
65.25048096282046
65.73029170954321
66.34159545434208
67.00805892353813
67.91225224822153
68.32946512460293
68.3799102948414
68.19921927430538
68.44498568296721
68.33768064068713
68.36989396447589
68.67409176323214
68.89535703100536
69.07369357075748
68.98653863361818
68.35293722875933
68.82861505078073
68.93740212965862
68.93042816876206
68.67175406022099
69.13225359044336
68.35210393270994
69.34761867477968
68.92960605789453
69.42131783812805
69.3357288264507
69.39798554874503
68.39975280748068
68.75911592322494
68.52934432463866
69.2115844928638
69.11213144825736
69.16038432284905
69.37398774104066
69.641822513534
69.56848127600556
69.16323654422615
68.97106393449955
68.61298711467052
68.84802693391795
68.87766207328528
68.71075678940535
68.47724374748331
69.1153527806362
69.21904500917188
68.88870184779208
68.861734374301

