# Extinction sequence for 250 applications  and 49 platforms.
# This is the data and average for 48 different extinction sequences.
0	250	250	250	250	250	250	250	250	250	250	250	250	250	250	250	250	250	250	250	250	250	250	250	250	250	250	250	250	250	250	250	250	250	250	250	250	250	250	250	250	250	250	250	250	250	250	250	250	250.0	49
1	249	250	250	248	249	248	248	250	248	248	248	249	249	248	248	248	250	250	249	249	250	250	248	249	249	249	249	249	250	248	249	249	249	250	250	249	250	250	250	250	250	248	250	250	249	249	249	250	249.125	48
2	247	248	249	246	249	247	247	249	247	245	248	249	248	246	247	245	248	250	246	247	249	250	245	249	249	249	248	233	250	246	249	248	249	250	250	248	250	249	249	250	250	247	248	234	248	249	249	250	247.5625	47
3	246	246	249	246	249	246	247	249	244	245	242	249	248	245	247	245	247	250	246	247	248	248	244	233	248	248	248	233	249	245	247	247	247	250	248	248	249	247	248	250	250	247	247	232	248	249	249	250	246.45833333333334	46
4	239	245	249	245	246	246	246	249	241	244	242	247	247	245	244	229	247	249	246	246	246	246	243	232	244	247	246	233	247	241	246	245	245	250	246	246	245	244	248	250	247	247	247	231	247	247	249	249	244.70833333333334	45
5	238	243	249	242	245	244	244	246	241	243	238	247	242	244	242	228	244	248	244	246	246	245	240	229	241	247	246	233	246	238	237	243	239	247	245	246	245	243	248	248	246	247	247	230	247	245	249	249	243.125	44
6	237	240	248	242	241	243	244	230	239	239	234	245	242	240	241	225	243	247	243	243	246	245	239	229	241	245	246	230	245	234	236	243	237	245	238	241	245	243	247	246	245	244	247	228	246	245	246	246	241.125	43
7	235	237	244	241	240	242	243	227	238	238	226	245	242	239	239	220	243	247	242	240	245	241	238	227	239	244	244	228	244	234	230	243	236	242	238	238	244	239	246	245	245	244	246	228	242	245	246	242	239.39583333333334	42
8	235	232	244	238	239	242	241	224	237	237	225	241	241	236	237	217	242	246	242	235	243	235	238	226	239	242	228	222	241	232	229	241	236	242	237	237	243	238	244	243	242	239	245	225	240	244	245	240	237.22916666666666	41
9	234	232	241	234	238	240	237	222	237	235	221	236	237	236	237	214	241	245	240	228	234	235	235	225	236	241	226	222	238	231	228	240	234	238	234	230	243	234	242	240	241	239	240	225	238	244	245	237	235.0	40
10	232	230	238	232	237	237	237	222	234	232	220	233	231	234	236	213	240	245	236	212	234	234	226	222	236	237	226	222	231	226	227	240	233	235	227	225	239	230	236	240	239	238	239	224	236	242	244	234	232.35416666666666	39
11	229	225	236	229	233	237	236	219	218	232	219	230	231	230	233	212	238	245	233	209	233	233	226	213	234	237	224	222	227	223	227	240	230	234	225	215	236	230	234	239	238	238	231	219	233	239	225	234	229.4375	38
12	226	222	235	220	230	235	232	214	214	231	219	228	231	227	230	212	234	243	232	207	233	231	225	210	230	237	222	221	224	221	219	223	227	233	223	210	235	230	231	238	237	218	231	216	231	238	223	215	226.125	37
13	222	220	231	220	214	233	232	211	212	231	215	223	228	224	228	208	233	243	228	204	225	230	225	205	222	235	221	218	223	216	219	222	226	232	223	204	234	229	231	231	236	210	230	210	214	233	222	210	222.83333333333334	36
14	222	219	226	220	214	230	227	210	212	230	209	220	223	219	225	205	232	240	226	203	224	224	225	201	222	232	220	215	223	203	218	221	220	231	222	198	232	229	228	231	234	202	227	209	211	233	219	208	220.29166666666666	35
15	221	215	222	217	208	225	222	200	205	227	207	217	215	219	222	202	229	235	223	202	223	219	208	193	217	225	220	215	222	201	212	219	204	226	216	187	228	227	225	224	230	201	226	206	201	233	216	206	215.89583333333334	34
16	221	208	222	214	208	222	218	196	201	221	202	216	215	213	211	202	225	230	223	202	217	214	204	192	216	222	216	210	222	192	211	211	204	224	214	187	225	226	223	223	230	196	218	206	199	226	211	200	212.6875	33
17	220	202	219	203	208	219	212	195	200	202	190	212	211	210	210	200	223	226	223	191	211	200	203	189	215	218	212	205	217	192	210	205	198	219	208	183	220	216	221	223	228	195	213	200	195	219	210	193	208.20833333333334	32
18	214	191	219	197	207	213	211	188	190	198	189	207	208	205	198	200	219	224	220	190	204	200	203	187	214	206	208	204	211	191	201	202	192	211	206	177	219	197	217	222	225	191	208	199	193	218	208	187	203.9375	31
19	209	184	218	186	205	210	211	187	178	196	188	187	207	205	198	196	217	219	216	190	192	199	195	184	214	200	204	198	209	189	195	199	191	209	203	172	215	197	215	219	221	182	196	199	191	217	202	184	199.95833333333334	30
20	204	179	214	184	200	202	209	174	178	188	188	187	205	205	197	195	210	214	216	186	185	193	190	183	213	196	202	195	200	184	194	197	185	199	199	167	209	196	209	218	218	180	191	197	186	216	196	180	196.10416666666666	29
21	203	169	213	171	195	199	205	171	174	188	188	183	195	200	192	192	199	208	210	184	182	193	189	181	213	196	200	193	192	181	194	196	182	194	197	156	209	193	200	215	218	180	191	189	182	211	193	179	192.45833333333334	28
22	199	166	206	168	187	197	200	167	174	184	184	182	192	190	192	190	193	206	209	179	182	190	185	178	212	190	197	193	189	169	193	190	182	194	189	151	209	192	200	210	216	176	191	186	181	208	191	174	189.22916666666666	27
23	193	166	201	157	181	197	199	163	163	174	182	177	192	187	186	184	193	202	209	179	179	183	185	167	210	188	197	183	187	169	190	184	180	180	174	148	207	192	194	208	212	175	185	184	177	208	189	165	185.10416666666666	26
24	188	161	192	147	175	182	193	160	158	166	182	177	192	186	185	182	192	199	209	179	175	181	177	160	207	180	191	178	186	169	187	181	173	176	173	148	202	187	184	205	209	175	175	181	172	207	186	163	181.10416666666666	25
25	178	159	187	147	171	175	182	153	147	165	162	171	189	186	181	175	190	199	206	175	175	176	169	148	199	167	191	173	184	167	186	177	172	170	173	148	196	172	176	204	199	174	160	172	163	205	178	163	175.72916666666666	24
26	178	157	181	146	161	162	182	153	141	151	160	164	184	183	175	161	185	189	195	173	172	172	168	148	188	164	188	172	184	158	177	171	172	170	173	146	191	169	176	201	194	169	156	165	162	204	177	154	171.29166666666666	23
27	178	157	178	139	155	151	182	152	136	148	155	155	181	179	171	151	177	179	181	173	170	172	161	147	182	162	185	166	171	152	170	158	171	164	171	129	189	164	174	190	189	166	150	162	162	203	169	147	166.125	22
28	178	140	163	139	152	150	179	146	123	143	147	154	176	169	166	151	177	162	172	167	164	170	161	145	177	162	180	152	166	144	170	150	169	162	165	119	183	155	170	181	187	166	136	151	152	193	169	147	160.41666666666666	21
29	170	139	158	131	146	150	172	141	122	137	140	152	170	155	159	133	161	153	171	154	163	155	160	142	173	152	176	150	153	130	166	150	163	145	159	111	183	137	165	169	184	153	129	136	145	188	153	140	153.0	20
30	170	134	154	128	143	144	164	138	121	124	133	152	170	147	154	130	145	146	167	147	163	146	153	130	171	149	171	138	148	122	163	143	155	144	147	110	181	125	162	154	183	147	121	131	137	177	147	130	147.0625	19
31	168	121	149	112	141	137	155	134	118	120	132	148	166	139	138	117	140	133	161	132	152	140	139	123	167	147	166	138	142	121	147	135	140	141	142	107	168	125	162	141	176	139	101	130	131	170	144	126	140.02083333333334	18
32	159	108	143	109	125	136	154	133	100	119	127	145	160	132	136	115	132	118	150	123	150	139	136	123	147	136	154	135	133	113	140	125	140	140	135	107	148	117	149	141	162	125	100	122	126	163	136	125	133.14583333333334	17
33	155	104	143	108	125	133	149	130	99	111	111	129	155	115	136	111	129	111	134	120	149	138	120	115	141	131	140	134	124	113	134	113	132	126	131	107	138	111	143	130	147	115	100	115	116	156	133	123	126.72916666666667	16
34	149	103	143	105	117	125	129	130	96	103	103	127	147	113	117	98	126	107	115	111	140	137	117	115	134	115	125	129	118	113	115	108	132	123	114	92	137	107	141	130	138	111	100	108	106	150	127	123	120.1875	15
35	136	97	140	102	116	106	129	130	96	102	100	109	139	107	109	94	126	106	112	109	139	132	109	107	129	115	110	118	110	93	109	108	121	123	103	92	127	102	121	113	123	110	90	107	99	140	120	110	113.4375	14
36	128	92	127	91	106	106	122	130	88	97	99	92	129	106	109	82	108	93	108	102	133	129	107	100	127	106	102	109	109	85	109	94	115	123	102	82	110	93	115	102	115	106	83	106	78	136	112	104	106.39583333333333	13
37	118	84	109	90	90	92	118	121	79	90	92	78	117	105	100	72	102	84	105	94	125	122	100	95	118	99	86	107	100	77	101	80	114	114	101	78	109	92	104	92	110	100	76	98	77	120	108	101	98.83333333333333	12
38	111	73	105	83	87	84	117	114	68	89	91	68	101	101	81	71	97	77	93	84	112	122	88	90	113	91	68	96	100	73	96	76	97	103	97	77	104	92	95	90	93	95	68	91	77	116	90	97	91.70833333333333	11
39	97	64	96	83	69	81	117	97	58	81	81	68	88	99	72	70	82	62	87	83	112	101	87	90	104	91	61	88	82	67	85	66	90	96	94	71	101	88	95	81	92	86	59	83	71	112	82	94	84.66666666666667	10
40	86	49	85	77	59	81	106	96	43	81	78	68	85	79	70	68	75	61	80	82	97	92	85	82	97	87	61	68	71	59	76	58	90	89	85	68	98	82	89	61	81	83	58	79	62	101	74	85	77.64583333333333	9
41	67	48	83	73	52	68	88	92	42	77	71	60	81	79	62	52	75	58	79	72	87	82	73	77	88	67	60	59	64	51	65	53	79	70	78	55	79	65	70	61	81	71	48	72	56	82	73	84	69.35416666666667	8
42	61	37	72	68	45	66	79	89	42	64	62	49	71	72	51	49	59	44	74	65	84	76	66	61	82	60	52	52	55	33	63	49	66	55	71	41	70	62	68	53	80	65	44	68	38	81	58	84	61.583333333333336	7
43	41	34	64	66	35	61	76	73	35	56	53	42	71	68	44	48	41	44	74	43	75	70	56	61	72	53	46	51	49	28	53	39	45	48	71	30	60	39	61	50	74	63	39	62	20	64	57	68	53.604166666666664	6
44	34	34	59	60	32	61	69	58	29	56	43	32	50	58	39	41	40	38	60	40	74	50	44	52	55	45	39	43	32	21	44	27	37	46	59	19	46	28	51	47	55	48	25	60	17	58	43	48	44.708333333333336	5
45	23	17	40	39	24	54	60	58	26	40	42	22	30	51	39	41	23	30	50	39	54	49	40	31	40	45	20	34	14	11	34	19	29	38	58	19	46	27	45	42	54	38	18	39	17	57	35	45	36.375	4
46	14	17	18	15	14	34	40	36	18	20	42	20	27	51	35	31	14	26	42	34	38	34	32	23	39	42	20	28	6	11	34	14	24	21	44	18	37	26	37	32	36	32	18	33	15	51	20	42	28.229166666666668	3
47	8	16	2	14	1	31	31	17	17	17	37	11	14	44	34	23	14	18	21	23	28	23	17	9	26	29	19	16	3	8	23	6	12	15	24	15	28	25	36	25	36	25	11	33	15	28	16	33	20.354166666666668	2
48	7	9	1	8	1	20	11	14	8	8	22	1	4	20	21	11	11	16	13	1	14	13	11	8	18	21	16	12	0	4	3	0	3	12	8	7	6	14	16	14	16	14	6	11	10	6	16	11	10.354166666666666	1
49	0	0	0	0	0	0	0	0	0	0	0	0	0	0	0	0	0	0	0	0	0	0	0	0	0	0	0	0	0	0	0	0	0	0	0	0	0	0	0	0	0	0	0	0	0	0	0	0	0.0	0

