50.32716666666667
54.47016666666665
57.55783333333333
59.065166666666656
60.44299999999999
59.36016666666669
59.51816666666666
60.77349999999999
61.04783333333334
60.61583333333333
61.58783333333335
60.93766666666666
62.170166666666674
62.01300000000002
60.61916666666667
61.66466666666667
61.742333333333335
61.78733333333333
62.98299999999997
61.726333333333336
61.89366666666668
61.89166666666668
61.69366666666667
61.27333333333335
62.78316666666669
62.10533333333335
61.48416666666666
62.72216666666669
62.08999999999999
61.87033333333333
61.8395
62.49750000000002
62.94833333333334
63.38183333333335
63.024
61.97383333333332
62.765
62.88216666666666
62.93083333333335
62.617500000000014
63.26299999999999
62.675833333333344
63.24666666666666
62.474166666666676
62.45166666666666
62.997
63.24133333333334
63.08133333333333
63.26850000000002
62.40300000000002
63.61599999999999
63.12583333333335
62.62650000000001
62.9425
62.19333333333334
63.428
62.68216666666668
63.44700000000003
62.997
62.951499999999996
63.66433333333333
63.53633333333332
63.837833333333336
63.642999999999994
64.89516666666668
63.73549999999999
63.68933333333333
62.47766666666665
63.31049999999999
63.63283333333334
63.959833333333336
63.732333333333315
63.87183333333333
63.32599999999998
63.13083333333333
63.34333333333334
64.10866666666665
63.33199999999999
63.90283333333332
63.34833333333331
64.42816666666666
62.2075
62.71499999999999
62.741
64.24866666666665
63.54150000000002
63.74033333333333
63.33016666666668
63.23466666666665
63.532999999999994
62.74616666666667
62.419833333333315
63.38450000000001
63.712999999999994
63.910166666666676
63.13000000000002
63.28866666666667
63.90133333333331
63.46133333333335
62.94800000000001
63.86349999999997

