49.58616666666666
55.654666666666685
58.05033333333333
58.807999999999986
60.283500000000004
59.00583333333335
59.992999999999995
60.506000000000014
60.08399999999998
60.634166666666644
61.935333333333354
61.155666666666676
61.658166666666645
62.414
60.55033333333333
61.46916666666669
61.87533333333334
61.14283333333332
62.008166666666675
61.08033333333335
62.36883333333333
61.96816666666667
62.592000000000006
61.86683333333334
62.229500000000016
61.689166666666665
62.4775
62.60566666666668
62.66183333333334
62.43149999999997
62.01766666666665
63.45083333333334
64.08866666666667
63.57816666666667
63.67650000000001
63.04099999999997
61.88433333333333
62.628666666666675
63.04650000000001
62.114666666666665
63.99716666666667
62.22500000000001
62.585166666666666
63.784666666666666
63.38866666666666
63.45099999999999
63.33583333333331
63.453166666666675
62.326
61.73116666666666
61.42583333333332
62.7465
63.00916666666668
62.60616666666665
62.85616666666667
62.95449999999999
61.951999999999984
62.939166666666644
62.60666666666667
62.608333333333356
62.97983333333333
63.03049999999999
63.22433333333331
62.094666666666654
61.811166666666665
62.135
63.0155
63.49999999999999
62.342666666666666
61.88149999999999
63.129166666666656
61.80466666666668
62.17266666666666
62.726500000000016
63.404500000000006
62.390499999999996
62.42016666666667
61.216999999999985
62.74566666666666
62.61166666666666
63.8205
62.83500000000001
62.15083333333333
63.392
62.76183333333334
61.880500000000005
62.07733333333334
60.328333333333326
63.11816666666667
62.61916666666668
61.90499999999999
61.99933333333334
62.11899999999999
62.56916666666664
63.32399999999999
62.608166666666676
62.49066666666666
62.38283333333331
62.743833333333335
62.94666666666669
62.82166666666667

