49.738888888888916
59.23107638888888
61.628819444444446
63.27673611111112
65.41423611111112
67.03784722222221
68.27621527777775
67.61822916666665
67.88472222222222
68.23142361111113
68.86579861111112
69.08663194444445
68.88420138888888
69.06979166666665
68.42204861111108
69.61527777777778
70.63836805555557
71.41527777777777
71.43819444444445
70.06059027777776
70.71475694444443
70.05295138888887
71.13142361111113
69.76597222222219
70.41093750000003
70.03697916666668
70.21319444444447
70.55746527777778
70.6873263888889
70.10052083333333
70.16909722222222
68.88940972222224
69.84895833333333
70.17500000000001
71.36302083333332
70.90833333333333
68.84965277777779
69.11458333333333
67.86666666666667
67.8138888888889
68.50329861111112
68.42743055555557
68.23836805555555
69.36788194444443
69.29062499999998
69.31180555555557
69.55798611111112
69.240625
69.15694444444443
70.03038194444444
69.8260416666667
69.19652777777779
69.26093750000001
69.6185763888889
68.7895833333333
69.77343750000001
67.49444444444444
67.75677083333333
69.19878472222223
68.85034722222223
69.27725694444445
68.33975694444443
69.12552083333333
68.8970486111111
70.17725694444444
69.2578125
68.15885416666664
68.41857638888888
68.8625
68.5314236111111
67.4861111111111
69.15069444444445
70.48124999999999
69.5484375
69.08402777777778
69.12690972222222
68.65243055555554
68.29496527777776
67.82760416666666
68.19114583333334
68.56423611111111
67.98940972222223
67.96944444444443
67.56024305555557
68.33385416666665
68.06388888888887
68.21440972222221
68.80069444444442
68.51197916666666
68.68923611111111
68.54184027777777
68.81996527777777
68.47725694444445
69.13888888888889
68.9828125
69.36024305555554
69.88628472222221
68.12517361111111
68.66944444444445
69.14444444444445
68.19756944444445

