# Extinction sequence for 721 applications  and 247 platforms.
# This is the data and average for 50 different extinction sequences.
0	721	721	721	721	721	721	721	721	721	721	721	721	721	721	721	721	721	721	721	721	721	721	721	721	721	721	721	721	721	721	721	721	721	721	721	721	721	721	721	721	721	721	721	721	721	721	721	721	721	721	721.0	247
1	721	715	721	721	716	721	721	717	720	717	721	717	721	721	721	721	721	721	721	721	719	721	719	718	719	718	720	716	721	721	721	721	715	721	717	718	715	721	721	718	721	716	721	721	721	718	721	721	721	721	719.56	246
2	720	715	716	718	716	719	721	717	720	717	717	717	719	721	716	721	719	721	721	721	719	721	714	718	719	718	720	716	717	716	721	716	714	717	717	717	715	721	721	715	721	713	721	715	721	718	721	721	721	718	718.28	245
3	712	709	716	718	716	719	721	709	718	715	717	717	714	721	711	719	719	721	720	721	715	721	714	711	716	716	720	712	717	712	720	716	706	717	717	716	715	721	721	715	716	713	721	715	719	718	721	721	721	718	716.68	244
4	712	708	715	718	707	718	716	708	718	715	713	717	714	715	711	714	718	719	714	719	709	721	714	708	716	713	720	712	717	712	720	716	701	708	717	709	714	718	710	707	713	707	721	711	717	718	720	718	714	718	714.16	243
5	706	708	710	715	707	718	713	701	718	714	713	713	713	715	708	707	717	719	714	719	709	721	706	703	716	713	718	707	717	712	711	712	697	708	717	709	711	718	710	705	713	707	721	711	717	710	720	718	714	715	712.28	242
6	694	706	702	711	700	718	713	698	718	711	713	713	707	715	708	698	713	718	714	712	708	719	706	703	716	713	716	707	717	712	707	709	693	708	712	708	707	718	710	705	713	698	718	711	717	705	720	714	711	707	709.8	241
7	693	701	697	711	700	717	713	691	716	710	713	713	707	711	708	698	713	715	714	712	708	719	703	697	716	711	716	705	717	707	706	709	693	708	709	708	707	718	710	705	710	698	718	710	710	705	713	714	711	702	708.32	240
8	693	701	696	709	697	712	710	691	709	710	710	713	707	711	701	698	713	715	707	707	708	719	703	693	716	711	716	703	717	707	701	709	692	701	709	708	707	718	710	705	710	696	718	710	706	697	710	714	710	694	706.56	239
9	693	696	695	709	697	710	710	688	709	710	709	713	707	703	697	694	713	715	707	704	708	719	700	693	716	711	714	703	717	707	701	709	691	701	709	703	704	718	710	705	710	694	713	708	706	697	710	714	707	694	705.42	238
10	693	689	692	701	691	703	710	688	709	710	709	713	707	703	697	686	713	714	707	701	708	719	696	684	716	711	713	703	717	707	701	704	691	697	706	698	700	709	708	701	705	694	712	708	706	697	708	710	704	694	703.26	237
11	692	689	692	701	683	703	707	687	709	702	709	711	707	703	696	678	707	709	707	698	706	719	696	682	716	711	713	700	717	702	701	704	688	693	706	697	700	704	708	701	705	694	708	705	706	697	708	705	704	694	701.6	236
12	689	688	689	695	683	703	704	686	706	702	709	711	707	702	696	678	702	708	706	697	706	719	693	677	705	707	713	694	717	700	698	704	687	693	706	691	700	697	707	699	705	694	708	705	706	697	705	705	701	694	699.88	235
13	689	688	688	695	683	696	704	686	706	702	709	711	707	697	696	678	702	706	706	696	706	719	693	677	697	698	704	694	712	697	693	704	685	693	700	691	700	685	707	699	705	694	705	700	706	697	705	702	695	691	697.98	234
14	689	688	688	695	681	692	693	686	702	702	704	711	707	696	695	678	698	706	701	696	706	717	688	677	693	696	704	694	711	695	693	697	681	686	695	691	697	682	702	699	699	694	705	699	705	697	699	702	688	691	695.82	233
15	689	686	688	685	677	688	690	686	701	702	704	709	701	696	695	678	695	706	701	691	706	717	688	673	691	696	703	689	711	695	693	697	681	685	694	691	692	682	702	697	699	694	705	699	705	691	698	702	688	688	694.4	232
16	684	679	679	685	669	680	690	686	696	698	704	709	691	696	695	678	695	703	701	691	703	714	686	671	691	696	703	688	711	695	690	695	680	683	694	691	690	680	699	697	699	694	705	699	705	685	693	702	681	680	692.18	231
17	684	677	679	684	669	678	685	686	696	698	704	709	688	696	687	678	687	700	701	688	703	711	683	671	686	696	703	688	709	692	690	695	673	682	694	691	688	678	698	697	699	689	701	699	703	682	688	699	681	680	690.46	230
18	683	677	675	682	663	673	682	680	696	697	702	703	688	691	684	678	687	700	691	688	703	706	680	664	686	695	703	687	708	690	690	691	673	679	690	691	688	677	693	697	699	689	696	699	697	678	687	699	677	678	688.2	229
19	680	673	675	680	662	673	682	679	689	697	702	700	688	691	684	674	687	700	691	688	702	706	676	664	682	695	703	687	701	690	689	691	667	679	690	691	688	677	693	697	699	688	693	696	693	673	687	699	675	675	686.82	228
20	680	668	675	680	662	667	682	677	685	692	700	688	688	691	684	674	682	700	687	688	702	705	676	664	675	695	703	687	701	686	684	691	664	676	690	685	688	677	691	696	699	688	686	696	690	672	687	699	675	675	685.06	227
21	680	668	675	680	659	667	682	677	685	692	700	680	683	689	684	674	673	700	687	685	702	703	676	661	675	695	703	687	701	686	676	691	655	676	690	685	688	673	691	696	699	688	686	696	688	672	687	699	674	675	683.88	226
22	680	665	669	671	659	667	682	676	678	692	700	679	680	689	684	674	672	700	687	685	702	703	674	661	668	695	700	684	700	686	673	685	648	673	688	684	684	673	691	695	692	686	680	688	688	672	677	690	671	670	681.4	225
23	678	665	661	671	659	667	682	673	678	692	695	679	677	683	683	674	668	695	681	685	702	703	674	661	668	683	695	682	700	677	673	684	648	673	684	680	678	673	688	695	691	684	674	688	682	665	671	685	667	664	678.76	224
24	673	662	661	660	659	664	678	667	677	686	695	679	677	678	683	674	664	695	679	685	701	699	671	661	664	679	695	682	700	668	672	680	647	673	684	680	678	671	688	695	691	680	672	688	682	664	671	683	667	664	676.92	223
25	671	657	661	656	659	663	674	667	677	686	689	679	677	678	681	669	661	695	679	685	697	699	671	661	664	674	686	682	700	667	670	673	647	673	683	680	678	671	688	695	691	679	672	688	682	658	671	683	667	664	675.56	222
26	671	655	661	656	656	657	673	667	677	686	689	677	676	678	680	669	661	695	675	685	697	693	664	661	662	669	686	682	700	667	668	673	647	671	678	680	678	671	684	695	691	679	672	686	676	652	671	683	667	664	674.22	221
27	670	655	658	653	656	657	673	666	677	686	684	677	664	678	680	667	661	689	667	676	697	693	661	656	662	666	682	682	700	666	668	673	647	671	678	680	678	671	681	691	689	671	671	683	676	649	671	683	664	663	672.34	220
28	670	651	658	652	652	656	673	665	677	686	680	677	664	674	680	667	661	683	667	673	697	690	659	656	661	666	682	682	700	666	659	673	647	671	678	679	669	671	681	691	689	671	664	672	676	649	666	682	661	663	670.74	219
29	670	644	658	645	652	653	673	665	666	686	680	677	660	674	678	664	661	683	667	670	694	690	655	656	661	666	679	682	697	666	654	673	647	671	674	679	668	671	676	691	688	666	664	665	675	646	660	679	654	662	668.7	218
30	670	634	658	645	647	647	673	665	666	683	680	677	660	674	678	660	661	683	667	670	694	686	655	655	661	658	677	680	695	659	654	673	647	671	674	671	668	665	671	691	687	665	664	665	675	637	660	679	654	653	666.84	217
31	670	634	655	645	647	647	673	656	657	682	680	677	655	667	673	660	661	683	656	670	694	683	655	655	661	658	671	680	695	658	654	669	647	665	674	671	668	665	671	691	687	665	657	664	675	637	658	670	653	653	665.04	216
32	670	632	651	638	647	647	669	656	657	682	673	675	652	667	673	660	658	683	656	670	693	675	655	655	661	657	671	676	695	647	654	669	647	665	674	671	666	665	671	691	687	662	653	658	669	637	658	670	652	653	663.46	215
33	670	632	646	638	646	647	666	652	657	682	672	673	652	660	667	656	652	683	656	668	693	670	651	655	655	656	671	676	695	644	653	666	647	659	674	663	666	658	671	688	687	662	643	658	669	635	657	665	652	646	661.2	214
34	670	632	646	636	646	647	663	652	657	680	671	667	642	660	667	656	652	683	649	668	690	669	651	649	655	652	671	672	695	635	646	666	647	659	674	663	666	655	669	681	687	662	643	655	666	628	657	665	643	642	659.14	213
35	669	632	645	636	646	647	658	652	657	673	671	658	642	657	665	656	652	683	649	663	690	669	646	638	650	647	671	672	691	631	641	666	646	659	674	659	660	654	667	681	687	662	643	655	666	620	657	664	638	642	657.14	212
36	669	632	642	636	646	641	654	646	657	673	671	654	642	657	661	656	650	683	647	663	690	669	639	638	644	647	668	666	691	624	640	664	645	659	668	659	660	654	667	681	687	662	643	653	666	616	657	664	638	642	655.62	211
37	669	632	632	636	646	637	654	634	653	673	671	654	641	655	660	656	644	683	647	663	690	669	639	638	643	647	666	665	691	621	640	664	644	659	667	652	660	654	667	675	684	662	643	653	663	616	657	664	638	640	654.22	210
38	669	631	632	633	643	634	652	632	653	664	670	651	637	655	658	656	644	683	647	661	684	669	639	637	642	647	663	665	691	621	640	662	639	650	662	652	660	654	665	673	684	662	632	646	660	615	657	662	631	640	652.18	209
39	669	631	632	625	643	634	651	629	653	664	670	650	637	652	658	656	644	676	647	661	679	666	639	637	635	647	658	661	691	621	639	662	639	648	661	646	659	651	664	673	681	654	632	646	658	608	657	660	631	640	650.5	208
40	667	623	623	625	637	633	650	625	653	664	670	645	635	649	658	656	644	672	638	656	677	666	627	637	635	640	658	661	691	621	636	661	639	648	658	644	659	650	661	672	675	650	631	645	658	608	657	654	623	638	648.06	207
41	664	623	618	624	637	633	642	624	648	657	670	645	635	649	658	656	643	667	632	654	673	665	621	635	635	633	658	656	688	613	636	661	639	648	658	642	659	650	661	668	675	649	624	645	658	608	650	654	623	631	645.9	206
42	664	623	616	624	637	629	642	619	648	657	670	644	635	649	655	653	643	667	632	649	673	664	618	634	635	633	655	656	685	605	634	661	634	648	658	638	655	650	661	662	670	649	618	645	658	607	650	654	618	626	644.2	205
43	661	623	616	624	631	629	633	615	648	654	666	644	635	649	652	647	640	665	632	645	669	664	618	634	635	633	648	656	685	605	634	656	634	648	655	630	648	649	661	660	665	649	611	645	657	607	650	654	618	626	642.26	204
44	655	617	613	624	626	629	626	615	648	654	666	641	635	642	652	645	640	665	622	645	667	664	618	633	635	633	648	651	685	605	634	656	627	648	651	630	645	642	661	660	660	649	604	645	652	602	643	654	616	626	640.08	203
45	655	614	607	624	626	629	626	609	645	654	660	641	635	642	652	645	633	660	622	639	667	664	618	633	634	633	645	650	685	605	634	656	624	648	651	630	645	642	661	660	660	646	600	639	652	598	643	654	607	626	638.56	202
46	655	614	600	623	626	629	620	606	645	647	660	641	635	642	648	645	633	660	622	639	667	661	618	633	634	622	637	650	685	605	634	656	624	643	643	630	639	642	655	660	652	646	598	633	652	594	643	654	600	626	636.52	201
47	655	614	600	623	626	626	620	606	642	647	660	641	635	640	648	643	628	655	622	639	667	661	614	633	634	614	637	650	685	601	634	649	624	643	643	630	635	638	655	660	649	645	598	632	645	594	643	654	600	626	635.26	200
48	655	614	600	622	620	626	620	606	637	640	658	641	635	640	643	643	628	653	612	632	667	661	614	633	634	614	637	643	679	601	627	642	616	643	643	625	632	638	655	657	644	638	598	628	639	594	636	654	600	619	632.72	199
49	653	614	597	616	619	621	620	606	629	639	658	635	634	634	643	643	616	653	609	631	667	661	611	630	631	614	637	640	679	601	623	638	609	642	641	621	632	634	650	649	639	630	598	628	636	594	630	654	600	614	630.06	198
50	651	614	597	613	617	621	616	599	623	636	657	634	634	631	639	642	616	650	601	631	667	658	606	630	631	614	632	639	671	600	623	638	609	637	641	617	632	632	644	643	639	630	596	628	636	589	630	646	600	614	627.88	197
51	651	614	597	610	616	621	616	599	623	634	647	634	633	631	639	638	614	647	593	631	667	654	606	626	631	614	629	636	668	600	623	634	604	633	637	617	624	632	641	641	639	630	596	627	631	589	630	639	593	614	625.86	196
52	650	614	593	610	611	621	616	599	623	629	644	634	630	625	639	638	613	647	587	630	662	651	606	626	627	612	627	636	668	600	623	634	603	633	626	617	624	632	635	641	639	630	596	622	629	587	630	639	592	614	624.28	195
53	650	610	593	609	608	616	610	599	623	629	643	629	625	625	637	638	607	645	584	630	661	651	600	621	627	607	627	636	668	596	622	633	599	631	621	605	622	628	630	637	639	622	596	622	623	587	630	638	585	614	621.76	194
54	648	610	583	609	608	616	610	599	623	629	643	628	625	625	635	638	605	644	581	630	659	651	600	612	618	607	627	635	665	596	616	630	599	631	621	603	622	621	627	636	639	622	596	616	620	586	627	634	585	608	619.96	193
55	648	610	575	607	608	616	610	599	616	629	632	628	625	622	635	629	602	644	579	630	659	644	595	612	618	600	622	628	659	596	607	623	594	628	618	603	622	620	627	636	639	622	593	616	620	586	627	634	583	608	617.66	192
56	642	610	575	601	605	616	610	599	613	623	626	628	619	619	633	626	602	644	579	620	659	644	595	612	610	600	622	628	659	592	607	620	591	627	617	593	622	620	627	630	635	622	592	615	620	586	627	625	577	608	615.44	191
57	642	610	575	601	598	616	610	595	611	622	623	628	619	619	627	623	602	644	579	609	658	643	595	612	607	600	622	628	659	583	600	620	587	627	617	588	619	620	626	626	635	620	592	611	619	586	617	618	577	608	613.46	190
58	637	604	575	601	598	616	605	595	611	622	623	628	619	619	627	623	602	644	579	609	657	641	595	610	598	600	614	628	655	578	593	620	581	627	617	587	619	620	625	626	635	620	592	608	619	582	612	618	577	608	611.98	189
59	637	603	570	597	594	616	605	595	604	622	616	628	619	619	627	623	602	637	579	605	657	641	592	606	598	599	614	628	655	567	588	619	580	627	617	587	618	615	625	625	633	619	592	608	615	582	612	614	577	604	610.24	188
60	637	603	570	593	594	609	605	595	604	615	615	628	615	616	625	616	602	635	577	602	657	641	592	597	598	599	614	628	655	560	586	619	580	627	613	587	610	615	625	625	627	617	592	607	615	582	608	613	577	595	608.34	187
61	634	603	570	593	586	609	605	591	603	613	609	628	606	616	624	616	602	635	577	602	652	641	592	591	598	598	614	625	655	560	586	619	579	626	613	581	609	612	625	624	627	617	592	598	610	582	608	606	572	594	606.56	186
62	634	603	568	593	586	601	597	590	603	613	602	628	603	616	620	616	597	628	574	599	652	639	592	587	597	597	611	625	655	560	586	614	578	611	609	581	601	607	623	617	619	610	587	597	605	575	608	606	572	594	603.72	185
63	634	603	568	589	586	601	597	590	594	613	597	628	603	616	619	616	597	628	574	594	652	639	580	586	594	597	611	625	654	551	586	614	578	611	609	581	601	607	623	616	619	610	587	593	602	575	608	600	563	589	602.16	184
64	634	603	568	589	586	601	597	590	594	613	597	628	603	616	617	616	597	623	572	589	652	639	573	584	594	597	611	625	654	548	583	614	578	611	606	580	600	603	621	616	619	610	585	593	600	575	607	598	560	589	601.16	183
65	627	603	568	586	575	596	594	590	584	605	597	628	603	613	609	616	597	619	572	589	652	639	573	584	594	593	602	625	650	546	583	614	578	609	606	576	600	603	610	616	619	605	581	588	600	571	607	593	559	589	598.72	182
66	627	591	568	582	575	596	590	590	579	602	594	628	603	613	608	604	597	619	569	585	648	635	573	579	590	593	602	617	649	546	583	614	578	609	606	572	600	603	607	616	619	595	581	584	600	566	605	589	556	589	596.48	181
67	624	591	561	581	571	596	589	585	579	602	594	628	600	613	608	602	591	619	564	585	645	633	573	575	590	589	599	615	643	546	582	614	570	609	604	572	595	603	600	616	614	586	581	580	600	566	605	589	556	581	594.28	180
68	618	591	561	581	571	596	581	585	578	602	594	624	596	613	603	598	591	612	560	585	645	625	572	575	589	589	599	615	637	544	575	614	570	609	604	572	595	594	590	616	613	586	581	574	590	566	605	589	556	581	592.2	179
69	618	587	561	581	571	596	573	578	571	602	586	624	596	609	603	598	587	606	560	585	643	618	572	575	589	589	599	615	637	544	573	610	569	609	603	572	591	589	587	616	613	579	572	574	584	566	604	589	552	581	590.12	178
70	613	574	555	579	570	593	564	578	570	594	578	624	591	604	603	591	587	602	560	574	639	618	572	575	589	589	593	609	630	544	572	600	568	609	597	572	591	585	587	615	613	579	572	573	584	566	602	589	551	581	587.36	177
71	607	574	545	579	570	587	564	572	565	594	578	620	591	604	603	591	580	602	554	574	635	618	564	575	584	589	593	606	625	544	567	593	568	609	597	568	580	585	587	615	608	579	571	566	581	566	602	589	551	581	585.0	176
72	607	574	545	579	568	587	564	572	565	594	571	620	586	604	602	591	580	602	554	574	631	608	561	575	584	583	593	606	613	537	564	593	567	609	591	568	580	584	586	615	604	579	571	566	580	561	602	589	551	575	583.3	175
73	606	574	545	579	566	575	556	567	564	594	571	620	586	604	595	587	571	595	554	574	620	605	561	575	583	573	586	606	613	530	559	587	567	609	591	565	580	576	576	611	604	577	571	561	580	561	601	589	545	575	580.4	174
74	606	574	541	579	565	575	547	567	564	594	565	609	583	604	590	581	571	595	549	567	620	605	561	575	578	573	586	606	610	530	555	587	567	603	591	565	580	572	576	611	595	577	571	561	580	561	601	589	545	575	578.64	173
75	606	570	534	572	565	575	547	567	564	593	562	609	573	604	590	581	570	595	549	567	619	605	561	575	577	573	586	606	610	526	555	587	567	603	590	565	574	571	576	610	587	576	571	558	580	561	597	585	545	575	577.28	172
76	602	570	532	572	564	575	536	567	554	592	562	609	567	604	587	575	559	590	544	567	619	601	561	574	576	573	582	606	606	522	553	576	567	603	586	565	566	571	576	610	584	576	570	548	580	560	597	579	545	574	574.68	171
77	591	570	529	572	563	575	531	564	554	591	558	609	566	604	579	575	559	590	538	567	619	601	556	569	569	573	578	606	606	522	551	573	567	600	586	556	566	570	573	610	581	575	570	542	580	557	597	576	542	570	572.52	170
78	591	570	527	572	559	575	529	564	554	585	557	609	566	604	579	567	555	586	538	563	619	601	556	563	569	572	576	599	604	522	548	572	567	600	579	549	564	557	573	601	574	570	565	542	569	549	586	570	542	570	569.56	169
79	588	566	527	572	559	570	529	564	554	585	557	603	566	604	573	567	549	583	538	563	619	593	556	563	569	564	576	596	599	522	548	564	567	600	573	549	564	557	573	601	567	562	557	542	569	548	586	567	542	570	567.6	168
80	585	555	523	561	555	566	529	556	554	578	557	595	566	604	573	564	549	583	528	552	611	593	556	563	569	561	569	596	599	519	548	561	567	595	568	549	557	557	573	595	567	562	556	537	568	548	573	565	542	570	564.54	167
81	585	553	515	561	555	566	524	553	554	572	557	595	566	604	573	564	549	583	523	545	611	593	556	563	569	561	569	596	592	515	548	561	567	591	567	549	555	557	573	593	567	562	556	537	568	547	573	556	530	567	562.92	166
82	585	553	515	557	555	565	524	553	548	570	557	595	564	603	568	549	548	583	516	545	603	589	556	563	569	556	569	586	590	515	548	561	567	590	560	549	554	553	573	593	562	555	552	531	568	546	572	556	521	567	560.54	165
83	585	548	508	549	555	565	523	553	548	564	557	595	564	603	568	534	548	583	512	537	592	589	555	563	569	556	561	577	590	507	546	561	567	590	548	549	542	553	573	593	559	555	550	530	568	545	572	548	521	566	557.88	164
84	577	548	508	549	555	565	523	550	548	564	557	587	559	601	567	534	548	583	512	537	592	580	552	563	564	556	561	573	590	507	538	561	567	589	548	549	542	553	572	587	557	552	546	530	568	545	570	546	521	566	556.34	163
85	577	536	507	549	548	562	512	541	548	564	557	585	559	597	567	534	548	575	506	530	590	580	552	563	564	553	561	570	584	507	531	561	567	586	548	549	538	546	572	585	557	548	544	530	566	540	570	546	521	566	553.94	162
86	572	535	501	549	548	555	504	540	543	563	557	579	559	597	567	534	542	572	506	530	589	579	552	563	563	550	559	570	584	507	526	558	567	586	548	549	538	546	572	580	556	548	544	530	566	528	570	538	510	565	551.88	161
87	572	532	501	549	543	555	496	531	543	559	557	579	559	591	567	526	542	568	506	529	579	579	552	560	563	550	551	566	575	498	523	557	558	586	548	545	532	546	557	580	555	536	543	530	554	527	570	538	510	565	548.76	160
88	572	532	501	548	543	547	496	524	541	559	557	579	559	591	567	520	534	555	503	516	579	574	549	558	563	550	551	564	567	498	523	557	558	583	543	545	531	546	557	580	553	531	537	526	554	527	567	537	509	565	546.52	159
89	572	532	501	541	543	541	496	520	534	559	553	571	559	591	567	520	534	548	503	516	579	571	549	557	563	543	551	564	567	498	515	549	552	583	534	544	531	541	557	579	546	531	535	526	554	527	559	537	507	565	544.3	158
90	562	525	501	541	543	541	496	520	534	559	553	571	550	591	567	516	526	547	503	516	574	564	549	557	559	536	546	562	558	497	515	542	552	576	526	538	530	536	557	576	546	531	535	526	553	527	559	536	507	565	541.94	157
91	562	525	500	540	543	540	496	520	534	553	553	571	542	591	566	516	525	547	492	516	565	556	549	557	549	528	546	562	552	493	515	542	545	575	526	524	530	536	554	563	543	531	530	526	553	527	554	527	507	565	539.24	156
92	553	525	500	540	543	536	496	515	530	553	553	565	542	591	566	516	525	547	492	511	564	556	549	555	543	528	541	562	551	493	504	532	545	575	526	518	520	533	554	563	543	526	530	522	553	527	547	527	506	564	537.12	155
93	551	525	500	540	536	536	496	515	529	550	553	562	542	588	556	516	523	543	488	511	564	556	549	552	542	528	541	562	544	493	504	531	540	575	526	518	519	532	549	562	543	526	530	522	553	527	543	527	505	564	535.74	154
94	544	520	498	536	524	536	496	512	529	547	552	562	542	586	556	516	518	538	488	508	564	546	549	552	542	528	541	562	543	484	504	531	535	575	525	518	519	532	549	562	543	526	530	515	547	524	536	527	505	556	533.56	153
95	544	513	494	536	513	536	496	511	529	547	552	562	533	577	555	516	518	538	486	508	564	542	549	552	542	524	541	561	532	482	504	521	527	566	515	507	519	532	549	559	543	526	530	506	540	524	536	527	505	548	530.74	152
96	544	503	494	528	505	533	496	505	526	547	552	549	533	571	552	505	507	535	486	500	560	541	549	552	542	524	532	561	524	481	489	520	527	566	515	502	515	532	549	559	543	526	530	506	540	523	535	527	495	548	527.68	151
97	544	493	488	528	505	533	496	505	521	544	551	543	533	571	552	505	507	531	485	500	551	540	549	552	542	523	532	561	523	473	483	520	527	563	510	502	515	525	540	559	539	520	530	497	537	513	534	523	486	548	525.04	150
98	542	493	488	528	505	524	487	499	521	544	551	540	533	571	544	504	507	531	485	500	545	540	549	552	535	513	532	561	520	468	472	520	527	554	510	498	508	516	537	559	529	519	520	490	536	512	533	523	486	543	522.08	149
99	540	493	484	528	504	524	487	499	521	544	551	535	533	568	544	499	500	522	485	500	535	540	541	548	528	513	532	557	520	461	472	520	527	554	510	494	508	516	536	547	527	519	520	481	526	512	532	518	486	536	519.54	148
100	533	487	483	524	496	524	484	494	512	544	551	535	523	566	544	496	496	519	481	497	532	530	540	548	520	513	530	557	520	461	472	512	527	554	510	494	504	516	529	547	527	516	517	478	518	512	532	518	485	523	516.62	147
101	533	479	483	523	492	520	484	494	500	533	551	527	523	566	535	488	487	512	481	494	522	519	531	548	520	508	524	550	520	448	467	511	523	554	510	488	501	507	527	546	523	516	510	478	518	512	530	512	477	522	512.54	146
102	533	479	483	523	492	520	480	491	500	533	540	525	515	566	524	480	487	512	480	494	522	519	531	541	519	508	524	550	520	448	467	498	523	554	504	483	488	507	524	538	523	511	510	478	517	507	530	502	472	514	509.78	145
103	532	479	478	523	483	512	477	491	500	533	540	516	507	566	524	474	481	507	475	494	522	519	531	538	519	497	524	546	520	448	462	491	523	545	499	483	488	507	524	538	517	510	499	478	517	507	530	499	472	514	507.18	144
104	531	473	474	523	483	501	471	491	500	533	540	516	504	559	524	471	478	506	472	494	522	519	518	538	519	497	519	546	520	448	462	486	523	545	499	478	486	503	521	538	515	500	499	469	516	499	529	496	472	514	504.8	143
105	531	473	466	523	483	496	471	491	500	533	534	510	504	555	524	464	478	496	468	494	522	519	513	534	515	497	515	546	515	447	454	485	522	545	499	478	486	503	521	538	512	500	489	469	516	499	529	494	472	514	502.84	142
106	531	467	461	522	482	496	471	491	498	533	534	510	504	551	516	463	472	493	467	494	510	519	512	534	515	496	515	546	515	447	454	484	522	544	499	478	486	503	517	538	512	493	489	463	516	490	528	491	472	514	501.16	141
107	531	467	453	522	474	494	467	480	498	533	528	510	504	551	516	463	469	483	467	494	502	519	508	534	515	494	513	546	515	436	454	482	522	544	499	478	478	503	517	538	511	493	489	463	515	490	523	491	472	514	499.24	140
108	531	459	453	522	474	494	467	480	493	533	527	509	493	545	503	463	469	483	467	486	496	519	508	532	504	488	513	546	506	425	444	480	516	538	492	474	478	495	511	530	509	492	481	463	515	490	518	488	472	511	495.7	139
109	531	459	449	518	474	494	456	480	493	533	524	509	493	539	503	463	462	483	461	486	496	515	507	532	503	481	513	539	498	421	443	480	516	538	492	471	478	495	511	522	509	492	481	462	515	490	513	488	472	506	493.78	138
110	523	451	449	518	469	488	454	477	493	527	519	499	493	531	503	453	461	473	461	486	493	512	507	532	499	481	513	530	498	421	433	480	515	534	492	471	477	494	510	517	509	485	481	462	509	489	513	483	467	495	490.6	137
111	523	451	449	516	469	482	454	477	493	520	511	493	493	530	502	453	461	473	450	478	493	502	507	532	497	481	513	523	498	418	433	480	514	534	492	471	468	494	505	517	509	485	481	462	504	483	510	482	467	495	488.56	136
112	523	451	449	507	469	472	454	469	484	516	505	489	493	527	502	453	461	473	437	478	493	502	506	529	497	481	511	523	498	418	433	480	509	533	488	471	464	494	494	502	509	485	481	462	504	483	509	474	467	495	486.14	135
113	523	451	448	507	469	472	454	468	484	516	497	481	490	526	501	453	461	472	437	473	488	500	506	528	497	477	507	519	488	408	425	468	505	532	483	471	464	494	485	502	506	485	481	462	494	483	509	474	467	495	483.72	134
114	523	445	445	507	469	471	454	468	484	516	487	481	489	522	501	452	461	472	437	470	487	500	506	517	495	477	507	519	488	397	425	459	503	527	483	463	464	494	481	502	505	485	481	462	490	475	509	464	462	489	481.4	133
115	520	442	437	500	469	464	454	468	479	516	485	481	480	517	499	452	461	472	437	456	487	500	493	512	481	477	507	511	488	388	425	451	491	527	483	463	464	486	479	502	505	485	481	462	490	475	509	463	462	489	478.5	132
116	520	442	436	493	469	464	454	468	479	516	485	474	479	517	489	452	461	462	437	456	477	491	493	512	478	475	507	500	476	388	412	448	490	522	477	452	458	486	479	501	495	485	481	457	489	472	509	463	452	489	475.34	131
117	515	432	429	490	469	452	454	468	478	515	484	471	479	512	487	452	461	462	436	453	477	491	486	512	478	466	507	500	476	388	412	448	490	522	466	448	455	486	470	490	495	475	481	457	489	466	506	463	451	489	472.78	130
118	515	432	429	490	456	452	454	468	467	506	484	471	479	508	487	441	460	460	436	447	477	491	486	508	477	466	504	500	476	388	412	448	490	512	466	444	455	485	470	490	494	462	476	457	486	463	506	463	448	488	470.6	129
119	510	431	418	487	456	448	454	468	467	506	481	469	476	508	487	429	452	460	428	447	477	491	485	508	477	455	504	492	471	388	412	448	478	500	466	444	453	485	466	490	491	462	474	457	486	463	506	463	448	488	468.2	128
120	510	428	413	487	456	448	454	462	460	500	481	459	476	508	487	419	438	460	428	447	471	485	480	503	474	455	504	482	471	387	408	448	478	500	463	444	453	477	466	490	485	462	464	457	476	459	506	460	448	488	465.3	127
121	510	418	406	487	455	448	450	462	460	496	481	459	472	507	480	419	438	460	420	447	471	485	480	498	474	449	499	482	463	383	408	448	475	499	458	436	453	473	466	482	480	462	464	447	476	459	502	460	448	483	462.76	126
122	503	417	406	486	455	440	450	459	460	495	471	459	467	506	480	418	438	460	420	447	471	485	473	498	474	449	496	473	463	383	408	448	473	499	458	436	453	469	466	482	470	456	464	447	475	453	502	460	447	479	460.94	125
123	503	417	406	483	445	434	450	459	460	491	471	459	467	506	479	418	438	460	420	447	470	485	465	491	462	449	482	473	459	383	408	448	473	499	458	436	453	469	466	482	470	455	460	444	475	450	499	460	442	477	459.12	124
124	503	417	406	480	445	434	450	459	452	478	470	451	462	504	476	418	438	457	420	447	458	485	462	481	462	443	482	472	456	371	408	448	473	498	457	426	453	469	466	480	470	452	460	444	475	450	497	453	442	477	456.74	123
125	503	417	406	480	443	427	446	451	452	473	469	450	457	503	476	418	435	449	418	447	450	485	461	481	461	443	482	472	456	371	397	442	473	498	457	426	453	469	466	472	461	443	458	439	468	450	497	453	434	477	454.3	122
126	502	417	406	480	443	427	446	451	451	470	469	438	456	503	469	413	435	440	416	447	450	484	458	476	461	441	476	472	456	371	397	432	473	498	457	426	453	469	466	464	447	438	452	439	468	439	497	451	429	469	451.76	121
127	502	415	406	480	439	426	435	444	451	463	469	438	456	503	469	399	435	440	411	441	439	481	458	471	459	441	475	459	456	371	397	427	473	498	457	426	453	468	461	455	447	433	452	436	468	433	497	450	429	461	449.06	120
128	502	415	395	480	425	426	434	435	451	459	469	437	453	503	464	390	430	435	411	440	428	481	458	471	459	441	465	453	456	371	397	427	468	495	454	425	442	468	458	454	441	426	451	428	465	431	490	450	429	461	445.94	119
129	501	404	395	480	419	426	432	435	451	452	469	437	453	503	461	390	428	435	411	440	428	481	443	471	459	441	464	453	452	365	396	427	467	495	453	425	442	468	445	448	432	420	451	428	462	427	487	445	429	461	443.74	118
130	490	404	395	480	419	426	432	429	450	444	457	436	453	498	455	386	418	435	411	431	428	480	442	471	459	431	455	453	449	351	396	418	461	492	449	418	442	468	445	448	432	420	451	428	458	427	476	435	428	461	440.42	117
131	490	404	395	480	419	426	432	422	442	442	457	427	449	486	452	382	418	435	396	431	425	470	438	469	459	431	449	443	441	351	396	418	448	492	435	418	431	457	442	448	432	420	451	428	451	427	475	435	424	453	436.84	116
132	490	403	394	471	419	426	431	422	442	440	452	427	447	486	452	371	418	421	396	424	425	470	438	461	453	431	438	430	438	350	396	418	438	488	421	412	422	451	438	448	423	419	451	414	445	427	475	435	420	453	433.2	115
133	485	403	378	471	419	426	431	411	442	440	452	423	443	486	452	366	412	413	396	424	425	463	432	461	442	423	438	429	438	350	396	411	438	486	419	412	422	451	432	448	423	411	447	414	445	419	475	435	419	444	430.42	114
134	485	393	378	469	412	418	431	411	439	431	452	423	433	484	446	366	412	413	394	413	425	463	432	454	437	423	432	420	438	350	396	411	438	479	416	412	419	440	432	442	423	411	447	414	441	419	475	433	419	444	427.76	113
135	470	392	378	469	401	404	431	406	439	428	452	415	433	484	445	366	412	407	394	413	424	463	432	454	436	423	430	419	433	349	396	407	435	479	412	412	419	440	432	442	422	411	440	414	441	413	470	433	419	444	425.66	112
136	469	392	373	469	401	403	425	406	431	426	450	410	424	484	445	366	412	389	394	406	416	463	423	454	436	423	430	419	432	339	396	400	432	478	412	407	419	440	432	438	422	411	440	398	433	413	464	433	419	443	422.8	111
137	469	392	361	469	401	403	425	406	424	426	450	410	413	473	438	366	412	388	394	406	407	463	423	454	436	420	430	419	432	339	396	389	426	472	411	406	413	440	428	437	410	408	439	398	433	411	461	422	419	443	420.22	110
138	469	388	349	469	400	392	425	406	414	426	440	409	413	468	434	362	410	388	387	404	407	453	423	445	436	420	430	419	426	339	390	383	426	472	411	395	413	440	428	437	402	400	439	398	433	408	461	422	413	443	417.3	109
139	469	388	349	465	398	389	425	406	408	421	440	403	413	468	434	362	406	388	376	397	404	446	412	445	436	419	420	414	426	339	390	383	426	462	398	392	411	440	428	435	396	400	437	398	417	408	461	421	401	438	414.16	108
140	469	387	349	465	398	389	422	406	397	407	435	403	413	459	433	362	406	387	376	388	392	445	404	438	436	419	419	413	426	338	390	383	426	461	398	392	411	440	428	435	396	385	432	397	407	399	459	419	390	438	411.34	107
141	469	387	337	465	398	389	422	405	396	400	433	403	402	459	433	362	393	380	370	377	389	445	399	436	426	419	419	413	420	338	390	383	418	461	398	391	411	439	428	435	387	379	432	386	396	395	459	419	379	437	408.14	106
142	458	387	321	456	394	380	420	395	387	395	433	403	395	447	433	357	393	380	369	377	382	445	399	436	417	419	408	413	417	338	377	383	417	461	398	391	407	439	422	435	387	375	432	386	396	384	447	411	368	426	403.92	105
143	455	387	321	456	394	373	418	395	387	395	433	403	395	447	433	356	393	380	364	377	382	445	399	434	409	409	406	410	417	333	375	383	416	461	389	391	407	430	417	435	384	375	432	380	396	372	442	411	363	426	401.82	104
144	455	376	321	456	394	363	407	390	377	380	433	398	393	441	433	355	390	380	360	377	382	445	394	431	406	409	406	398	410	333	373	379	416	460	389	391	407	429	417	424	371	375	432	380	394	362	433	411	353	426	398.3	103
145	448	373	321	450	394	363	407	390	376	380	428	386	393	440	430	355	390	379	360	374	382	438	384	431	406	409	392	386	399	333	373	379	416	453	389	390	396	429	417	418	361	371	432	380	386	362	433	407	351	414	395.08	102
146	448	372	310	440	388	363	396	390	376	380	428	386	385	440	418	353	389	378	360	374	378	432	383	422	406	409	392	386	399	333	373	379	416	447	380	390	391	425	417	418	360	371	432	380	386	362	428	407	341	413	392.6	101
147	447	369	309	432	388	351	396	387	376	378	427	386	373	440	417	353	379	367	360	371	366	432	375	422	406	400	378	385	393	333	369	370	416	437	370	390	379	420	409	418	359	370	432	380	386	351	419	392	340	410	388.26	100
148	447	358	309	427	388	351	395	387	371	378	422	386	362	440	417	346	379	366	359	371	366	426	375	422	401	395	378	385	393	333	362	370	416	437	367	384	367	410	408	410	359	370	432	380	381	351	410	392	340	410	385.78	99
149	447	356	297	427	381	351	385	387	356	378	410	385	351	440	417	337	371	366	355	371	366	426	374	422	401	394	378	385	393	333	356	367	416	430	367	378	367	400	408	404	359	370	422	371	380	339	410	388	340	401	382.26	98
150	447	348	297	420	377	350	385	374	356	370	410	381	351	440	417	328	371	357	340	371	366	416	363	422	401	394	378	385	386	333	345	367	416	428	356	377	364	400	408	404	359	367	413	365	376	339	410	384	340	391	378.86	97
151	446	348	297	420	369	350	373	365	356	370	410	379	351	439	416	319	366	355	334	370	366	416	363	422	388	393	377	385	382	331	332	367	407	418	356	363	348	395	397	401	359	367	413	359	375	339	410	384	340	390	375.52	96
152	437	348	297	419	366	345	373	365	346	365	410	368	342	438	416	319	366	355	324	362	366	416	363	420	388	393	376	385	380	323	332	367	407	406	356	362	348	395	397	396	358	367	413	348	375	339	395	381	340	390	372.86	95
153	437	347	284	419	358	344	370	365	346	357	410	362	342	431	416	316	355	355	324	362	366	416	363	420	388	393	376	384	380	322	330	367	400	399	355	359	348	395	384	396	352	367	410	348	375	339	395	381	340	386	370.68	94
154	434	341	284	419	349	336	370	365	342	343	410	359	339	431	406	316	348	355	324	362	366	408	363	420	388	393	376	383	380	322	330	367	389	390	355	359	342	395	384	396	345	367	404	348	363	339	395	381	332	380	367.86	93
155	434	339	280	419	335	336	370	355	342	343	410	348	332	420	394	312	338	346	324	362	366	397	362	420	388	393	363	383	375	322	328	362	389	386	355	359	336	395	384	386	345	366	404	344	348	339	392	368	332	380	364.12	92
156	434	339	280	419	323	336	368	347	342	334	410	348	330	408	383	312	338	346	322	359	366	397	362	410	380	393	363	381	366	322	321	361	389	386	346	352	336	395	372	378	345	366	392	342	339	339	383	368	317	375	360.4	91
157	430	333	279	408	322	336	357	337	334	331	401	348	328	408	383	299	326	346	322	359	366	397	348	410	371	393	363	378	365	322	316	361	385	385	346	352	328	395	372	378	345	365	392	342	332	339	377	364	317	375	357.32	90
158	430	333	276	408	322	336	356	337	334	331	394	339	328	403	371	299	318	346	322	359	366	389	345	405	371	393	359	370	365	322	313	361	379	380	344	341	328	389	371	367	345	352	390	342	332	339	377	364	317	374	354.64	89
159	430	324	276	407	322	331	352	335	334	322	394	338	328	389	360	293	310	341	322	351	361	385	345	405	371	387	358	367	364	322	313	361	377	366	344	341	327	389	370	367	337	352	390	336	332	339	373	362	317	374	351.82	88
160	422	311	275	399	322	331	347	324	334	322	394	338	328	389	360	293	310	341	320	350	361	385	339	405	367	387	355	367	364	322	312	361	365	366	335	341	327	389	370	367	337	352	380	326	332	335	373	362	311	373	349.52	87
161	408	301	275	391	322	331	347	308	322	322	394	338	318	380	354	293	310	341	306	350	358	385	337	405	367	387	355	355	359	312	312	361	365	366	335	339	327	389	370	367	337	352	377	314	332	329	372	357	311	373	346.32	86
162	404	300	275	381	322	325	336	304	322	314	392	337	313	380	345	293	309	341	306	350	351	383	337	393	361	377	348	355	351	312	308	355	359	366	335	324	327	378	370	367	337	352	377	314	322	329	365	357	301	366	342.52	85
163	401	283	275	369	322	325	331	289	322	312	392	337	303	378	336	293	309	337	306	338	347	383	337	392	361	373	335	355	337	301	308	355	355	357	326	316	315	378	370	359	336	346	377	314	320	329	356	349	301	365	338.22	84
164	401	283	275	369	313	325	324	289	322	307	392	337	303	368	336	293	308	336	306	333	347	383	330	392	361	361	335	347	334	301	308	345	355	357	320	316	305	378	370	353	328	346	377	314	320	329	354	349	301	365	336.02	83
165	396	283	274	369	313	325	324	289	320	307	381	337	303	368	336	293	308	323	299	333	347	383	330	386	361	355	325	344	333	298	308	345	354	357	320	316	305	373	370	339	328	332	377	304	305	329	341	349	301	356	333.04	82
166	396	282	274	359	307	310	319	288	304	306	381	336	295	358	336	293	308	309	298	333	347	374	329	386	361	346	316	343	331	289	306	344	343	357	320	312	302	369	368	328	328	332	374	304	305	323	329	349	301	348	329.12	81
167	396	282	266	357	295	310	303	283	304	306	375	333	285	346	331	293	308	309	290	332	342	370	329	386	351	343	310	343	331	288	298	336	332	349	306	311	300	356	368	320	321	322	374	302	305	319	329	346	299	347	324.74	80
168	396	282	266	357	290	309	303	282	304	306	371	330	284	341	331	292	308	308	289	331	342	370	329	372	344	342	310	343	320	282	291	321	332	344	304	311	300	356	368	317	321	322	373	292	305	315	321	345	294	346	322.24	79
169	396	275	266	357	284	309	303	274	301	306	359	323	284	340	331	292	302	308	281	331	332	365	329	359	333	341	310	343	320	282	291	321	317	344	304	310	296	350	368	317	316	322	371	282	305	315	321	345	289	346	319.32	78
170	396	275	249	357	283	309	294	273	295	289	357	317	278	340	331	287	302	300	281	331	332	365	329	359	333	341	310	343	304	282	275	321	316	344	299	300	296	350	366	317	316	322	371	282	305	315	321	339	289	346	316.64	77
171	381	275	249	357	283	296	279	273	294	289	357	312	263	340	319	282	291	300	281	331	332	365	314	358	324	341	310	342	304	282	274	320	316	332	293	300	296	348	357	312	316	322	364	281	305	315	319	339	289	343	313.3	76
172	378	275	249	356	282	284	279	273	288	289	357	296	263	340	318	282	291	300	281	329	332	365	312	344	322	336	294	335	304	282	274	320	306	332	292	288	296	340	357	312	306	322	360	281	301	315	319	339	289	338	310.46	75
173	370	268	235	345	271	275	279	259	274	284	356	281	263	340	318	282	291	300	281	329	332	354	307	343	322	329	293	320	304	282	274	317	306	332	280	288	295	339	357	300	306	320	360	281	291	315	319	339	289	338	306.66	74
174	370	267	235	342	265	275	279	259	264	284	356	281	262	339	313	282	285	300	281	323	332	354	306	332	322	317	276	320	296	282	274	317	295	332	280	288	295	339	353	300	305	309	360	281	285	315	319	327	288	337	303.96	73
175	363	267	235	342	261	275	279	259	264	270	344	267	251	339	299	268	285	284	270	313	331	354	306	332	319	317	276	320	296	282	267	316	295	329	277	288	290	334	346	300	291	299	360	281	284	315	301	317	288	337	299.66	72
176	350	267	235	342	261	275	278	259	263	270	336	267	239	332	299	263	284	284	259	313	322	343	306	327	319	317	271	309	291	282	259	306	295	317	277	288	289	332	346	293	291	299	359	281	284	315	301	307	288	329	296.38	71
177	344	260	235	335	261	261	278	246	251	260	329	267	239	332	299	263	284	284	252	313	322	337	305	327	319	311	270	303	289	282	259	297	295	305	262	288	289	330	341	278	290	294	348	281	284	315	301	307	288	329	292.78	70
178	331	259	235	334	245	261	270	246	245	252	329	267	239	332	299	263	278	284	252	306	322	337	292	321	312	310	270	303	289	282	245	282	290	305	262	276	288	321	341	278	279	285	348	272	284	302	287	307	288	329	288.68	69
179	320	259	221	329	239	261	261	237	233	252	329	266	235	320	299	263	278	284	252	305	310	334	281	321	307	295	263	303	283	278	227	276	290	302	258	275	288	321	341	278	269	285	338	258	272	301	287	295	281	322	283.64	68
180	310	259	221	329	239	255	255	237	232	250	329	266	235	320	285	251	278	279	252	289	309	328	270	317	307	295	260	299	278	278	227	265	284	302	253	275	288	321	329	275	261	273	338	258	260	296	285	295	281	322	280.0	67
181	302	244	211	329	224	244	248	236	222	247	315	265	235	308	272	250	278	279	252	289	307	315	257	316	304	295	260	299	278	272	219	262	284	302	243	275	285	319	328	273	260	265	338	258	257	291	270	294	281	312	275.38	66
182	302	237	211	319	224	244	248	235	222	241	301	265	235	307	270	249	277	279	250	289	300	315	257	316	303	295	260	299	278	263	219	262	284	302	243	275	285	315	328	273	242	265	337	258	251	288	265	294	276	306	273.18	65
183	297	237	196	308	224	244	233	222	214	241	292	264	229	307	267	249	277	274	250	289	300	303	243	310	303	290	260	293	278	247	219	253	278	290	243	275	274	306	328	270	236	265	337	257	248	288	255	293	274	306	268.72	64
184	297	232	188	296	224	237	233	209	214	241	275	250	229	305	267	249	277	274	250	289	289	303	238	310	303	287	260	287	278	247	219	253	278	290	232	271	272	289	328	270	236	265	337	257	247	288	255	293	274	287	265.58	63
185	285	221	188	290	224	237	218	209	214	241	275	241	229	289	266	249	277	271	249	289	288	292	238	302	301	287	254	287	271	247	219	253	278	290	232	271	272	289	328	257	236	265	330	256	237	288	255	280	274	275	262.28	62
186	285	217	187	289	215	219	218	204	214	241	274	235	229	281	255	249	277	264	247	289	279	292	231	302	301	286	254	286	270	247	217	240	278	290	232	260	269	279	322	256	228	265	326	252	237	285	247	269	274	274	258.74	61
187	285	217	184	289	208	219	218	204	214	236	266	235	224	270	240	248	276	264	245	289	267	292	218	302	291	280	254	270	258	246	217	227	260	290	226	254	262	279	315	256	213	265	314	252	222	285	247	254	266	274	253.74	60
188	284	217	184	289	207	219	218	204	206	236	264	221	218	270	240	247	263	259	245	289	265	291	215	286	288	268	254	254	245	228	202	227	260	290	226	254	262	272	315	255	208	255	314	244	222	278	241	254	259	269	249.62	59
189	274	217	183	283	207	219	218	204	206	236	258	214	218	254	233	247	252	244	245	289	264	285	215	286	288	261	254	250	245	221	202	227	260	279	226	254	255	272	303	252	208	255	309	244	222	277	240	248	259	258	246.4	58
190	274	217	181	283	191	219	217	204	205	229	258	214	217	236	233	246	252	236	245	289	264	276	215	272	288	250	254	245	242	221	202	221	260	275	226	254	254	272	290	248	208	246	309	238	222	262	234	248	259	256	243.14	57
191	259	216	170	283	191	207	217	203	205	214	257	201	217	236	233	231	252	231	236	289	256	269	215	260	288	240	254	230	242	219	202	221	260	275	226	252	254	265	284	248	208	229	308	238	222	262	233	246	255	245	239.08	56
192	259	216	166	276	185	207	216	203	205	201	250	201	217	224	231	230	252	225	230	289	256	269	215	258	278	240	254	225	232	219	202	221	260	270	226	251	254	265	284	243	203	229	308	238	222	262	233	246	242	245	236.66	55
193	259	216	166	276	185	207	216	203	205	189	249	199	217	224	231	229	241	217	222	289	256	257	215	258	270	238	253	225	232	213	202	221	260	259	218	251	254	265	284	243	187	229	308	238	222	262	233	232	232	230	233.74	54
194	259	216	166	276	185	194	216	203	193	188	246	198	217	223	231	229	236	217	217	273	249	257	215	258	258	238	253	225	232	198	187	215	260	259	199	249	253	258	275	239	176	218	302	235	222	262	217	222	232	228	229.48	53
195	255	216	159	276	172	194	208	203	193	188	246	196	217	223	231	228	232	217	205	273	249	256	215	256	251	237	247	219	229	198	187	215	260	254	199	249	240	247	275	238	176	208	301	235	208	262	217	222	226	223	226.62	52
196	255	206	159	265	172	194	208	196	193	188	246	196	217	217	226	224	232	217	205	273	235	242	202	253	251	237	247	211	229	196	181	213	260	243	195	249	239	231	259	230	176	204	288	231	208	252	217	207	213	217	222.1	51
197	240	206	144	258	172	179	195	196	193	183	232	196	200	204	219	216	224	212	205	267	233	230	192	253	247	229	247	206	229	196	181	213	260	237	189	235	229	230	259	230	176	204	286	231	208	246	217	198	206	217	217.1	50
198	240	200	144	258	172	170	182	196	183	176	217	196	200	204	205	216	216	197	193	265	233	226	181	252	247	225	241	193	228	185	179	208	257	225	177	235	222	227	247	230	176	199	286	226	208	246	208	198	192	217	212.08	49
199	240	200	144	245	172	170	181	196	172	176	217	180	182	204	190	203	206	197	193	258	221	215	181	246	247	225	236	185	227	185	172	208	257	207	177	235	222	226	230	230	176	198	279	220	193	237	208	194	192	217	207.44	48
200	240	187	144	231	171	170	167	189	172	176	217	180	168	204	190	191	206	197	193	258	221	215	173	239	247	211	236	183	227	173	167	208	257	200	168	230	222	226	215	225	176	181	273	220	192	229	207	181	191	217	203.22	47
201	240	187	144	225	167	153	167	181	163	168	204	180	168	204	190	191	191	197	180	258	210	214	173	225	241	211	236	181	227	167	166	208	251	199	167	230	221	225	215	225	176	181	273	212	192	229	207	181	191	217	200.18	46
202	240	186	144	225	166	152	156	181	163	168	204	180	168	204	190	190	191	197	179	253	210	214	158	225	241	211	236	181	227	161	165	208	251	198	167	216	220	225	206	215	176	181	272	207	177	226	207	180	190	217	198.1	45
203	231	172	134	221	166	152	156	181	157	168	204	180	167	204	184	189	191	182	173	253	202	214	158	225	241	211	235	180	227	161	155	205	244	185	167	216	220	219	206	215	176	181	267	207	170	216	207	171	190	217	195.06	44
204	230	172	134	220	166	152	156	165	157	152	204	180	165	197	184	182	190	182	173	253	202	212	158	225	241	210	228	178	216	155	155	204	243	185	167	214	220	219	206	207	176	181	267	207	164	216	207	171	183	217	192.96	43
205	222	172	134	220	149	152	156	165	157	152	204	180	151	197	169	182	184	173	162	250	196	212	150	216	241	199	228	164	216	155	154	203	231	185	167	214	220	219	205	207	166	180	267	194	164	203	207	154	169	208	188.5	42
206	208	172	133	220	144	151	151	165	157	151	204	180	151	190	158	182	184	162	145	235	183	210	135	216	241	199	228	163	200	154	148	198	231	171	149	200	204	219	205	207	166	165	255	193	151	190	207	148	169	208	183.12	41
207	208	171	129	205	144	151	135	164	157	133	200	169	132	190	158	172	184	162	145	235	183	210	131	208	230	199	227	159	195	154	147	198	226	171	149	200	204	219	204	191	166	165	254	177	151	190	206	148	162	208	179.52	40
208	202	169	129	204	144	145	124	163	152	133	200	169	129	176	158	172	181	162	145	229	178	209	131	208	228	199	227	159	190	154	138	198	214	166	149	196	186	201	187	189	165	155	244	177	151	184	191	147	157	194	175.16	39
209	195	169	129	204	144	128	124	163	152	133	186	169	129	176	158	165	163	161	145	218	172	208	131	206	228	199	226	159	175	154	133	198	209	155	149	196	186	201	170	189	165	155	244	162	143	184	191	147	157	194	171.94	38
210	195	169	120	198	144	127	117	163	152	126	186	169	117	176	158	165	160	160	145	206	164	208	129	196	216	191	214	146	175	154	133	198	209	148	149	183	186	201	170	180	164	148	243	160	136	175	191	144	157	193	168.28	37
211	182	161	113	184	144	123	117	163	152	122	172	161	116	162	149	153	160	145	145	189	163	208	128	196	209	191	208	146	175	154	127	197	196	135	149	183	186	201	170	180	157	148	242	160	134	173	191	137	157	191	164.1	36
212	176	155	97	166	144	119	117	163	152	120	172	161	116	162	144	137	152	145	145	189	163	208	128	177	194	191	194	146	175	139	127	197	196	128	149	174	186	186	170	180	157	141	229	158	114	173	191	137	157	191	159.76	35
213	171	143	97	166	144	110	117	157	152	119	172	154	116	147	143	137	152	134	129	171	158	208	121	177	187	185	194	146	159	130	124	181	196	127	149	173	186	186	169	175	157	137	214	157	113	158	185	137	141	191	155.04	34
214	171	138	97	166	143	110	117	157	152	119	172	154	116	147	126	128	145	134	110	170	151	195	121	177	186	171	186	139	159	130	108	181	196	126	149	173	179	168	165	175	157	137	214	157	113	158	184	137	141	191	151.92	33
215	162	135	97	166	142	102	117	156	152	119	162	151	115	138	126	119	138	126	96	170	136	181	121	168	173	157	169	123	159	124	100	181	190	126	149	173	165	168	165	175	142	137	203	157	113	151	184	122	133	191	146.5	32
216	162	135	93	165	142	102	116	149	150	119	162	151	113	131	116	119	119	125	96	160	129	173	114	156	173	155	160	108	159	124	85	181	190	126	133	173	165	156	165	165	142	124	203	137	112	151	173	122	114	185	141.56	31
217	157	135	93	148	142	102	116	143	146	119	162	144	105	131	115	108	103	125	96	160	129	173	114	142	173	155	160	108	159	119	85	181	190	126	118	161	165	156	152	160	139	123	194	137	111	138	162	122	107	180	137.78	30
218	157	129	93	148	127	102	115	143	144	112	149	144	105	131	115	108	102	125	96	157	129	159	114	142	173	140	160	108	158	119	70	166	188	126	107	161	165	151	152	153	126	123	183	130	100	138	159	103	107	172	133.68	29
219	157	127	82	148	126	101	115	143	129	112	138	143	97	123	115	100	89	125	96	157	129	159	108	142	166	132	154	108	156	119	70	160	187	109	94	155	165	150	136	153	126	109	168	130	100	135	147	88	94	170	128.84	28
220	156	109	71	148	119	101	115	128	123	112	132	143	97	110	115	100	83	125	96	157	129	158	108	142	161	132	154	108	156	119	68	141	182	94	88	139	148	145	136	141	126	107	168	123	100	135	143	78	86	170	124.5	27
221	156	103	71	148	101	86	115	125	115	112	132	135	97	108	103	92	71	108	96	156	129	157	108	126	146	130	138	96	149	119	66	137	178	78	88	120	139	145	132	141	126	97	168	121	100	135	128	72	86	170	119.1	26
222	150	94	70	148	99	81	114	125	104	98	131	118	97	92	103	92	52	108	96	150	129	157	105	126	146	115	138	96	148	119	57	127	162	78	88	120	132	145	124	140	126	91	168	121	100	117	128	72	85	170	115.04	25
223	139	79	68	148	96	81	104	117	104	87	122	117	97	92	93	90	52	108	95	150	129	138	105	109	146	115	124	95	147	118	57	123	154	78	86	118	132	144	105	121	108	82	156	120	100	117	128	70	82	155	110.02	24
224	123	79	68	138	77	80	104	117	97	87	122	117	97	92	93	90	52	95	95	150	128	130	105	109	130	115	117	95	147	109	57	113	154	78	80	111	132	130	105	121	108	67	142	120	84	117	119	70	67	155	105.76	23
225	122	79	59	121	77	69	104	117	97	87	114	109	97	91	93	89	52	80	95	135	110	130	105	108	130	97	100	95	147	107	50	112	134	78	80	111	132	121	94	121	97	66	141	101	79	114	119	69	66	151	101.04	22
226	122	79	59	121	77	63	103	100	97	80	114	107	97	91	93	89	51	80	94	133	97	127	104	94	130	97	100	88	145	100	50	103	134	77	80	111	131	121	87	102	97	66	126	85	78	114	118	69	66	142	97.78	21
227	121	79	47	121	70	63	103	92	82	74	100	105	97	91	93	89	51	73	94	133	97	127	103	79	127	97	99	88	145	83	50	103	133	74	80	111	131	121	72	102	96	66	118	85	78	95	118	54	66	142	94.36	20
228	121	63	39	121	57	49	98	92	80	74	100	105	97	91	93	89	44	72	78	114	97	117	88	64	125	90	80	88	138	75	50	103	133	67	64	108	131	114	61	102	95	66	104	84	78	95	118	48	64	135	89.18	19
229	104	63	39	121	57	48	98	83	80	74	100	105	83	91	93	73	44	70	78	105	97	102	73	64	125	76	70	88	138	72	50	96	133	67	64	100	119	108	61	82	95	59	104	84	78	94	110	48	63	120	84.98	18
230	103	56	39	113	57	48	98	83	79	63	100	105	83	73	93	73	43	70	71	105	97	97	69	64	106	75	70	88	138	72	50	96	132	67	64	100	111	103	53	65	95	51	90	84	72	80	107	48	63	120	81.64	17
231	103	56	38	110	57	45	92	83	79	63	100	93	83	73	91	73	43	63	70	105	97	77	55	58	94	74	69	73	123	66	50	92	125	67	64	86	111	102	51	65	95	51	72	84	72	80	91	48	60	120	77.84	16
232	103	50	38	93	50	45	92	67	78	63	99	93	83	67	77	70	36	63	70	98	78	77	55	38	94	56	69	62	106	59	50	85	107	52	64	86	98	102	51	52	81	51	72	84	72	78	91	48	53	120	72.52	15
233	96	49	38	91	49	42	73	67	77	63	92	92	83	49	77	67	36	62	54	91	78	66	43	38	79	56	69	62	92	57	50	84	95	52	64	86	78	101	49	52	67	35	72	68	72	78	78	47	53	112	67.62	14
234	96	49	36	91	43	41	65	59	75	62	85	84	83	49	77	67	36	55	54	91	70	61	41	38	78	56	69	45	79	50	49	83	95	43	64	70	72	95	49	52	64	35	59	68	56	77	78	46	53	105	63.96	13
235	84	43	35	86	43	41	53	58	75	58	85	80	77	48	71	53	21	55	54	91	69	61	41	38	70	56	63	44	71	48	49	67	90	37	60	69	72	87	49	52	64	35	42	58	56	65	78	46	52	96	59.92	12
236	68	42	18	67	43	37	53	38	59	58	78	77	72	47	51	53	21	46	54	91	63	61	39	38	70	54	63	37	71	37	41	67	74	37	59	61	72	87	49	52	63	35	42	57	56	65	68	46	44	78	55.18	11
237	53	23	12	51	43	31	39	28	59	58	78	77	72	39	51	52	4	46	54	74	62	50	39	38	50	54	63	17	71	37	41	67	74	36	41	55	57	86	49	44	63	35	42	57	39	65	68	46	44	77	50.22	10
238	47	23	12	31	41	31	37	28	59	58	78	77	64	39	33	47	4	46	53	74	44	49	39	38	50	48	48	17	65	37	41	67	74	30	40	55	49	77	29	28	63	35	39	43	39	65	62	46	44	77	46.4	9
239	47	23	10	31	29	31	36	28	53	58	64	58	55	26	33	40	3	30	45	74	30	30	39	38	50	44	48	17	51	37	41	52	66	30	26	49	31	77	29	27	63	35	25	37	39	65	62	46	44	77	41.58	8
240	31	23	0	31	28	30	36	28	53	58	64	58	55	26	33	23	3	30	45	65	30	30	38	37	45	35	34	17	33	36	21	45	55	30	26	49	31	67	15	16	63	29	25	37	39	65	61	46	32	70	37.54	7
241	28	14	0	25	17	27	22	14	49	39	45	39	54	26	32	19	2	30	28	59	30	21	37	37	39	35	19	1	33	36	19	36	39	10	26	48	30	47	14	16	43	29	25	17	39	54	44	29	17	55	29.88	6
242	28	13	0	15	11	18	21	14	43	39	27	25	37	8	26	12	2	30	24	40	30	1	37	30	39	17	19	1	14	36	19	36	25	10	10	42	14	47	6	15	36	28	25	17	39	54	30	29	17	49	24.1	5
243	11	13	0	7	0	18	21	14	37	39	27	25	22	4	26	3	1	30	18	40	15	1	31	29	38	17	18	1	13	36	3	36	25	10	10	35	6	45	6	14	26	27	22	15	21	37	15	18	17	40	19.66	4
244	11	13	0	6	0	18	4	4	33	39	27	19	22	2	6	0	0	30	18	22	15	1	20	29	27	17	3	1	13	34	2	17	17	10	10	26	6	42	6	14	19	27	22	15	4	37	0	7	10	25	15.0	3
245	11	13	0	6	0	18	1	1	15	20	19	19	21	2	6	0	0	11	12	6	15	0	20	28	27	11	3	0	11	19	0	2	17	10	10	20	0	36	6	14	4	26	12	14	4	19	0	7	0	20	10.72	2
246	10	6	0	6	0	7	1	1	15	20	10	1	6	0	0	0	0	3	1	6	1	0	0	20	9	11	0	0	0	0	0	2	0	0	10	0	0	16	0	0	4	7	1	10	0	0	0	0	0	0	3.68	1
247	0	0	0	0	0	0	0	0	0	0	0	0	0	0	0	0	0	0	0	0	0	0	0	0	0	0	0	0	0	0	0	0	0	0	0	0	0	0	0	0	0	0	0	0	0	0	0	0	0	0	0.0	0

