50.19640060847388
51.831506420294424
53.09033712138158
54.39880765961256
53.826215829269394
54.41129591517158
54.52776721399489
55.67721802156503
55.81923627578183
56.28110599078341
56.89371280927031
56.948844570712694
56.554757057849805
56.22044874949667
56.56281038879688
57.70223368081962
57.62856807301691
57.430500872444156
57.92741935483867
57.84311663907658
57.4983390004921
58.56926983132744
58.07720571786498
58.38527918213949
58.829034495100906
58.80045076282936
59.118081965012756
59.296575097311056
58.93834727752678
59.38490447854681
59.160317211757864
58.95654556843098
58.91741420965507
58.62524607400117
59.025625251666646
59.57268131179817
58.832093642342606
59.09580108272561
59.49112455818536
59.086103530043374
59.031240212965876
58.63129166480241
58.67353250413857
58.91027247103035
58.28385754552373
58.59722160082325
59.02145877141969
58.90245962149344
58.82220034897764
58.57139501588301
58.742254261554294

