# Extinction sequence for 250 applications  and 50 platforms.
# This is the data and average for 48 different extinction sequences.
0	250	250	250	250	250	250	250	250	250	250	250	250	250	250	250	250	250	250	250	250	250	250	250	250	250	250	250	250	250	250	250	250	250	250	250	250	250	250	250	250	250	250	250	250	250	250	250	250	250.0	50
1	250	248	250	246	250	243	249	250	243	250	248	250	249	250	250	250	250	249	250	246	243	243	246	250	249	250	250	250	246	248	250	250	250	248	249	250	250	250	250	249	249	250	249	246	250	249	250	249	248.625	49
2	248	247	249	246	250	242	249	249	243	243	245	250	249	246	248	250	246	249	249	239	241	241	246	248	249	248	245	250	246	247	250	250	249	246	247	249	248	246	249	248	243	250	241	246	248	244	250	249	246.89583333333334	48
3	244	246	249	246	250	238	247	243	241	242	245	250	248	246	248	250	246	248	248	238	241	230	246	245	247	247	242	247	246	237	249	250	249	245	246	248	245	246	248	248	243	250	240	243	239	243	243	248	245.08333333333334	47
4	244	238	249	246	249	238	246	240	237	233	245	246	248	241	248	249	244	248	247	232	241	228	246	243	247	246	241	245	243	236	248	250	248	243	245	247	245	245	240	248	242	249	238	242	237	243	241	244	243.3125	46
5	242	238	248	240	249	237	242	240	236	233	244	246	243	239	244	247	244	247	246	230	241	227	245	241	246	245	241	243	242	236	248	242	248	240	244	247	244	243	238	246	239	248	232	240	234	241	239	244	241.64583333333334	45
6	242	236	246	240	247	234	241	239	236	229	244	241	232	236	238	245	244	247	243	230	238	225	245	231	244	245	239	241	239	236	246	242	247	238	242	247	244	243	233	244	237	244	232	240	233	240	237	243	239.6875	44
7	238	225	242	239	244	234	239	237	235	228	243	236	232	234	238	242	244	247	236	230	234	214	242	231	235	243	236	238	235	235	246	240	247	234	241	247	240	239	232	243	236	244	229	238	230	238	236	241	237.22916666666666	43
8	237	223	242	228	244	221	234	233	233	224	240	236	228	229	238	241	242	247	236	230	231	212	239	227	231	242	236	235	235	231	244	238	243	234	235	244	240	237	228	238	235	244	229	237	226	236	236	239	234.75	42
9	235	220	240	224	242	220	231	231	222	223	238	236	227	225	237	235	238	246	234	226	227	208	237	227	218	242	236	226	223	231	242	237	242	230	235	242	232	236	227	238	232	238	222	236	224	233	236	239	231.79166666666666	41
10	234	214	240	223	241	215	230	227	222	223	236	232	227	224	231	234	238	238	230	226	226	207	235	226	206	238	234	221	221	231	234	225	240	227	235	232	232	233	225	231	230	238	221	236	219	231	229	238	228.875	40
11	227	214	239	222	241	213	224	223	222	221	235	222	225	220	228	225	237	238	229	224	222	204	234	224	202	236	233	211	219	230	234	223	239	223	230	231	228	232	221	230	226	235	221	236	214	222	225	238	226.08333333333334	39
12	227	212	238	215	241	212	211	222	221	218	231	222	215	217	228	225	233	236	227	220	221	204	234	213	200	232	231	203	210	222	233	219	236	221	222	230	226	230	220	224	224	231	213	232	206	219	225	230	222.54166666666666	38
13	216	203	235	213	239	207	210	216	209	218	231	207	212	217	219	223	228	236	224	220	221	192	224	209	198	230	228	201	209	221	224	219	230	215	211	230	222	228	218	224	224	231	212	232	198	216	224	227	218.77083333333334	37
14	216	198	235	210	239	205	199	212	208	218	230	202	209	215	215	216	228	235	218	215	213	188	220	209	191	223	224	197	207	219	224	217	228	211	211	226	211	222	218	220	224	229	209	232	197	211	222	224	215.625	36
15	213	197	232	208	235	202	197	210	204	213	229	197	209	215	215	216	228	230	218	212	208	179	212	209	191	221	224	192	204	217	221	215	228	201	207	218	210	218	218	220	220	227	208	230	197	209	221	215	212.91666666666666	35
16	212	192	228	206	230	200	190	210	200	209	228	193	205	215	204	214	227	230	215	210	202	178	211	209	191	218	216	190	203	213	216	214	228	199	205	214	206	215	217	217	214	227	208	221	191	207	219	215	210.04166666666666	34
17	206	189	218	202	230	199	185	205	198	207	227	186	202	209	201	214	224	226	213	204	201	176	200	202	190	215	213	188	201	203	215	211	217	197	205	214	196	204	210	209	214	220	204	219	186	197	213	211	205.75	33
18	206	186	211	201	220	196	185	199	195	206	224	183	189	209	196	211	218	225	211	202	197	174	197	200	190	205	209	181	200	203	213	211	215	195	203	208	193	197	206	203	213	218	204	215	176	197	211	200	202.22916666666666	32
19	203	177	210	201	219	189	181	198	191	202	222	174	183	205	195	207	213	222	201	201	193	172	192	196	186	197	204	177	194	195	208	207	211	195	197	206	190	194	205	197	213	210	204	213	174	197	210	193	198.41666666666666	31
20	202	173	204	195	215	186	179	192	180	197	212	172	183	203	186	198	209	216	200	196	189	168	191	195	184	194	198	175	190	192	205	206	201	194	195	202	184	194	199	194	207	205	197	205	168	189	205	181	193.85416666666666	30
21	195	172	204	187	208	181	176	190	179	196	207	168	177	194	186	198	209	212	199	181	183	167	191	195	180	189	197	172	190	192	205	202	184	192	188	199	181	192	199	191	200	204	194	202	158	172	205	176	189.97916666666666	29
22	194	156	200	184	208	176	176	190	178	195	204	167	177	192	179	195	199	211	199	178	167	158	178	178	179	178	195	172	190	192	198	201	179	192	183	197	181	192	196	185	194	200	190	198	139	168	205	169	185.66666666666666	28
23	193	155	199	177	206	170	175	190	166	187	204	164	173	188	175	194	197	207	197	178	159	158	174	176	175	175	194	167	185	188	195	198	177	189	176	181	179	192	192	178	192	194	190	189	138	163	201	167	182.02083333333334	27
24	188	152	191	175	203	169	171	189	166	186	192	156	167	187	172	185	197	198	197	176	152	158	172	171	172	174	187	162	183	186	190	195	176	183	167	180	177	180	185	178	192	190	181	184	130	161	198	167	178.08333333333334	26
25	182	151	191	174	199	160	166	185	161	185	180	153	163	181	169	181	192	184	191	175	133	157	166	168	165	169	174	159	183	175	189	195	161	178	160	176	169	175	184	174	188	187	178	182	130	156	187	162	172.97916666666666	25
26	181	151	191	172	198	151	163	185	155	180	171	153	160	173	167	175	190	182	181	158	132	152	166	158	158	162	166	159	174	171	171	184	150	178	157	176	163	171	184	167	177	186	165	174	130	147	174	160	167.6875	24
27	178	149	189	158	191	147	163	178	151	177	161	150	148	168	152	173	187	176	173	151	128	152	163	141	150	159	165	158	168	169	165	169	145	175	155	169	163	171	171	167	176	179	158	169	130	139	173	153	162.5	23
28	173	145	186	158	188	144	159	161	137	176	161	134	147	168	144	171	184	176	162	150	128	148	160	136	144	158	158	156	161	169	159	164	140	171	154	163	159	158	168	165	173	170	151	164	128	133	171	149	157.95833333333334	22
29	156	144	183	154	175	138	144	160	132	166	161	130	141	154	138	169	174	175	157	147	126	144	151	128	140	157	149	154	153	161	156	164	139	163	136	160	156	157	150	162	158	164	151	157	121	133	168	144	152.08333333333334	21
30	151	137	182	146	162	132	142	155	126	158	140	116	123	148	132	161	169	172	157	147	125	143	139	122	138	154	142	142	152	157	145	156	139	156	135	160	154	156	143	159	158	147	150	156	115	121	161	135	146.16666666666666	20
31	145	137	175	146	156	131	132	150	116	156	132	112	122	146	132	142	154	165	151	146	123	135	131	115	133	150	137	141	152	153	144	149	137	140	127	142	147	147	141	157	154	143	145	155	115	116	156	128	140.8125	19
32	143	131	171	142	149	123	122	149	116	151	129	112	121	145	125	141	154	160	137	141	112	129	130	107	124	148	134	139	150	143	136	143	137	139	113	137	146	147	139	149	147	137	139	142	110	99	142	124	135.5	18
33	130	114	162	138	144	118	113	144	103	142	119	107	121	120	122	122	147	157	130	140	103	124	125	94	121	130	134	126	150	129	133	143	131	127	112	137	137	147	126	147	126	136	133	140	103	95	130	109	127.9375	17
34	113	106	160	136	143	118	108	140	103	137	112	101	114	107	117	107	141	150	130	138	96	115	123	88	107	124	129	108	138	125	124	129	124	121	106	135	130	140	115	142	126	129	121	139	100	75	126	97	121.10416666666667	16
35	100	101	157	127	143	117	108	140	100	120	107	89	114	97	95	101	141	136	126	135	95	103	115	85	102	106	107	106	125	124	121	129	118	105	97	126	130	136	114	141	121	125	119	134	96	75	126	96	115.22916666666667	15
36	97	98	150	115	141	117	105	134	96	116	99	84	111	94	87	98	124	136	111	132	81	103	115	79	102	92	89	96	116	122	121	124	111	105	77	122	122	132	113	138	121	113	97	126	90	72	111	96	108.97916666666667	14
37	94	92	145	114	141	98	105	124	88	108	99	75	109	81	75	83	112	130	106	124	79	98	98	77	90	87	89	88	108	120	113	122	101	97	74	119	119	124	107	130	117	99	83	122	90	61	109	94	102.45833333333333	13
38	82	83	136	95	137	96	103	119	84	108	97	68	100	74	69	80	93	122	106	117	79	96	94	77	75	87	85	78	107	119	108	117	97	85	74	107	118	104	106	113	108	98	77	122	87	61	109	91	96.83333333333333	12
39	75	83	133	93	124	94	95	116	77	108	93	68	86	72	67	71	86	115	101	108	70	87	94	74	75	75	70	65	97	117	99	100	86	84	66	100	114	92	96	107	105	96	72	122	73	51	101	91	90.5	11
40	66	83	114	78	111	92	92	102	76	89	83	68	83	70	60	67	86	113	92	101	68	79	83	62	67	75	56	65	94	103	95	97	71	81	66	83	106	81	84	106	94	93	62	120	70	47	101	90	83.85416666666667	10
41	63	78	108	68	105	81	86	81	72	87	75	63	77	62	55	67	77	108	91	87	60	68	79	59	63	67	47	54	78	82	75	92	65	72	66	74	101	78	79	89	75	78	55	100	66	47	92	88	75.83333333333333	9
42	56	62	102	59	100	60	72	61	64	80	71	58	68	58	41	59	70	99	89	86	60	56	70	53	41	56	46	31	71	78	58	80	59	70	65	69	98	73	72	78	71	69	50	85	64	44	88	85	67.8125	8
43	42	58	88	56	85	57	48	44	61	65	57	49	59	58	32	58	62	81	79	72	57	56	51	52	28	32	42	30	71	65	56	68	43	69	57	62	80	53	54	70	69	50	48	77	58	42	63	72	58.041666666666664	7
44	29	48	81	47	74	38	47	31	49	59	56	47	38	53	27	52	46	81	75	69	53	51	46	47	28	32	42	25	59	58	56	50	39	51	41	41	56	45	44	65	65	41	48	71	57	37	58	49	50.041666666666664	6
45	24	46	74	23	65	38	29	24	46	44	38	38	35	53	23	43	42	63	64	51	50	50	42	43	21	29	33	25	54	43	53	46	39	47	30	30	51	33	34	48	60	40	37	62	47	32	57	34	42.354166666666664	5
46	17	36	50	23	59	29	15	21	31	43	29	29	32	43	19	32	28	46	60	41	46	43	35	39	15	19	26	24	53	34	43	34	29	46	25	27	37	24	24	48	49	35	34	39	42	28	43	30	34.458333333333336	4
47	17	31	47	20	38	11	11	20	27	33	16	26	31	25	15	23	22	23	39	35	46	24	32	26	10	7	23	22	43	24	33	29	18	38	15	12	33	9	17	35	28	32	14	22	38	17	29	24	25.208333333333332	3
48	7	18	34	11	29	1	6	13	19	28	13	22	12	21	10	18	18	11	15	31	27	17	29	20	3	7	22	12	35	13	28	20	11	28	9	3	20	7	14	35	20	32	10	12	27	11	19	14	17.541666666666668	2
49	4	12	22	11	22	1	5	4	9	15	3	19	7	13	3	15	12	6	11	9	23	12	25	1	3	2	17	7	10	9	20	7	1	25	5	0	20	6	1	25	9	23	9	3	5	9	9	4	10.270833333333334	1
50	0	0	0	0	0	0	0	0	0	0	0	0	0	0	0	0	0	0	0	0	0	0	0	0	0	0	0	0	0	0	0	0	0	0	0	0	0	0	0	0	0	0	0	0	0	0	0	0	0.0	0

