48.19297385620915
57.933169934640524
58.28970588235296
59.019117647058806
59.62287581699345
61.38480392156864
60.64133986928104
61.079248366013076
61.11748366013072
60.89444444444445
60.173202614379086
61.82189542483661
61.869934640522864
61.77075163398694
61.06454248366015
62.66045751633986
61.32794117647059
61.73529411764706
61.42777777777777
61.640686274509804
62.211764705882345
61.648856209150324
60.84607843137253
61.94673202614378
61.14738562091504
61.23790849673204
61.290849673202615
61.64754901960784
62.2563725490196
63.27434640522874
62.51797385620914
62.43202614379085
61.321732026143785
62.27189542483663
61.60081699346406
63.220751633986914
62.68970588235292
62.02614379084969
62.007189542483644
62.22728758169934
61.79803921568629
61.364542483660124
62.19607843137257
62.277614379084966
61.455392156862764
62.8531045751634
62.604248366013074
63.16143790849673
62.228594771241795
61.51830065359477
62.21813725490194
61.88709150326799
62.19820261437907
62.85555555555554
62.46437908496731
62.703431372549026
62.523202614379095
61.82042483660132
63.008823529411764
62.79624183006537
61.600980392156856
62.04836601307191
61.487254901960775
61.84297385620915
60.8091503267974
61.87761437908497
62.38954248366014
63.37777777777778
61.99379084967319
61.59526143790851
62.4343137254902
61.05996732026146
61.43758169934643
61.488725490196074
61.260294117647085
62.03856209150328
62.776960784313715
61.73513071895427
61.58316993464054
61.13202614379089
62.27516339869283
62.241013071895445
62.2415032679739
61.13562091503268
61.867973856209154
63.23692810457516
61.14983660130719
62.09754901960785
62.47450980392158
62.765849673202624
61.9421568627451
62.62647058823531
62.28349673202616
62.06209150326797
62.292320261437915
61.74346405228759
61.739379084967325
62.92189542483659
61.9204248366013
62.285294117647084
61.29150326797386

