# Extinction sequence for 721 applications  and 247 platforms.
# This is the data and average for 50 different extinction sequences.
0	721	721	721	721	721	721	721	721	721	721	721	721	721	721	721	721	721	721	721	721	721	721	721	721	721	721	721	721	721	721	721	721	721	721	721	721	721	721	721	721	721	721	721	721	721	721	721	721	721	721	721.0	247
1	721	718	717	720	719	717	721	721	718	721	721	721	719	717	720	720	721	719	720	720	720	721	720	720	720	720	721	721	721	721	721	720	720	720	721	720	720	721	720	718	719	720	721	720	721	721	721	720	721	718	719.98	246
2	721	718	717	720	718	717	721	721	718	720	721	721	719	716	720	720	721	719	718	720	720	721	720	720	720	716	719	717	721	721	719	714	718	719	721	720	720	720	719	713	719	720	716	720	721	719	721	712	720	717	718.98	245
3	721	718	715	720	717	717	721	721	715	720	721	721	717	711	719	717	721	718	717	720	720	721	719	720	720	716	719	717	721	721	719	714	715	719	721	719	720	717	717	712	719	720	716	720	720	719	721	712	720	710	718.22	244
4	721	718	715	719	717	717	720	720	715	720	720	721	717	711	715	717	719	718	716	715	720	721	719	716	719	716	718	716	721	721	719	714	715	719	720	719	718	717	715	712	719	719	716	720	720	714	721	712	720	710	717.54	243
5	721	718	714	719	715	717	719	718	714	719	720	720	717	711	714	716	719	718	715	707	720	721	718	716	717	716	718	716	720	721	719	714	715	718	713	719	715	717	715	711	719	719	715	719	719	714	721	712	719	710	716.74	242
6	718	718	714	716	715	717	718	718	714	719	720	720	717	710	713	716	719	718	715	707	720	721	717	716	716	716	718	716	720	721	719	714	715	718	712	719	715	717	714	711	719	719	715	719	719	714	719	712	719	710	716.44	241
7	717	718	713	713	715	717	718	718	713	719	719	720	716	709	713	716	719	718	715	702	720	721	716	716	716	712	718	716	719	717	719	714	712	717	710	718	715	716	714	710	713	719	715	719	718	711	719	711	719	710	715.56	240
8	717	718	711	712	714	717	718	718	713	719	717	720	713	708	713	716	719	718	715	702	720	718	715	716	716	712	718	716	719	717	719	714	710	716	708	718	714	715	712	704	713	718	714	719	718	711	719	709	718	709	714.86	239
9	717	718	711	709	714	714	717	717	713	711	717	719	713	707	712	716	717	715	715	699	720	712	714	716	716	712	718	715	719	717	719	714	710	716	708	717	714	715	712	703	711	716	713	718	714	711	716	705	715	709	713.72	238
10	717	714	709	707	712	714	717	717	713	711	717	719	712	707	712	716	717	714	714	698	720	710	714	716	716	712	718	715	719	716	715	714	709	715	708	717	714	714	706	702	711	716	712	718	714	710	716	705	710	707	712.92	237
11	716	714	709	706	712	714	714	717	713	708	716	716	711	707	712	716	717	713	710	698	719	709	711	716	716	712	715	715	719	715	714	711	708	715	707	717	713	714	706	702	711	715	712	717	714	708	713	704	710	707	712.08	236
12	714	714	709	705	712	714	712	717	713	708	716	714	711	706	711	716	716	713	709	695	719	709	711	714	716	705	715	715	719	714	714	708	704	715	707	713	712	714	705	702	711	715	709	716	707	708	712	704	710	707	711.1	235
13	714	713	709	703	711	714	712	716	713	706	714	712	703	698	711	716	715	710	707	695	718	709	711	714	714	705	714	715	713	713	714	708	704	715	707	712	712	714	705	702	711	715	709	716	705	708	712	704	710	707	710.16	234
14	714	712	709	703	711	714	712	716	713	705	713	712	702	698	711	716	714	710	707	694	718	709	711	714	714	705	714	714	709	712	712	706	704	715	707	712	712	714	705	702	711	715	708	716	705	708	711	704	710	707	709.8	233
15	714	710	709	701	711	713	712	716	713	705	713	711	702	697	705	715	714	709	706	693	718	708	709	711	714	705	709	714	709	712	712	706	704	714	707	711	708	714	704	702	710	715	706	713	705	706	710	704	710	706	708.9	232
16	711	706	709	701	711	713	712	714	712	705	711	709	702	697	705	715	714	708	706	692	718	708	706	710	714	705	703	714	708	712	712	706	704	713	707	709	707	713	702	702	710	715	705	713	705	705	710	704	709	706	708.16	231
17	705	706	709	701	711	713	712	713	712	705	708	708	700	696	704	715	714	708	706	692	718	708	705	709	714	704	703	713	708	712	712	705	702	713	706	709	707	713	701	702	710	715	705	711	705	705	709	704	709	705	707.6	230
18	705	704	708	701	710	712	712	712	712	702	708	707	700	696	704	715	714	707	706	692	718	708	705	707	714	704	703	712	708	711	712	705	702	713	706	709	707	712	700	700	710	715	705	710	705	705	709	704	709	704	707.18	229
19	705	704	707	701	709	712	712	712	712	701	708	706	700	696	704	715	714	707	705	691	718	706	705	705	713	704	700	712	707	711	710	703	700	713	706	707	707	712	699	699	710	715	704	709	705	705	709	703	709	704	706.62	228
20	705	704	704	700	708	712	712	711	712	701	708	704	700	696	704	715	714	707	705	690	716	706	705	702	713	704	700	712	707	711	709	703	700	713	705	707	706	711	698	699	709	714	704	709	704	705	709	701	708	704	706.12	227
21	704	704	704	700	708	710	711	709	712	698	708	702	700	695	703	715	714	706	705	690	716	706	698	701	710	704	699	710	705	711	706	703	700	711	704	707	705	711	696	698	709	713	703	709	703	705	708	700	708	702	705.18	226
22	703	704	701	700	707	710	711	709	712	696	708	702	699	694	703	714	712	706	703	689	715	706	698	695	707	704	699	710	705	711	706	702	700	711	704	707	704	711	694	698	708	713	703	707	703	703	707	700	708	701	704.46	225
23	701	703	699	693	705	710	710	709	712	692	707	702	699	693	703	713	712	705	703	688	712	706	697	694	699	703	699	709	704	709	701	702	700	708	702	707	704	711	693	698	708	712	703	707	703	702	702	700	704	701	703.18	224
24	700	703	698	690	705	709	710	709	708	691	707	702	696	691	703	705	711	703	703	687	712	706	696	693	699	703	699	707	704	708	700	702	699	705	700	706	702	711	693	698	705	710	702	707	703	702	702	700	704	701	702.2	223
25	700	702	698	690	705	709	710	708	707	691	707	702	696	691	703	705	711	700	703	683	712	705	696	693	699	702	699	707	704	708	700	702	699	703	700	706	702	709	693	698	705	707	701	707	697	702	701	699	704	701	701.64	222
26	700	701	698	690	703	705	710	708	706	690	701	701	696	691	701	705	710	698	700	683	712	705	696	693	699	702	699	707	703	708	700	701	699	703	700	706	702	709	693	694	705	706	699	707	696	702	700	699	704	700	700.92	221
27	700	700	692	690	703	705	710	706	706	687	697	701	691	691	700	705	710	693	699	682	712	705	695	691	699	701	698	706	702	701	700	699	699	703	700	706	702	709	687	692	702	699	699	707	695	701	694	698	704	700	699.48	220
28	698	700	691	688	702	705	710	706	706	687	696	698	691	691	698	705	710	693	699	682	712	704	695	691	699	700	695	706	700	700	698	699	698	703	700	706	701	709	686	692	702	698	699	707	695	696	694	698	704	698	698.82	219
29	698	697	690	687	702	697	710	704	706	687	695	698	691	691	697	704	710	692	699	679	710	704	693	691	699	699	695	705	700	698	698	693	698	703	699	706	701	708	686	692	702	697	699	707	694	696	690	694	704	697	697.84	218
30	697	697	689	687	702	695	708	704	706	687	693	696	688	689	697	703	710	692	698	678	710	703	693	691	699	699	695	705	700	691	695	690	698	702	697	706	701	706	686	690	702	696	699	706	693	696	689	694	704	695	696.94	217
31	696	697	689	687	702	691	708	704	706	687	691	696	685	687	697	703	710	692	698	678	710	703	692	691	699	699	695	705	699	691	695	689	697	701	694	701	699	706	686	689	701	696	698	706	693	695	685	694	704	694	696.22	216
32	696	696	688	686	702	691	708	704	703	687	689	694	685	687	697	703	707	684	697	674	709	703	691	691	696	699	690	705	696	690	695	687	697	701	694	699	697	706	686	689	701	696	698	704	692	695	685	692	702	690	695.08	215
33	696	696	687	686	701	684	706	704	703	687	688	694	685	686	695	703	705	679	695	673	706	703	689	691	696	698	690	702	695	690	692	682	697	701	693	697	697	705	685	689	698	690	698	704	692	695	685	691	702	690	693.92	214
34	694	691	682	686	701	684	698	704	703	687	688	694	685	685	694	696	702	679	693	672	706	703	688	689	696	696	688	702	692	686	692	682	696	693	693	695	696	705	683	689	698	690	698	697	692	692	683	690	702	690	692.4	213
35	694	689	678	686	698	681	695	704	700	671	688	694	685	685	693	693	701	679	693	672	706	703	688	688	692	691	688	701	692	681	691	680	696	691	693	694	696	705	679	689	696	690	698	695	692	692	683	689	701	690	690.98	212
36	694	686	674	685	697	681	694	703	699	671	688	694	680	685	691	693	700	678	690	670	705	703	687	685	691	684	688	701	691	680	691	680	694	688	691	694	696	705	673	689	695	690	698	684	692	692	683	687	700	689	689.58	211
37	694	683	673	685	697	680	694	703	698	670	686	694	680	685	691	691	699	678	690	669	705	702	686	685	691	684	687	695	691	679	691	680	694	688	688	694	696	705	672	689	694	688	696	683	692	692	682	687	700	689	688.9	210
38	693	679	673	684	696	680	693	702	698	669	685	694	679	685	690	690	699	678	690	667	703	702	684	685	691	684	687	693	690	679	691	679	693	687	687	694	696	703	672	688	694	688	696	683	692	691	682	687	700	689	688.28	209
39	693	679	673	681	696	680	693	702	696	667	685	693	678	683	690	690	699	678	690	666	701	702	684	684	691	684	687	693	686	678	691	679	692	686	687	693	688	703	671	688	693	688	694	679	691	691	682	687	700	688	687.46	208
40	692	678	673	681	696	680	693	702	694	665	685	691	677	679	690	689	699	678	690	666	701	702	683	684	690	681	687	693	685	678	690	679	692	686	686	692	685	699	669	688	692	685	691	678	691	691	681	687	700	688	686.64	207
41	692	678	671	681	696	678	691	702	694	665	685	691	675	677	689	689	697	678	687	666	701	700	680	684	689	679	687	692	683	675	689	677	692	685	686	692	685	698	668	683	691	683	691	677	691	690	679	683	697	688	685.54	206
42	691	676	671	680	696	675	691	702	693	665	684	687	675	672	689	688	697	678	687	664	701	699	680	682	687	678	687	692	683	674	688	677	692	681	685	684	685	698	667	681	691	683	691	677	691	689	678	683	697	688	684.6	205
43	691	670	671	680	696	674	690	701	693	665	681	687	674	671	688	686	696	677	686	648	701	699	680	681	684	676	687	691	679	674	688	676	692	681	685	684	684	698	666	678	691	683	690	677	684	689	675	681	697	688	683.28	204
44	690	668	670	679	695	673	689	701	687	664	681	687	674	671	688	686	696	675	686	646	699	699	678	673	684	675	687	691	678	674	688	669	692	679	684	682	684	698	666	677	691	683	686	677	684	686	675	680	697	687	682.18	203
45	688	668	668	678	687	673	688	700	686	664	681	687	674	671	685	680	693	675	686	642	697	699	677	672	684	673	685	690	677	674	687	667	692	679	684	682	684	698	663	677	691	682	686	677	683	686	675	680	695	685	681.1	202
46	688	668	668	678	685	671	686	700	686	658	681	681	673	669	684	680	691	674	685	642	696	697	677	665	684	673	684	690	677	674	686	667	692	679	684	682	684	698	660	677	690	682	685	677	683	686	673	677	695	685	680.14	201
47	688	668	667	672	685	670	686	698	686	657	679	680	671	669	684	680	690	672	683	635	696	697	675	664	683	673	680	690	676	674	686	665	692	679	679	678	683	695	656	677	690	682	685	675	683	686	673	675	695	684	678.92	200
48	680	668	666	666	677	670	686	698	684	656	677	678	670	668	676	679	687	672	683	633	696	696	671	663	683	673	680	689	676	671	685	665	692	678	677	678	678	695	655	677	690	682	681	675	682	685	673	675	695	683	677.46	199
49	680	668	666	666	676	670	686	697	683	656	676	675	670	668	676	678	685	669	681	626	696	693	671	663	683	673	680	689	674	669	685	663	691	676	677	675	678	695	655	675	690	681	681	672	681	683	673	674	695	676	676.38	198
50	677	668	665	666	676	667	686	694	679	655	675	673	667	667	673	677	684	663	680	626	695	693	669	663	683	672	680	686	673	669	685	663	687	676	676	673	678	695	655	675	690	677	679	672	681	678	672	672	691	676	675.04	197
51	676	660	665	666	676	667	686	694	677	654	675	672	667	666	668	677	684	663	680	626	695	693	669	661	683	670	680	685	673	668	685	659	687	674	673	672	676	692	653	675	690	677	679	669	680	678	672	672	687	676	674.04	196
52	676	660	664	664	676	667	686	694	677	653	675	672	665	666	663	674	681	663	679	626	695	691	667	659	683	669	680	685	667	668	685	656	686	674	673	670	675	690	650	675	689	671	675	666	677	678	671	669	687	676	672.76	195
53	676	660	664	662	676	667	686	693	677	651	675	672	664	666	663	674	681	662	673	623	695	690	667	658	683	669	677	685	667	667	685	656	678	674	673	669	672	690	650	675	687	669	675	666	671	678	670	669	684	676	671.8	194
54	675	660	664	659	674	667	686	693	677	650	673	671	659	665	662	673	681	660	670	623	695	689	667	658	683	669	677	685	666	662	684	655	678	674	672	667	672	690	648	675	687	668	675	665	671	675	668	669	683	674	670.86	193
55	670	658	663	659	674	667	686	691	677	650	673	671	657	663	658	673	678	658	670	620	695	684	667	658	683	669	677	684	666	662	684	655	678	673	671	667	672	689	648	675	686	668	675	664	671	674	668	669	683	674	670.1	192
56	669	658	662	659	673	667	686	691	677	650	673	671	657	663	658	667	675	657	670	620	692	682	667	657	679	664	677	683	665	662	684	655	676	670	670	666	668	689	648	672	686	668	675	664	671	671	668	669	683	673	669.14	191
57	669	658	661	659	673	665	685	690	673	645	672	668	657	655	658	665	675	657	664	612	691	682	662	657	678	664	677	680	664	662	684	655	675	670	667	665	668	689	648	671	684	667	674	662	671	670	664	669	680	673	667.68	190
58	666	658	657	659	672	665	684	686	673	645	672	668	657	654	658	663	675	653	663	610	685	680	655	657	678	662	677	679	664	659	684	654	675	670	667	665	667	689	647	671	682	666	674	661	671	666	664	669	680	672	666.56	189
59	666	658	657	658	672	665	683	685	673	645	672	668	657	654	657	661	670	653	663	608	684	680	654	657	678	662	677	679	662	659	682	654	675	669	666	662	667	689	639	668	680	663	674	655	669	664	664	663	678	672	665.4	188
60	662	657	657	656	672	661	683	685	672	645	670	668	656	654	655	660	663	651	662	608	682	680	654	656	674	662	674	677	662	655	681	652	674	669	666	662	666	688	639	668	678	663	674	654	669	661	664	663	678	672	664.28	187
61	660	656	656	651	672	660	681	678	672	645	670	664	656	648	655	660	662	651	661	608	681	679	654	655	673	662	674	677	662	655	679	652	673	668	666	662	665	685	637	665	676	662	673	654	668	661	664	655	678	672	663.06	186
62	659	655	654	648	672	660	681	678	672	645	668	658	655	648	654	658	662	651	661	608	681	679	654	652	669	659	674	676	662	655	677	652	672	667	666	662	665	678	637	663	675	658	672	654	666	657	660	655	678	672	661.88	185
63	658	655	652	648	672	660	681	678	669	644	667	658	654	645	652	657	661	651	658	608	681	679	649	649	668	659	671	676	660	653	676	651	672	667	664	662	665	675	637	660	668	655	671	654	663	656	659	653	678	672	660.62	184
64	658	655	652	648	669	660	680	678	669	644	667	658	654	642	652	653	659	647	655	606	681	678	649	648	667	659	670	676	660	653	671	650	671	667	663	662	665	674	637	657	668	655	670	654	660	654	659	652	677	671	659.68	183
65	658	654	648	648	667	659	678	678	666	643	667	657	653	642	651	648	658	646	655	606	681	678	645	648	662	659	669	672	660	653	670	649	670	667	663	662	664	674	637	657	666	655	670	654	659	654	658	652	670	667	658.54	182
66	653	649	648	640	667	655	678	674	665	640	667	657	653	641	651	648	658	645	655	604	681	678	643	646	658	659	668	672	660	652	670	649	667	667	663	655	664	674	630	656	666	653	670	654	657	646	650	650	668	667	656.82	181
67	653	645	648	639	664	655	678	674	663	640	664	657	653	638	651	648	658	644	655	602	681	678	642	646	656	659	668	672	656	652	670	647	667	667	658	654	664	673	626	654	665	653	669	654	657	644	650	647	668	667	655.86	180
68	652	645	648	639	660	655	677	674	662	640	660	657	651	635	649	648	658	644	653	601	680	674	641	645	656	658	668	670	656	650	670	644	666	664	658	651	664	672	625	649	665	653	669	653	654	640	650	647	668	667	654.7	179
69	649	644	648	639	660	655	677	673	662	640	659	657	648	634	649	648	655	644	647	601	679	674	641	645	656	656	666	670	653	650	668	643	665	663	658	651	662	670	623	645	665	653	664	651	650	640	648	647	668	667	653.6	178
70	648	644	648	639	657	652	670	672	662	640	659	652	647	634	648	647	652	641	647	601	679	673	640	644	654	656	661	668	649	649	665	642	665	663	658	649	662	670	621	644	665	650	664	647	650	639	645	647	667	663	652.18	177
71	648	643	641	637	656	652	669	671	661	640	659	649	647	634	648	645	652	640	647	600	679	671	640	642	653	651	659	668	649	649	663	641	665	659	658	648	658	669	619	642	665	650	664	646	650	638	644	646	664	661	651.0	176
72	648	642	641	637	653	652	668	671	661	640	658	649	647	634	648	645	650	639	647	600	678	671	640	642	651	651	659	668	647	649	663	641	661	659	658	648	658	667	619	642	665	650	664	646	650	636	644	645	663	660	650.5	175
73	648	641	638	636	653	652	668	667	659	640	654	647	647	633	648	644	650	636	647	600	678	671	640	641	651	651	659	667	646	648	661	637	661	659	657	647	654	665	618	642	664	646	660	644	650	635	644	644	661	659	649.36	174
74	643	641	638	635	653	647	668	667	656	637	653	647	647	633	646	642	650	633	646	598	677	671	638	639	651	650	657	661	639	647	659	637	660	657	656	647	651	665	618	642	660	646	660	643	650	635	641	644	660	659	648.0	173
75	640	640	631	635	653	647	668	667	656	637	652	647	646	633	646	641	650	628	646	597	672	671	637	634	651	650	657	658	637	644	656	637	658	656	655	644	648	664	615	641	660	644	659	639	649	632	641	644	660	659	646.64	172
76	639	640	631	632	652	647	666	667	655	633	652	645	638	632	646	641	647	625	644	593	672	671	636	633	648	646	657	658	636	642	654	637	657	655	652	640	632	664	614	641	659	644	659	638	649	631	641	644	658	659	645.04	171
77	639	636	631	628	650	647	666	667	653	632	652	644	637	632	645	641	647	622	643	593	670	671	636	632	642	646	655	656	636	642	654	637	657	655	652	640	630	664	611	634	659	642	656	636	649	629	638	643	658	659	643.88	170
78	635	629	631	627	650	647	660	664	652	632	652	641	633	632	645	641	647	622	643	587	669	671	635	629	639	644	653	651	634	640	653	636	657	653	652	638	630	664	610	633	655	642	655	632	644	628	638	643	658	659	642.3	169
79	631	629	629	627	650	645	659	663	652	632	650	641	632	631	645	641	647	622	641	587	663	671	635	629	638	643	653	651	633	640	653	634	655	653	650	638	630	664	610	631	655	642	654	632	641	628	637	642	658	657	641.48	168
80	631	627	625	627	650	645	657	663	652	631	650	637	630	631	645	641	643	622	641	587	662	671	635	622	638	641	653	646	633	638	645	634	655	653	649	634	630	661	610	629	655	639	652	628	640	628	637	640	657	657	640.14	167
81	630	624	621	627	650	645	655	660	651	630	642	636	627	630	645	637	640	620	639	587	661	669	632	622	636	641	653	642	624	638	645	633	653	652	649	634	630	659	607	629	655	637	649	626	638	628	636	640	656	648	638.36	166
82	628	621	621	627	645	643	655	660	651	630	642	635	626	625	643	637	638	618	637	587	653	669	630	621	634	641	651	642	624	637	645	626	653	651	646	634	630	658	607	625	655	637	648	623	637	628	632	640	656	645	636.94	165
83	628	621	621	618	645	643	654	659	650	628	642	635	625	625	640	635	633	618	633	587	652	665	622	621	634	641	651	639	624	636	642	626	653	651	646	632	629	658	607	625	655	633	646	621	637	627	632	636	656	645	635.64	164
84	627	621	621	618	644	641	649	658	650	626	626	632	618	624	640	632	631	618	632	586	652	663	621	621	633	634	651	639	620	632	642	626	652	650	643	632	629	656	605	625	651	633	645	614	634	623	632	635	655	626	633.36	163
85	627	620	621	617	643	639	647	658	647	626	626	625	618	624	640	632	629	617	626	585	646	663	621	620	630	634	651	639	615	632	641	626	652	649	641	632	629	655	604	625	651	632	637	612	633	623	632	634	655	624	632.1	162
86	627	616	620	615	640	639	645	656	645	626	624	625	617	623	638	632	627	609	623	585	646	661	618	619	630	633	651	637	611	632	641	623	651	649	641	632	626	655	599	625	649	631	636	595	630	623	629	633	654	624	630.32	161
87	626	615	620	614	640	638	643	656	645	620	624	624	615	619	638	631	627	608	623	585	646	659	618	617	630	630	651	632	611	630	639	619	649	649	641	629	626	651	599	623	645	631	635	595	627	623	629	631	654	624	629.08	160
88	626	613	620	614	637	635	640	656	645	617	621	622	613	619	636	627	627	607	623	582	645	659	616	617	630	626	646	629	611	629	635	615	649	648	641	629	624	649	583	620	644	628	633	595	627	623	629	625	651	623	627.18	159
89	626	613	620	614	635	632	639	652	644	615	620	622	613	619	636	627	625	607	616	581	642	651	616	615	630	621	646	629	610	626	633	608	645	648	639	622	624	649	582	620	644	624	630	595	626	623	627	623	651	623	625.56	158
90	623	606	620	612	631	631	639	652	643	615	618	622	612	619	633	623	617	604	614	575	638	647	615	614	630	621	643	625	606	623	633	606	638	645	635	622	622	643	581	620	644	623	630	592	625	622	625	619	651	620	623.34	157
91	622	604	619	612	630	627	633	650	641	615	617	622	607	616	633	621	617	601	612	573	638	646	615	611	630	616	641	625	595	620	633	601	636	638	634	621	619	638	577	618	644	623	630	591	618	619	625	616	648	619	621.14	156
92	621	603	618	608	630	624	633	644	639	615	617	621	605	615	631	620	617	600	612	572	636	646	615	611	628	615	641	624	593	619	628	601	633	638	631	618	618	638	576	613	642	623	630	590	618	619	625	612	646	618	619.8	155
93	621	602	618	605	630	624	631	644	637	614	617	621	603	614	628	618	615	599	610	571	633	646	615	610	626	615	640	616	591	618	628	597	630	638	631	618	618	638	574	610	642	622	628	583	617	612	625	612	641	617	618.26	154
94	621	599	618	604	629	624	631	642	637	614	616	618	596	612	625	618	615	596	607	571	632	646	611	610	626	615	639	615	591	617	628	597	628	635	630	614	617	636	574	609	639	622	627	581	617	609	621	609	641	614	616.86	153
95	619	598	616	604	629	624	630	642	635	611	616	616	596	612	620	618	615	596	607	571	632	646	609	606	619	614	639	613	591	617	627	595	627	633	629	611	617	631	574	607	639	620	626	581	615	608	621	609	633	614	615.56	152
96	619	598	615	602	627	624	630	639	627	609	615	616	596	611	620	611	609	592	606	571	632	642	608	600	619	613	639	612	589	615	625	595	623	631	618	606	614	629	574	605	639	619	621	580	615	608	621	608	633	614	613.68	151
97	619	592	610	600	627	623	630	636	624	609	612	615	596	602	619	611	608	592	605	570	629	641	608	597	619	611	636	609	585	615	625	595	622	627	610	606	614	628	574	602	639	619	618	575	614	606	619	608	632	610	611.86	150
98	619	589	609	600	627	618	629	636	621	607	612	615	580	602	617	610	605	592	603	565	629	641	605	597	618	609	635	608	582	612	622	595	622	627	604	606	612	628	573	598	639	611	614	574	614	606	612	607	630	610	609.92	149
99	619	589	609	593	627	617	627	636	619	607	611	612	580	602	617	610	605	592	603	562	627	641	602	594	618	609	635	606	581	611	618	595	621	625	603	606	608	628	570	595	637	610	614	571	609	602	608	607	628	607	608.46	148
100	619	589	607	593	627	613	627	632	619	607	610	612	577	599	612	608	605	591	602	561	627	641	602	594	618	608	634	603	581	602	618	595	621	625	600	604	604	627	570	590	634	609	613	568	604	599	608	607	627	605	606.96	147
101	619	589	607	591	626	613	624	632	619	604	610	608	576	599	610	606	605	591	600	561	625	640	597	591	612	606	634	600	577	597	614	589	621	621	600	603	604	627	570	590	633	605	613	568	603	596	608	606	627	605	605.44	146
102	612	585	606	591	625	611	624	632	617	602	610	606	575	599	609	602	605	590	600	549	621	638	594	591	611	604	628	599	574	597	606	589	621	620	593	602	602	625	566	589	632	605	613	568	601	596	600	604	624	605	603.36	145
103	611	585	604	589	625	611	624	632	615	598	610	604	575	598	607	602	605	590	600	549	620	634	585	588	605	601	625	595	574	594	599	582	621	620	591	600	599	625	566	581	632	604	612	568	601	595	599	604	624	605	601.66	144
104	611	584	603	581	625	608	624	628	611	598	608	604	575	592	602	595	604	587	598	548	620	626	585	581	605	601	623	594	573	589	598	571	621	618	591	598	598	625	565	581	629	603	612	567	601	595	597	601	624	604	599.64	143
105	611	584	603	580	623	607	618	627	610	598	607	600	570	590	597	595	596	586	593	548	618	626	585	575	605	600	620	585	571	582	598	571	621	618	591	590	596	625	565	579	622	600	608	566	601	591	590	601	623	604	597.4	142
106	607	583	597	580	623	607	618	627	607	597	607	596	570	589	589	594	596	582	590	548	617	625	579	575	605	600	616	569	564	580	598	569	621	613	589	590	594	622	565	578	620	597	606	566	601	590	586	600	615	604	595.22	141
107	605	583	593	578	621	604	618	627	605	596	607	592	570	588	585	594	594	581	590	547	612	623	579	571	602	599	615	567	557	578	597	568	620	613	589	589	591	620	564	577	617	595	603	560	598	586	586	592	615	604	593.3	140
108	602	582	593	577	621	604	612	627	604	595	606	591	569	582	584	589	592	579	590	540	609	623	579	570	602	597	615	566	553	578	596	563	613	609	585	589	588	620	563	577	611	592	597	557	596	586	585	587	613	598	591.12	139
109	598	582	592	573	621	597	611	625	604	593	606	587	565	582	584	588	592	573	588	540	601	623	579	569	598	595	614	565	553	578	594	559	610	605	581	589	588	620	561	577	611	587	595	557	596	585	584	585	611	598	589.38	138
110	598	582	587	571	612	593	610	624	604	591	606	587	564	578	582	579	591	568	588	538	601	621	579	561	598	586	609	565	553	578	592	559	610	605	575	589	588	620	561	570	610	587	584	551	592	583	584	585	611	598	587.16	137
111	597	578	587	570	608	592	601	624	600	591	603	585	560	578	582	574	586	568	587	530	597	618	575	559	598	584	608	561	553	577	590	559	610	603	567	588	588	619	560	570	609	582	578	545	592	581	582	578	602	597	584.62	136
112	596	576	584	559	605	591	601	621	600	584	603	585	556	576	578	573	586	567	587	530	597	618	575	557	598	580	604	560	553	574	590	559	609	603	565	584	588	619	559	569	601	582	562	543	591	581	579	578	601	596	582.66	135
113	596	573	581	554	605	590	598	618	600	579	601	584	555	573	577	573	583	567	587	525	597	618	571	554	597	580	602	560	552	570	590	559	607	600	561	584	588	619	559	565	595	581	562	536	587	581	578	578	591	595	580.72	134
114	593	570	581	548	605	587	598	616	600	579	599	584	553	572	576	571	580	564	586	524	597	612	571	552	593	574	600	557	551	569	582	557	607	593	561	584	588	619	559	564	595	577	561	536	587	577	578	577	590	594	578.96	133
115	591	567	578	541	602	585	598	612	596	578	596	584	549	572	569	571	578	564	586	524	597	609	567	551	590	574	599	553	548	565	581	557	607	589	561	584	588	619	559	564	590	577	560	536	578	577	575	573	590	594	577.06	132
116	586	565	574	541	601	578	586	612	592	572	595	584	545	572	567	570	578	562	586	523	597	609	567	551	588	572	599	553	547	562	578	555	607	587	559	583	588	617	552	564	589	577	556	535	578	576	570	570	588	592	575.1	131
117	586	561	573	541	599	575	583	609	581	572	592	584	541	571	567	570	578	551	581	523	597	599	565	551	588	570	599	553	542	560	578	554	607	584	559	579	585	608	552	560	589	577	554	529	577	575	569	570	588	587	572.86	130
118	583	555	573	539	598	575	581	601	581	572	592	584	541	567	555	570	578	551	580	523	596	599	565	551	584	567	598	553	539	560	578	550	607	583	542	579	585	602	552	557	589	574	554	526	576	574	569	570	587	586	571.02	129
119	583	552	573	539	595	575	581	593	576	560	590	581	541	565	554	563	578	548	577	523	596	598	564	551	583	564	595	553	539	555	577	550	607	579	537	579	585	602	548	551	589	574	553	526	574	574	567	563	587	583	569.0	128
120	583	552	573	534	594	574	581	593	576	559	589	580	541	561	549	562	578	547	577	523	596	596	561	551	583	564	595	551	531	552	577	546	604	579	537	579	585	600	544	550	589	572	551	526	571	569	567	563	586	583	567.68	127
121	582	552	566	533	586	574	578	591	576	556	589	580	539	561	549	561	578	544	574	523	596	595	556	551	582	555	594	551	531	552	576	546	601	578	532	579	573	599	542	550	585	572	549	526	570	568	567	563	586	583	566.0	126
122	582	552	565	533	583	568	578	591	571	554	586	580	535	559	545	561	578	544	572	523	596	591	556	546	579	553	593	549	530	545	575	546	598	573	531	579	571	599	539	549	575	568	543	525	570	568	564	563	586	583	564.06	125
123	582	552	565	533	575	568	574	588	568	550	586	574	535	555	544	560	574	544	568	517	594	588	556	545	579	549	593	544	527	536	575	543	597	573	527	577	570	596	539	548	569	568	542	519	559	564	556	560	582	580	561.34	124
124	575	552	564	530	571	568	573	588	566	550	584	574	535	554	544	556	574	544	568	517	588	584	555	544	577	549	591	544	523	532	575	543	596	573	527	575	570	591	537	544	568	567	540	517	556	564	556	557	578	580	559.76	123
125	575	550	564	528	567	568	572	582	560	550	584	570	531	554	540	553	571	544	568	515	588	584	554	533	574	549	591	544	520	531	573	542	591	573	523	571	563	591	535	544	566	566	540	517	556	564	556	556	577	580	557.96	122
126	571	550	558	522	563	558	568	580	554	546	583	570	527	554	534	553	571	541	568	515	588	582	554	525	572	545	582	542	516	531	573	542	591	573	523	569	562	588	534	540	566	564	539	517	551	558	555	556	576	578	555.56	121
127	571	548	549	522	558	558	566	580	554	546	582	567	524	552	522	549	565	541	568	514	588	582	554	525	572	545	582	538	516	529	569	542	587	573	523	569	557	587	534	540	566	564	539	517	547	556	552	556	572	577	553.88	120
128	569	539	542	521	555	558	566	580	554	546	579	565	516	550	522	545	565	541	568	514	587	582	547	525	571	543	582	538	511	528	569	542	582	572	516	569	557	587	534	540	566	564	533	512	546	556	552	555	568	577	552.12	119
129	565	539	540	521	548	554	566	571	554	541	576	565	516	550	519	543	565	537	568	514	581	582	543	525	571	539	574	538	510	528	569	542	578	572	516	568	553	584	534	538	566	558	531	507	540	555	542	552	568	574	549.8	118
130	565	539	536	513	548	546	562	571	554	541	575	565	511	539	518	540	563	537	568	514	576	582	539	524	570	539	573	534	510	528	569	542	578	570	513	567	548	584	534	535	563	557	531	505	540	554	539	552	568	574	548.06	117
131	565	536	534	508	545	545	562	565	554	540	573	563	511	533	517	540	562	537	567	511	572	576	538	524	570	537	570	532	510	524	567	541	576	570	507	567	545	584	532	535	562	557	531	504	540	554	539	548	562	573	546.3	116
132	561	531	533	507	545	540	561	557	554	537	567	563	508	533	514	540	560	537	561	510	572	576	538	522	561	537	564	532	507	523	559	541	572	569	499	558	543	579	532	528	558	557	531	503	533	554	531	548	562	572	543.6	115
133	560	528	533	500	545	539	557	557	546	533	567	563	505	533	512	540	556	535	560	510	572	576	538	522	557	536	564	527	505	504	559	540	570	562	496	555	541	579	532	528	558	557	530	502	533	549	529	544	557	569	541.4	114
134	555	522	524	497	539	536	551	557	542	532	566	563	502	533	505	540	551	533	560	510	568	573	534	516	557	534	559	522	502	503	551	539	563	561	493	548	540	573	532	523	553	554	530	502	533	537	528	543	557	567	538.26	113
135	554	522	521	494	539	531	543	557	541	528	563	559	502	531	502	536	549	527	552	510	568	572	534	514	557	533	559	519	497	500	542	535	563	559	489	543	540	573	528	523	550	554	528	502	527	534	525	543	556	565	535.86	112
136	550	522	519	494	539	529	538	549	540	524	563	559	500	531	502	534	541	527	552	508	565	564	534	512	557	531	559	519	497	498	534	534	559	557	489	543	539	569	526	519	548	548	525	497	520	534	518	543	555	562	533.52	111
137	545	522	513	487	533	529	532	547	537	516	563	555	500	531	501	532	540	527	552	505	565	564	534	511	557	525	554	519	497	496	530	528	554	557	485	543	536	567	521	519	547	548	523	495	520	532	509	540	550	562	531.1	110
138	541	522	513	481	532	527	525	544	534	516	563	554	500	531	494	530	531	523	544	505	564	558	533	511	557	525	551	514	496	493	522	526	554	557	483	541	535	567	518	514	543	544	523	493	519	532	502	535	546	558	528.48	109
139	541	520	510	481	516	525	524	544	534	510	563	552	496	527	494	529	530	522	544	504	554	558	528	509	554	520	551	512	496	493	516	526	553	555	483	541	528	564	517	509	534	540	521	492	519	531	483	535	539	555	525.64	108
140	540	519	510	474	516	525	518	544	528	510	563	550	496	525	486	529	525	522	544	504	550	557	525	492	554	519	550	509	492	491	513	521	552	554	483	541	528	564	514	505	530	540	517	491	517	530	482	533	535	551	523.36	107
141	540	518	510	474	515	525	517	540	521	510	558	550	496	525	486	526	525	522	544	500	546	553	523	491	554	519	549	504	490	488	509	515	547	552	483	541	520	562	509	505	526	538	517	487	513	526	482	533	527	544	521.1	106
142	540	518	502	474	507	518	517	540	521	505	554	550	496	525	484	517	525	521	540	493	543	549	523	490	552	516	549	504	490	482	499	511	545	552	482	537	516	557	508	505	523	538	517	487	511	521	482	531	527	544	518.76	105
143	540	518	499	468	505	510	514	540	515	504	554	544	496	518	479	515	523	517	537	488	541	548	522	484	552	516	549	498	490	477	499	511	545	551	482	536	512	553	506	503	523	529	517	487	511	521	480	527	527	537	516.36	104
144	535	515	495	462	503	509	514	533	506	504	553	544	495	516	478	509	523	517	530	485	539	544	519	484	550	515	547	497	490	477	496	510	545	550	482	531	505	553	506	502	521	528	515	487	504	512	475	527	523	534	513.88	103
145	535	515	487	461	503	505	513	532	502	504	552	543	489	516	477	509	523	517	530	484	539	540	519	484	546	515	546	496	485	476	496	509	545	547	480	525	498	552	506	492	518	527	507	486	501	509	475	522	523	529	511.8	102
146	535	515	481	460	502	505	508	526	501	500	549	543	489	516	477	509	522	517	530	482	539	540	519	484	546	514	546	491	483	476	494	508	540	547	480	524	497	548	504	490	511	527	507	484	497	508	475	521	521	528	510.32	101
147	535	514	480	458	502	494	508	521	500	500	544	539	488	512	477	504	513	517	527	480	539	540	515	484	543	506	544	491	478	476	492	508	535	542	480	523	497	544	502	487	511	527	504	482	497	507	475	517	513	528	508.0	100
148	533	514	475	458	501	491	507	516	500	498	543	538	482	511	477	503	509	517	526	474	538	537	507	479	540	505	541	491	468	471	487	502	530	539	480	519	496	544	491	485	510	526	503	482	495	504	475	501	511	526	505.12	99
149	527	514	466	452	501	487	503	514	497	496	541	533	480	492	471	499	509	513	526	468	534	532	506	474	540	505	538	491	466	469	487	500	527	539	477	513	496	540	490	481	507	524	496	480	495	504	470	499	506	521	501.92	98
150	527	503	456	448	500	486	503	508	497	495	540	529	480	486	466	493	505	510	526	467	532	524	502	472	534	505	534	488	465	464	484	496	523	539	477	507	496	540	490	479	507	524	496	480	490	504	462	499	501	511	499.0	97
151	527	502	454	444	500	486	494	508	492	486	537	526	474	486	466	489	505	510	526	461	525	519	492	469	533	500	534	486	463	464	483	494	521	538	472	507	495	540	484	479	499	514	490	472	489	497	461	499	498	507	495.94	96
152	521	492	454	442	493	485	489	506	487	478	528	519	470	477	459	489	503	502	524	461	525	519	491	468	533	491	534	486	463	457	481	494	513	538	472	499	493	539	484	475	495	513	486	466	488	497	461	494	496	504	492.68	95
153	521	491	449	442	492	485	486	500	486	475	521	516	470	477	452	482	503	502	520	461	525	513	483	467	530	491	532	486	463	451	476	492	506	533	466	499	493	537	475	466	483	504	479	466	484	497	459	489	494	502	489.44	94
154	513	486	449	442	490	477	481	499	486	475	514	512	470	477	452	479	503	499	513	460	525	513	477	464	527	491	526	486	462	444	470	489	506	528	465	499	485	532	475	466	476	500	470	463	480	487	455	487	494	502	486.42	93
155	513	474	448	440	485	467	479	489	480	475	514	510	470	473	451	478	501	499	507	452	524	510	477	464	523	482	523	486	461	439	470	489	499	525	461	496	485	529	471	466	467	500	470	461	470	477	453	480	493	502	483.16	92
156	512	467	448	439	479	465	472	488	480	470	514	509	464	470	446	478	498	495	503	449	521	509	472	464	520	482	523	486	457	432	470	489	499	525	461	485	485	525	471	466	463	499	459	461	470	475	447	478	492	492	480.48	91
157	506	462	448	439	473	459	471	482	480	470	506	502	452	470	444	478	497	494	503	448	516	509	472	463	520	479	517	482	457	431	469	488	495	524	450	484	480	521	471	465	463	497	459	458	469	474	447	474	489	487	477.88	90
158	506	462	440	434	473	459	471	482	472	466	500	491	447	469	439	478	491	489	502	447	514	501	472	461	516	479	516	482	449	422	456	488	495	516	450	482	472	517	469	465	463	496	458	458	469	471	446	470	480	483	474.68	89
159	506	460	439	428	465	448	471	479	468	455	499	491	447	460	438	472	488	484	500	445	513	498	463	454	509	478	510	482	448	422	456	487	494	508	447	478	465	517	469	460	461	496	458	447	456	465	446	455	477	482	470.88	88
160	506	458	435	424	460	442	471	479	465	451	497	491	447	454	427	463	485	484	494	444	513	495	459	448	507	476	503	481	448	422	456	486	492	502	438	473	463	517	468	454	453	493	458	435	455	453	446	448	472	473	467.28	87
161	501	454	424	424	453	435	469	478	455	444	492	485	446	447	427	452	482	478	494	436	513	492	452	448	505	470	503	477	448	412	455	485	491	502	429	465	463	517	462	449	449	493	458	433	448	451	446	442	462	468	463.28	86
162	500	445	423	423	451	434	462	473	454	444	484	484	441	447	420	452	472	478	491	436	513	485	446	447	504	470	498	472	442	404	449	479	491	493	424	458	461	511	460	446	449	487	450	426	441	449	446	442	461	468	459.72	85
163	497	439	421	422	450	434	462	473	454	444	483	476	432	446	412	452	472	472	490	428	507	485	437	442	504	465	498	466	436	403	448	473	480	487	421	458	460	506	455	439	447	482	450	426	441	445	439	439	457	461	456.32	84
164	494	439	412	418	448	429	462	470	444	437	476	469	425	443	402	452	472	471	486	426	507	480	432	434	501	456	495	466	436	403	444	471	480	484	413	454	459	506	455	439	446	482	444	426	437	436	433	439	451	461	452.9	83
165	485	426	406	411	444	429	458	470	443	433	468	469	423	441	402	450	463	471	480	416	504	475	431	431	501	456	495	461	435	401	436	464	480	479	413	448	458	497	455	429	444	476	444	426	437	435	427	439	451	453	449.38	82
166	477	425	396	402	432	420	449	470	436	433	463	469	423	441	393	445	463	471	480	412	498	466	421	431	496	450	495	461	429	401	434	462	469	479	410	440	458	497	441	425	444	470	444	418	428	424	427	435	451	453	445.14	81
167	476	420	396	402	426	418	444	468	435	428	463	458	414	439	393	445	457	467	480	410	498	450	421	431	495	443	490	461	429	398	433	462	461	472	404	439	456	492	433	425	443	470	444	418	428	418	427	435	445	452	442.24	80
168	468	415	396	400	419	418	444	460	435	421	461	447	411	434	391	444	457	467	472	410	495	440	420	431	492	443	486	456	419	390	432	455	459	472	397	437	456	491	427	425	443	470	442	418	422	418	427	435	439	449	439.12	79
169	468	415	388	395	418	418	442	451	434	420	456	440	411	431	383	440	457	463	468	409	495	439	420	431	492	441	486	456	418	388	431	455	459	472	396	436	446	485	425	425	432	469	441	413	417	418	422	434	439	444	436.64	78
170	463	415	387	387	412	415	441	451	425	413	453	440	401	430	374	431	438	463	460	409	486	436	420	430	485	437	483	446	410	384	422	453	455	467	387	431	439	485	423	420	425	468	436	413	415	418	420	433	430	436	432.02	77
171	454	414	379	377	403	415	441	449	424	406	453	437	395	428	374	430	437	463	456	402	485	436	413	430	481	436	483	441	405	376	421	450	452	465	385	424	431	485	422	414	417	460	428	410	415	418	420	430	429	433	428.64	76
172	451	410	379	376	395	413	435	449	415	406	452	435	384	420	373	429	437	457	456	397	483	434	406	421	478	436	475	440	395	376	420	444	452	458	385	418	427	478	422	413	415	456	418	402	414	418	420	428	424	431	425.12	75
173	451	410	379	366	394	413	435	440	413	406	450	432	382	416	368	420	437	457	440	396	482	433	387	414	471	428	471	440	395	376	411	438	449	450	384	418	420	472	411	409	415	450	411	393	406	417	414	428	422	429	420.98	74
174	451	409	379	361	394	411	435	438	406	406	444	425	379	416	367	420	437	448	440	391	482	425	383	411	463	423	468	439	392	376	404	436	445	437	383	415	411	472	410	399	410	438	399	387	396	417	414	428	421	419	417.2	73
175	450	409	378	361	393	401	431	432	399	401	444	424	374	410	367	419	435	437	436	390	482	425	380	403	458	422	466	435	392	364	404	431	441	436	382	407	407	462	403	397	401	434	399	386	392	413	414	420	414	415	413.52	72
176	443	399	377	359	385	400	431	431	398	399	442	422	374	408	367	410	429	437	430	387	479	421	376	403	451	421	465	431	380	361	404	430	430	436	374	407	405	459	403	397	398	434	389	384	387	411	414	419	412	409	410.36	71
177	438	399	371	359	385	399	430	428	398	399	442	422	370	408	360	406	429	434	430	386	479	408	376	403	450	415	464	419	380	353	404	427	418	436	370	404	405	455	401	389	398	433	389	383	376	411	410	414	412	409	407.68	70
178	438	394	370	359	377	390	427	420	398	399	433	416	366	406	351	406	426	434	424	386	478	407	369	403	444	415	458	410	378	352	404	427	411	434	368	404	395	450	401	382	395	431	389	382	367	405	403	412	409	401	404.08	69
179	432	383	370	350	377	390	426	414	390	398	423	411	358	400	350	406	421	417	424	385	470	406	358	402	442	414	454	404	376	344	403	427	403	434	362	402	394	450	393	377	395	428	387	370	367	401	402	407	402	393	399.84	68
180	432	382	370	343	377	389	419	409	378	393	419	410	358	400	339	406	411	410	424	372	451	405	358	400	435	414	454	402	373	344	402	416	403	434	359	400	391	444	392	366	390	416	386	367	361	395	390	403	401	393	395.72	67
181	431	379	366	343	367	381	409	401	371	393	411	403	346	395	337	406	400	410	417	372	445	404	358	397	423	414	454	396	373	343	400	412	391	422	355	400	383	444	391	364	389	416	378	362	351	390	389	403	397	383	391.3	66
182	430	368	362	339	367	381	409	393	366	385	401	403	346	389	337	398	396	403	409	371	439	404	356	396	416	412	453	384	373	343	393	406	391	412	354	400	382	443	390	356	374	416	371	355	345	390	389	398	397	378	387.38	65
183	430	366	358	329	360	375	409	377	360	382	397	401	340	379	325	395	393	403	406	366	432	404	356	396	404	412	452	382	373	336	386	406	389	405	345	393	382	435	390	355	374	413	360	352	344	384	382	396	397	376	383.24	64
184	430	356	358	329	354	375	409	372	349	381	397	401	338	379	325	395	393	402	401	366	426	402	350	394	395	393	451	382	360	326	378	406	387	403	332	389	382	431	389	355	365	409	358	340	343	377	379	392	393	370	379.34	63
185	423	356	358	328	346	372	406	372	348	381	386	389	338	376	316	385	385	401	394	366	426	399	342	388	388	386	440	382	360	314	375	404	376	398	331	389	377	431	388	355	365	403	358	340	343	374	369	387	385	370	375.38	62
186	418	349	358	321	346	362	393	360	336	373	379	383	338	376	314	378	385	392	385	359	423	393	342	386	388	385	431	381	360	314	375	400	376	398	329	381	377	425	385	344	348	395	350	340	340	372	359	381	385	363	370.62	61
187	417	342	355	320	342	350	393	353	335	369	377	379	337	364	314	376	378	387	385	359	417	388	337	386	388	383	431	372	350	314	366	394	368	396	329	377	376	422	377	340	337	392	349	327	339	372	355	380	378	356	366.56	60
188	413	342	355	310	331	342	385	351	327	364	368	367	334	358	314	371	373	387	385	356	405	378	332	378	387	383	426	364	349	306	358	382	358	391	329	369	371	416	371	340	337	388	346	326	329	372	349	371	376	356	361.52	59
189	411	338	352	299	317	338	384	347	327	357	359	356	333	355	300	363	367	387	383	356	394	369	331	374	384	379	426	359	349	306	358	380	358	388	321	361	366	416	371	332	335	385	333	324	328	359	349	371	376	356	357.34	58
190	404	335	345	298	317	338	378	347	321	353	359	356	332	354	296	363	360	387	372	349	388	365	330	367	382	373	420	348	341	296	357	380	348	384	320	350	360	403	366	331	332	377	330	319	323	359	339	368	370	356	352.92	57
191	404	328	345	297	316	338	378	335	313	353	347	356	323	352	293	344	359	387	362	342	382	362	328	367	381	370	410	338	331	286	349	379	342	383	320	349	359	401	364	329	322	369	322	318	320	359	339	368	362	355	348.72	56
192	404	326	335	296	315	333	368	326	313	349	346	347	323	352	293	331	358	387	361	335	374	354	327	365	381	370	403	326	331	284	349	379	342	376	310	340	348	401	356	319	317	369	322	318	319	356	328	368	352	347	344.58	55
193	403	311	334	293	310	330	368	326	306	348	346	347	322	351	292	321	353	382	349	333	360	351	326	355	380	365	396	326	321	284	340	362	334	376	298	332	346	394	354	311	307	358	311	318	319	349	326	360	350	347	339.62	54
194	400	303	334	293	309	319	358	319	298	340	335	347	313	351	287	316	353	376	346	332	357	350	326	346	373	364	395	318	321	284	327	358	331	376	294	332	345	391	348	302	297	355	309	306	319	348	318	360	349	344	335.44	53
195	399	299	329	293	302	319	358	318	297	330	333	344	308	344	281	313	352	372	341	330	352	349	326	345	365	355	384	318	321	281	326	348	330	367	289	327	344	391	341	302	296	346	309	306	306	348	315	360	340	344	331.86	52
196	393	289	318	291	302	313	353	318	296	318	332	343	296	334	280	303	347	372	329	324	348	336	319	345	364	347	375	317	321	279	326	338	326	366	288	327	338	391	334	293	281	346	304	303	303	341	314	352	340	335	326.96	51
197	383	289	312	291	294	305	353	312	290	316	332	339	296	334	278	299	340	371	329	322	348	330	318	331	359	344	365	316	321	278	322	338	323	366	278	326	330	384	334	290	280	332	297	295	295	337	314	350	338	333	323.14	50
198	369	280	302	290	294	298	352	300	287	306	330	332	280	333	273	296	337	364	324	321	348	315	314	323	359	331	361	312	313	278	322	335	318	366	278	317	330	376	327	290	279	321	297	295	294	336	304	345	330	326	318.16	49
199	362	272	293	274	291	298	352	300	280	290	330	324	272	325	256	296	332	363	315	318	338	308	307	315	359	321	349	299	313	277	318	323	316	366	277	317	327	371	327	290	278	311	297	287	279	327	302	340	328	321	312.62	48
200	357	261	277	262	291	297	351	289	275	290	329	324	260	317	248	294	332	358	314	318	329	307	306	302	354	320	340	290	312	269	311	312	311	363	265	316	327	364	327	289	278	306	297	282	279	326	293	332	324	321	307.92	47
201	350	260	275	262	291	294	351	285	268	279	316	318	250	303	248	294	330	346	312	308	315	304	302	302	351	315	332	288	301	268	308	303	309	360	264	316	317	355	317	288	277	295	291	271	270	316	293	321	319	310	302.36	46
202	338	260	274	261	287	287	339	281	263	274	316	309	248	292	240	294	320	346	306	292	315	298	293	297	346	312	324	288	301	258	303	303	309	360	263	316	312	347	315	279	268	295	287	269	269	312	284	317	307	295	297.38	45
203	329	260	274	261	287	287	338	271	258	262	309	309	247	286	239	290	319	345	303	279	312	297	292	296	346	312	315	278	296	258	298	299	307	345	255	297	302	347	303	264	257	295	273	269	267	312	272	317	304	286	292.48	44
204	325	260	274	246	277	274	338	267	258	259	298	297	233	283	239	281	315	332	299	279	311	295	289	295	337	302	302	268	296	248	285	290	295	336	244	288	302	346	303	258	256	294	267	267	267	312	267	306	304	286	287.0	43
205	308	259	263	242	277	269	337	267	255	259	290	295	223	282	234	276	313	322	299	272	311	287	289	295	337	302	302	266	296	247	276	289	287	335	244	286	302	335	295	244	239	294	251	266	266	302	258	293	289	285	282.2	42
206	298	251	262	240	276	268	327	267	254	259	278	291	215	278	233	272	312	322	299	271	300	286	279	292	333	295	290	265	295	238	269	288	286	330	232	284	291	335	286	244	235	294	245	266	254	296	258	292	276	285	277.84	41
207	294	251	250	240	264	267	319	263	253	259	278	290	204	268	220	272	310	316	288	268	288	285	278	283	319	295	280	261	295	230	254	287	273	326	221	279	283	328	286	243	229	285	244	259	254	295	258	282	275	276	272.5	40
208	294	251	236	232	259	264	311	263	249	257	276	289	199	258	211	264	308	306	285	260	287	285	277	273	309	283	272	259	284	230	254	284	272	325	214	269	279	319	286	242	216	278	240	259	239	292	258	272	275	266	267.4	39
209	294	250	217	222	254	254	310	250	244	257	264	289	185	254	211	263	297	305	278	253	287	271	263	271	298	283	270	259	275	230	251	282	272	325	213	268	277	309	280	241	214	263	232	248	231	289	258	264	262	255	261.84	38
210	294	237	212	222	254	254	302	239	234	243	262	284	185	251	211	263	287	296	276	250	284	267	263	265	289	272	261	252	269	228	251	272	271	315	210	265	265	302	279	241	214	263	220	248	231	281	246	256	257	255	256.96	37
211	283	236	211	212	243	254	302	237	230	230	249	280	183	251	210	263	281	290	275	243	275	267	263	265	276	262	260	244	260	228	236	272	269	303	210	263	264	294	269	230	210	261	219	246	230	281	246	251	257	252	252.52	36
212	272	229	195	195	231	253	289	230	227	229	239	274	183	237	203	252	275	277	260	240	274	258	262	252	265	255	244	235	255	227	231	260	268	291	204	263	259	293	256	221	206	259	219	234	224	280	246	237	256	252	245.52	35
213	272	228	195	184	226	252	272	230	227	220	234	266	173	237	202	242	261	272	260	226	262	247	260	243	265	253	244	234	239	227	231	259	259	273	204	261	245	286	255	221	193	259	218	219	224	278	234	222	253	241	239.76	34
214	259	224	192	171	211	246	269	220	220	204	227	266	173	223	187	227	246	259	260	213	261	247	251	235	265	239	229	234	223	213	221	258	251	267	195	259	235	283	244	221	192	246	217	219	219	278	234	217	242	236	232.56	33
215	248	223	178	171	198	246	257	205	210	202	227	266	172	219	187	223	246	250	260	196	261	235	251	232	254	236	228	230	223	212	210	244	239	262	195	245	235	271	244	211	180	245	217	218	218	270	233	217	235	236	227.42	32
216	237	223	177	171	198	230	251	205	210	198	226	265	158	205	186	208	237	246	253	196	251	235	241	224	239	232	228	219	211	197	200	243	231	260	195	241	218	271	244	199	177	230	203	218	217	260	232	217	228	235	221.52	31
217	237	214	176	170	195	230	240	191	190	198	223	254	150	204	183	203	226	238	247	192	236	229	226	224	233	218	228	219	211	197	198	242	231	249	189	241	216	256	228	180	165	216	188	218	217	255	232	211	227	220	215.22	30
218	226	213	175	166	189	223	225	189	177	198	211	253	150	204	174	201	214	221	243	191	222	229	222	224	221	216	215	212	196	188	195	242	231	247	189	235	202	249	227	165	165	212	174	207	215	255	231	197	227	207	209.2	29
219	226	209	168	156	189	215	225	173	170	186	204	250	139	202	170	201	214	220	243	176	222	220	222	222	212	199	214	212	195	182	179	230	225	234	187	228	201	235	215	150	161	209	170	206	204	253	231	189	227	198	203.36	28
220	226	192	164	154	185	203	216	173	170	175	190	238	139	202	168	200	200	209	233	170	222	207	217	222	203	197	203	199	178	182	178	217	212	225	187	215	201	218	205	150	161	209	170	205	204	243	219	183	219	198	197.12	27
221	212	179	164	137	185	193	206	172	170	166	180	221	126	188	158	184	199	197	231	170	209	195	216	217	203	197	192	199	167	182	177	217	206	208	187	214	182	205	195	149	160	199	170	199	204	243	210	167	209	190	190.12	26
222	211	168	149	133	182	188	206	160	170	150	179	220	126	188	158	183	190	192	230	154	206	194	205	217	202	193	192	199	165	181	176	217	206	203	183	214	180	189	181	137	151	192	170	195	204	226	194	154	208	182	185.06	25
223	206	167	144	128	164	182	200	156	155	146	179	206	119	176	150	182	180	191	220	146	200	184	194	203	186	188	190	199	163	177	163	205	192	193	173	213	180	177	179	137	150	191	169	185	196	214	183	140	208	180	178.18	24
224	190	162	144	113	164	179	190	156	155	145	163	206	118	176	144	165	166	185	206	145	188	169	184	195	186	188	185	199	161	177	148	204	178	191	158	213	173	164	179	133	150	187	169	185	183	203	182	125	208	170	172.14	23
225	182	162	144	110	152	162	190	147	154	128	162	206	106	176	141	151	148	179	195	131	187	152	169	180	186	175	176	188	144	177	137	204	161	175	146	205	173	162	179	132	134	168	157	170	177	195	171	125	202	158	163.82	22
226	182	161	144	110	150	144	180	144	140	128	154	205	96	176	141	145	146	177	183	130	176	152	167	175	181	166	176	187	140	172	122	204	156	162	127	204	160	145	167	132	125	168	157	158	158	187	157	125	202	151	157.9	21
227	182	144	140	101	140	144	167	129	138	114	154	205	96	164	124	137	145	173	180	119	175	150	152	175	181	157	176	174	133	167	122	193	141	161	127	199	159	141	165	113	106	168	144	142	148	184	157	109	199	142	151.12	20
228	182	142	140	101	140	136	150	129	126	113	141	196	96	163	122	132	128	167	168	119	174	148	152	174	169	157	159	174	116	155	107	181	140	154	115	199	153	139	155	113	99	152	130	127	139	184	140	109	191	142	144.76	19
229	177	129	139	98	139	136	133	123	109	112	134	182	94	151	113	119	111	165	154	113	174	148	139	169	169	144	155	172	116	146	90	165	136	153	114	189	149	121	139	95	97	143	111	120	139	168	135	107	177	136	136.94	18
230	164	129	130	94	129	136	132	123	109	96	129	182	91	146	112	102	107	165	140	106	163	145	122	167	168	129	146	160	105	146	74	159	134	143	111	187	133	120	136	95	96	142	104	104	124	167	135	104	160	131	130.64	17
231	150	124	130	93	129	120	115	123	92	95	114	182	89	140	95	100	100	164	123	96	147	141	108	158	168	114	142	153	101	131	68	145	117	143	98	176	122	120	136	93	88	141	98	104	124	167	128	104	159	131	123.98	16
232	133	117	120	85	129	114	114	105	86	94	112	172	87	131	77	100	99	162	107	96	141	140	108	158	167	106	127	149	101	117	66	145	117	143	98	161	108	120	130	91	88	122	98	104	119	152	125	104	159	119	118.46	15
233	132	117	100	82	129	104	97	98	82	86	97	159	69	126	59	98	99	155	101	87	141	140	107	145	153	95	114	131	100	103	63	126	117	141	88	145	105	104	129	85	71	121	89	88	104	152	124	104	144	117	110.46	14
234	132	117	99	81	123	104	97	98	64	83	93	140	67	123	58	84	93	140	101	67	133	122	105	144	139	86	113	112	100	102	44	111	114	124	69	128	101	87	111	68	53	120	73	85	88	135	121	91	127	116	101.72	13
235	115	103	88	81	118	102	88	83	64	80	81	137	67	114	57	70	88	123	99	60	129	110	97	144	123	82	100	101	84	84	43	110	113	124	68	128	99	74	101	60	53	111	72	85	87	123	115	91	108	114	95.02	12
236	115	86	82	80	118	96	88	82	47	80	81	137	67	113	42	59	88	114	86	59	114	93	96	127	105	81	96	94	78	65	41	98	95	123	68	126	97	74	100	56	53	105	72	79	83	105	99	91	102	95	88.62	11
237	98	67	82	63	106	77	80	73	33	80	81	123	62	97	42	57	71	97	68	58	95	90	80	109	105	80	92	82	78	61	36	80	91	108	55	114	82	74	84	39	43	103	71	60	66	96	93	72	100	95	78.98	10
238	83	67	81	52	105	59	63	72	33	80	81	106	62	93	25	56	70	84	52	57	78	79	71	109	88	79	77	81	65	61	36	80	88	93	51	114	65	61	84	33	43	83	60	60	60	89	78	61	90	76	71.48	9
239	81	64	63	51	91	59	62	53	32	64	63	88	51	89	10	54	55	82	40	57	78	71	54	93	86	64	57	76	47	61	30	68	87	87	44	114	59	54	66	27	31	80	59	60	60	70	63	51	84	76	63.32	8
240	79	64	55	51	73	47	44	39	27	48	63	76	50	79	6	48	55	78	39	57	63	70	36	77	85	61	42	58	29	43	27	68	70	73	40	98	57	53	48	19	12	67	59	56	52	70	61	43	83	58	55.12	7
241	64	64	54	36	54	39	44	21	14	46	53	76	32	61	4	36	37	60	39	49	53	69	34	74	85	41	40	58	28	39	25	51	64	54	37	97	57	44	42	19	12	54	47	38	41	56	46	37	66	58	46.98	6
242	47	64	45	35	51	37	40	20	12	46	53	57	32	56	4	27	37	60	28	33	52	69	34	56	71	41	32	57	27	22	25	46	54	52	36	79	57	44	42	19	12	34	45	19	41	56	44	17	66	57	41.8	5
243	44	51	37	16	45	37	39	19	12	33	53	37	27	36	4	25	36	43	24	31	52	69	14	42	61	34	31	56	23	22	25	34	39	52	36	66	57	44	22	17	11	34	30	12	39	39	39	15	54	38	35.12	4
244	26	34	18	9	28	17	19	15	5	26	36	37	20	31	4	24	32	42	19	31	38	50	9	23	44	34	31	40	23	22	21	16	32	33	35	47	37	37	22	15	11	20	30	12	35	38	25	15	43	18	26.58	3
245	13	27	4	8	20	17	19	15	3	26	36	24	20	12	4	14	29	30	19	14	35	33	7	23	27	34	11	39	22	20	20	15	26	20	34	39	37	17	10	15	11	20	20	4	35	20	16	0	24	18	20.12	2
246	0	19	0	8	10	0	19	3	0	18	16	5	0	12	2	14	10	20	18	4	17	16	7	20	11	14	10	20	20	20	0	14	14	0	20	19	20	0	4	15	11	0	0	4	18	0	0	0	4	17	9.86	1
247	0	0	0	0	0	0	0	0	0	0	0	0	0	0	0	0	0	0	0	0	0	0	0	0	0	0	0	0	0	0	0	0	0	0	0	0	0	0	0	0	0	0	0	0	0	0	0	0	0	0	0.0	0

