49.530837546418496
57.42328083754645
60.62610733300523
63.38725895933068
64.85680170909578
65.35734419041651
66.62015681624979
67.63431166390767
68.13048633170773
67.96490649187956
68.06951590532864
68.98391011587846
68.59393315735315
68.45910138248847
68.7424611874189
68.94748557111544
69.10578945013647
69.23938526240437
69.198302089392
69.24876962999421
69.27195091942193
69.41700595051674
69.65917073061608
68.90262180663058
69.40992013780148
69.12951322088492
69.24245000223702
68.84587937899876
69.067401905955
69.0986141559662
68.85393270994584
68.91530580287238
68.59184152834327
69.3432173057134
69.07096438638092
69.22465997047115
69.28784506286067
69.28420428616171
69.28308576797458
68.80602098340121
69.13681714464677
69.31541653617292
69.6711836159456
69.17034472730526
68.97767437698538
69.40813050870203
69.5223144378328
69.66070310053243
69.99358529819698
69.35087356270417
69.68565724128675

