# Extinction sequence for 721 applications  and 247 platforms.
# This is the data and average for 50 different extinction sequences.
0	721	721	721	721	721	721	721	721	721	721	721	721	721	721	721	721	721	721	721	721	721	721	721	721	721	721	721	721	721	721	721	721	721	721	721	721	721	721	721	721	721	721	721	721	721	721	721	721	721	721	721.0	247
1	721	721	720	721	721	720	721	720	721	721	721	720	720	721	720	721	721	720	721	721	721	719	720	720	721	721	721	721	721	721	721	721	721	720	721	721	721	721	720	720	721	720	720	720	721	721	721	720	721	721	720.64	246
2	720	719	717	721	718	720	718	719	721	721	720	718	719	720	720	721	721	720	720	716	721	719	720	720	721	719	721	721	721	721	721	721	721	720	719	721	716	721	718	720	719	720	720	720	721	721	721	720	721	721	719.9	245
3	720	719	710	721	718	719	716	719	721	720	717	718	719	720	720	719	720	720	720	716	720	719	720	720	721	719	720	721	721	720	720	719	721	720	719	721	716	719	718	718	719	720	717	720	719	721	719	720	721	721	719.22	244
4	720	719	710	720	718	719	716	719	720	718	717	718	719	720	719	719	719	720	719	716	720	716	719	718	721	719	720	721	721	720	720	719	721	719	715	720	716	719	716	718	719	720	717	719	718	721	716	719	721	719	718.64	243
5	720	719	710	720	716	718	716	718	719	718	717	717	719	720	717	718	719	717	719	716	720	714	716	718	720	719	719	720	720	720	719	719	721	719	715	718	712	719	716	716	718	720	717	719	718	721	716	719	721	719	718.02	242
6	719	718	710	719	716	715	716	717	718	718	717	715	719	720	717	718	719	713	719	716	719	714	715	717	719	718	719	719	720	720	714	718	718	718	715	718	712	719	714	715	717	720	716	719	717	719	714	719	721	719	717.22	241
7	718	717	710	719	716	715	714	716	718	718	717	715	719	720	717	718	718	713	715	714	719	714	715	717	719	717	717	719	718	717	714	717	715	718	715	718	711	718	714	715	715	718	716	717	717	715	714	719	720	718	716.46	240
8	718	715	710	718	716	715	714	715	718	717	717	715	716	720	717	717	718	712	714	709	719	713	712	717	719	714	717	719	718	715	712	717	715	716	714	718	709	717	714	715	714	713	716	717	717	712	713	719	720	718	715.6	239
9	717	715	709	718	714	714	713	715	718	717	717	713	713	720	716	717	718	712	714	709	719	712	709	716	719	714	717	718	718	715	711	716	715	716	714	718	709	716	714	711	713	713	715	717	717	712	712	719	720	718	715.04	238
10	717	715	708	718	714	714	713	715	716	717	717	713	712	720	715	716	718	710	713	709	717	712	708	715	718	713	717	718	717	715	711	710	714	715	714	717	708	714	713	708	713	711	715	717	717	709	712	719	719	718	714.28	237
11	714	714	708	717	711	714	713	715	715	717	717	711	712	720	714	716	718	708	713	709	716	712	708	715	718	710	717	717	717	715	710	707	714	712	714	717	708	714	712	708	713	711	714	717	716	709	711	719	716	718	713.62	236
12	714	714	708	717	711	708	713	714	711	716	717	710	712	719	714	713	718	708	713	707	715	706	708	714	718	710	717	717	716	713	709	706	714	712	714	716	703	713	709	708	713	709	709	714	716	709	710	719	715	717	712.52	235
13	713	711	708	717	711	708	713	714	711	716	717	710	712	718	711	713	718	707	712	707	712	706	707	713	717	710	717	717	716	713	705	706	708	709	714	716	703	713	709	708	713	708	709	714	715	707	707	719	715	715	711.76	234
14	712	711	706	717	711	708	713	712	711	716	715	710	712	718	711	713	717	706	712	705	710	706	706	712	717	710	715	716	712	710	704	706	708	708	714	715	703	710	709	707	708	708	709	713	715	706	707	719	715	714	710.96	233
15	710	711	703	717	711	707	713	712	708	716	715	709	709	718	711	713	714	706	710	705	709	704	706	712	715	710	715	716	712	710	701	705	708	708	711	714	703	709	709	705	708	707	708	711	715	706	707	718	715	714	710.18	232
16	710	711	703	717	709	707	713	711	708	712	715	709	706	718	711	713	714	705	709	704	709	702	706	712	715	710	715	714	709	710	701	705	706	708	711	711	703	706	709	705	708	706	708	710	715	705	706	718	715	714	709.54	231
17	710	711	703	717	709	707	713	710	707	712	715	706	700	718	711	710	714	702	706	704	709	702	705	712	714	709	715	714	707	706	700	704	706	708	711	710	702	703	702	705	708	706	708	710	714	704	705	718	715	714	708.62	230
18	708	708	703	717	709	707	713	709	707	710	715	704	699	716	710	707	713	701	706	703	708	702	705	712	714	702	712	714	707	706	700	704	703	708	711	708	701	702	702	703	706	705	707	709	713	703	705	718	715	714	707.68	229
19	703	708	702	717	709	707	713	709	707	709	715	704	698	713	710	707	712	700	701	702	707	700	705	711	712	701	712	712	707	706	698	702	703	708	711	708	700	699	700	702	704	699	707	707	712	702	702	718	715	713	706.58	228
20	701	708	702	716	708	706	712	709	707	709	715	704	698	713	710	706	712	699	699	701	702	700	705	708	712	697	706	712	707	706	696	696	703	708	711	708	700	699	700	701	704	699	707	702	711	699	702	716	712	713	705.54	227
21	701	708	702	713	708	706	711	709	707	708	715	703	698	711	707	702	712	696	699	701	702	700	705	706	712	694	706	709	707	704	696	696	703	707	710	708	699	699	700	701	704	696	707	702	711	699	702	716	712	713	704.86	226
22	701	701	701	713	707	706	709	701	706	708	713	703	698	711	707	702	710	694	698	700	702	700	705	706	710	694	705	701	705	704	695	692	702	707	710	708	699	696	700	700	704	696	707	702	711	699	702	715	709	713	703.76	225
23	700	699	701	710	704	700	706	697	706	706	712	702	698	711	706	700	710	694	697	699	700	700	703	706	709	694	704	700	703	703	694	691	701	706	710	708	698	695	700	700	704	696	707	701	711	696	702	714	708	713	702.7	224
24	698	698	696	710	704	700	706	693	705	706	712	702	697	711	706	700	709	694	697	696	700	700	703	706	709	693	704	700	701	702	694	690	700	705	710	708	698	695	699	697	704	696	707	701	710	696	702	711	708	713	702.04	223
25	698	698	696	710	703	700	706	693	705	706	712	697	697	711	705	695	708	691	696	696	698	699	703	705	709	693	704	700	701	701	693	690	699	705	704	707	698	693	699	697	704	696	705	701	710	696	702	711	706	713	701.3	222
26	698	697	696	710	703	699	706	693	703	704	709	694	696	711	705	692	703	687	695	694	697	699	703	704	709	693	704	697	701	694	693	687	698	705	703	707	698	693	698	697	700	696	705	701	710	696	699	707	704	713	700.12	221
27	698	697	695	707	702	699	706	693	702	703	708	694	694	711	704	692	703	687	692	694	696	699	702	701	709	690	704	695	701	694	693	685	696	705	703	706	698	693	698	697	700	695	702	700	710	696	699	706	702	713	699.38	220
28	698	692	694	707	702	699	704	693	702	703	705	694	692	711	704	692	698	685	692	694	696	699	701	700	709	688	704	695	701	694	693	684	695	704	703	701	698	693	698	697	697	694	702	696	710	696	699	705	702	711	698.52	219
29	697	690	693	705	698	698	701	693	702	703	705	693	691	711	704	692	698	684	692	693	696	698	701	695	708	685	702	695	701	694	693	684	693	704	700	698	698	692	698	697	697	694	701	694	710	696	699	705	702	711	697.68	218
30	696	689	693	702	696	696	701	691	702	703	703	693	691	710	699	692	697	680	689	692	694	697	701	695	705	685	700	695	701	694	691	683	693	704	697	698	697	686	697	693	695	691	694	694	710	696	699	705	702	711	696.36	217
31	696	689	693	701	696	696	695	690	701	702	702	693	691	709	698	692	696	679	689	692	690	697	701	694	705	685	700	694	698	694	691	683	693	704	693	698	697	685	695	693	695	690	694	693	709	693	699	703	702	711	695.58	216
32	696	689	691	701	695	696	695	687	701	701	702	692	691	706	698	690	696	679	689	692	684	694	701	694	705	685	700	694	696	694	691	683	693	700	690	698	692	685	695	692	695	688	693	691	706	693	699	703	702	706	694.58	215
33	696	689	691	701	693	696	695	686	699	701	699	692	690	703	698	685	696	679	689	692	683	694	700	694	704	685	700	693	696	694	691	682	693	698	688	698	686	684	692	692	695	688	693	690	705	693	699	703	702	706	693.82	214
34	695	687	691	701	691	695	695	686	699	699	697	691	689	703	698	683	696	678	688	691	681	694	700	694	702	684	700	693	696	685	691	679	693	698	686	698	686	683	691	692	695	688	693	688	700	693	698	701	702	703	692.8	213
35	694	686	689	701	691	695	695	686	699	699	695	689	689	701	698	681	695	678	688	691	679	693	699	694	701	684	699	691	696	685	691	679	693	696	686	698	686	682	690	691	692	687	693	688	700	690	697	700	696	701	691.94	212
36	694	685	689	701	690	693	694	684	696	698	695	689	681	700	693	676	695	676	688	691	676	691	699	694	700	684	699	691	694	684	688	679	692	693	684	694	686	682	689	690	690	687	693	688	700	690	697	700	696	700	690.76	211
37	694	685	689	701	690	692	694	682	692	698	695	689	680	696	692	670	692	676	686	691	675	689	696	694	700	684	699	691	693	684	687	679	690	692	683	692	686	682	689	687	690	687	692	687	700	690	696	700	696	698	689.84	210
38	693	685	689	701	688	692	690	682	692	698	695	688	680	693	692	670	690	673	686	690	675	689	696	693	700	684	699	691	693	684	687	678	690	692	683	690	685	679	688	684	689	680	691	687	697	686	695	699	695	697	688.86	209
39	692	683	689	701	684	692	690	682	692	697	693	688	679	692	686	670	687	672	686	690	675	686	694	690	700	684	699	690	693	683	687	674	690	692	683	690	685	679	687	683	688	679	691	687	695	684	695	698	695	697	687.96	208
40	691	683	689	701	683	692	687	680	690	693	693	686	678	690	682	670	686	672	686	687	675	685	694	690	698	679	698	690	690	683	685	674	690	686	681	690	684	679	685	682	688	677	691	687	691	684	694	698	693	694	686.68	207
41	688	683	687	700	683	692	686	680	690	693	693	681	678	690	681	665	686	671	685	686	675	685	693	689	698	677	697	690	690	683	685	674	690	685	680	688	683	678	681	682	685	676	686	686	691	684	694	696	691	691	685.62	206
42	684	683	686	700	681	690	685	677	690	693	692	678	677	689	681	665	686	670	685	686	673	684	693	689	698	677	694	688	687	683	684	674	690	685	679	683	678	678	680	682	685	675	685	681	691	684	694	696	691	691	684.6	205
43	682	683	686	698	678	689	683	677	690	689	691	676	674	688	681	665	686	670	685	682	673	683	692	689	696	673	692	686	686	682	683	674	688	685	679	681	678	677	678	682	684	673	685	681	691	683	693	696	691	689	683.52	204
44	679	682	685	693	676	682	681	676	688	685	691	674	674	684	681	663	684	670	685	682	671	683	690	689	695	673	691	684	684	682	682	671	685	685	679	680	678	674	675	681	684	671	683	679	691	681	693	696	691	688	682.08	203
45	671	681	685	688	671	682	681	676	687	685	690	674	673	684	681	663	682	668	685	682	671	683	687	688	695	673	691	681	684	679	682	671	684	684	679	680	678	674	674	680	683	668	683	679	690	678	693	695	690	687	681.06	202
46	671	681	685	688	669	681	681	676	685	685	690	670	673	684	681	661	682	668	685	682	671	683	687	688	693	672	690	681	683	678	682	668	684	684	679	680	676	674	674	677	679	667	679	679	690	678	688	695	690	687	680.28	201
47	671	681	685	682	668	680	675	676	683	685	689	670	672	684	681	660	682	668	685	678	671	683	683	687	693	670	690	681	683	676	681	668	684	682	678	680	674	674	672	677	677	666	678	679	689	675	688	693	690	687	679.28	200
48	671	679	685	682	667	678	675	676	679	685	688	670	669	679	680	660	682	668	685	678	670	680	683	687	691	670	689	678	683	675	679	667	684	682	676	678	674	671	672	675	672	666	677	678	687	675	688	693	690	687	678.26	199
49	665	678	685	678	667	678	674	673	678	685	688	665	669	677	680	660	682	665	685	678	665	678	683	684	690	670	689	678	679	674	678	666	683	681	676	675	674	671	672	675	671	665	676	677	687	674	685	689	688	684	676.94	198
50	665	670	685	676	667	678	671	667	678	685	686	663	669	677	680	659	682	665	685	677	665	678	681	683	687	670	685	676	671	670	677	665	683	680	673	675	674	667	671	675	668	665	676	677	687	673	685	688	687	684	675.62	197
51	661	670	685	673	660	675	670	667	678	680	681	663	669	675	679	658	679	665	685	676	664	677	681	683	687	667	684	676	671	670	677	665	682	675	670	672	672	667	665	675	668	665	676	674	687	673	685	688	687	684	674.32	196
52	661	670	685	672	660	674	669	667	678	678	681	663	669	674	679	656	679	663	685	674	664	676	681	683	682	664	679	676	670	668	676	665	682	674	669	672	671	662	665	674	668	665	671	672	687	668	684	688	684	683	673.2	195
53	660	664	685	672	659	674	669	665	678	678	681	662	667	673	672	653	676	663	685	674	661	675	680	676	677	661	679	673	670	668	675	665	682	672	668	672	671	661	665	674	668	665	670	672	687	665	683	687	684	683	671.98	194
54	660	661	683	670	659	669	668	662	678	678	680	661	665	672	670	653	672	657	683	674	661	675	680	675	677	660	676	673	670	666	675	661	681	670	668	672	670	660	664	674	668	665	670	671	687	665	680	687	682	681	670.78	193
55	658	661	683	670	659	667	668	661	674	678	679	658	665	672	670	653	671	655	680	674	657	674	680	673	677	660	675	673	670	663	675	661	680	670	665	670	669	660	664	674	668	664	667	668	687	665	678	687	681	679	669.8	192
56	657	661	679	668	657	667	668	661	674	677	679	656	665	671	668	653	671	655	677	674	657	671	677	673	677	660	673	671	670	663	675	660	673	670	664	670	668	660	661	674	667	663	667	668	687	664	678	687	678	677	668.82	191
57	657	661	679	667	655	667	668	661	674	675	677	652	664	669	666	652	671	655	677	664	655	671	677	673	677	660	672	668	670	662	675	660	669	664	663	670	666	660	661	673	667	660	667	667	686	664	678	687	672	676	667.62	190
58	653	657	679	666	650	665	667	661	673	672	677	651	664	668	666	651	666	653	677	664	652	671	675	672	670	660	672	668	668	658	671	660	667	664	663	670	665	657	661	673	663	659	667	667	686	663	675	687	671	674	666.18	189
59	652	655	677	665	650	665	667	661	671	672	677	651	658	668	663	644	666	653	676	664	652	671	674	670	669	657	671	668	668	656	667	659	667	663	661	666	664	652	661	670	663	659	667	666	686	663	674	687	671	672	664.98	188
60	651	655	677	664	650	664	667	660	670	672	677	651	655	668	663	642	663	653	676	663	652	671	672	666	669	656	671	668	668	656	663	659	667	661	661	666	664	652	660	669	659	659	666	661	686	663	674	687	668	671	664.12	187
61	651	652	677	664	648	662	667	660	670	671	677	648	654	668	660	642	663	653	673	662	650	669	670	662	667	652	667	668	666	656	660	659	667	658	658	663	663	652	660	669	659	658	666	660	686	663	673	686	668	669	662.92	186
62	649	650	673	663	646	661	667	655	669	671	675	648	654	668	659	641	661	652	673	660	650	668	669	662	664	649	667	665	665	655	660	657	666	658	656	663	663	651	657	665	659	656	666	660	685	663	673	684	664	668	661.66	185
63	649	649	672	661	645	660	667	650	668	666	675	646	654	667	659	641	660	649	671	660	648	668	669	660	664	647	667	665	665	655	660	656	664	655	653	661	663	650	657	665	659	656	664	660	685	662	668	683	661	668	660.54	184
64	649	649	669	658	643	660	661	645	662	666	675	643	652	666	658	637	660	649	671	660	645	663	666	660	664	644	666	662	665	655	660	656	661	655	653	661	662	645	657	665	655	655	664	660	685	660	668	682	661	668	659.12	183
65	647	649	668	657	643	660	660	643	662	665	675	643	652	665	657	637	658	649	664	660	640	659	660	660	662	644	663	662	665	654	660	653	654	653	653	658	661	642	657	665	654	655	663	657	682	659	666	679	661	667	657.64	182
66	646	648	668	653	643	657	660	641	658	658	674	635	652	662	653	637	658	649	664	658	638	659	659	659	660	644	662	661	662	653	658	651	654	652	652	658	659	640	655	662	653	652	659	655	679	657	666	676	661	667	655.94	181
67	645	645	668	653	638	655	660	641	656	656	672	631	651	661	653	637	658	649	664	658	638	659	659	656	660	644	661	661	661	653	657	651	654	646	652	658	658	640	652	661	649	652	659	648	675	657	666	670	661	666	654.7	180
68	641	645	668	650	637	654	660	641	654	656	666	631	649	661	651	636	658	649	662	658	638	659	659	656	660	644	655	660	660	651	657	650	654	646	651	658	655	640	652	661	648	652	657	647	675	655	665	666	659	666	653.66	179
69	629	645	668	649	634	653	658	638	653	656	666	631	648	661	649	627	658	649	658	658	637	655	658	651	658	643	655	660	660	648	656	649	654	646	650	656	654	640	652	660	642	650	657	647	675	654	663	663	657	666	652.08	178
70	628	644	666	646	634	653	658	638	652	649	662	631	648	661	649	626	657	649	658	658	635	653	656	651	658	643	655	659	659	647	656	649	654	644	649	656	654	635	652	659	640	645	657	647	674	654	663	662	657	666	651.12	177
71	625	644	662	645	634	653	654	638	651	649	662	631	647	661	646	623	653	649	657	657	626	648	656	651	658	642	655	658	657	647	653	649	651	640	647	654	654	635	652	657	640	645	652	647	674	653	663	662	657	665	649.78	176
72	624	641	662	645	633	652	654	637	650	649	658	631	647	661	646	623	653	647	655	657	623	648	655	650	658	642	654	658	657	641	651	648	650	639	645	652	654	634	651	656	639	644	651	643	673	653	661	659	656	663	648.66	175
73	623	641	662	642	633	649	653	637	649	649	657	631	642	659	646	622	653	645	652	657	623	648	655	650	658	642	651	657	656	641	649	644	646	639	644	650	654	631	649	656	639	644	646	643	672	653	661	656	655	661	647.5	174
74	619	641	657	642	633	649	652	637	647	647	657	631	642	659	645	617	653	643	651	654	621	645	652	650	657	641	651	654	655	641	648	642	646	639	643	650	649	630	649	656	639	644	646	643	670	652	659	654	655	660	646.34	173
75	615	637	657	636	623	649	651	637	645	647	652	628	640	659	643	615	651	642	648	654	620	645	647	649	657	641	651	652	650	641	644	640	646	639	640	648	649	629	649	656	639	644	645	643	667	652	657	654	652	658	644.66	172
76	612	637	657	636	622	649	648	635	642	645	652	628	640	659	641	611	651	642	648	654	619	645	646	647	651	639	651	650	647	641	644	640	642	637	635	647	645	628	648	656	638	644	644	643	666	647	657	654	651	658	643.38	171
77	612	637	657	631	622	646	645	633	642	645	649	628	640	659	637	610	651	642	648	653	618	643	646	644	651	635	650	650	647	641	644	638	642	636	635	641	645	628	646	656	636	642	644	639	664	647	657	654	651	656	642.26	170
78	612	637	657	629	619	646	642	633	642	643	649	628	639	658	635	604	650	640	643	652	616	641	644	644	651	632	644	650	647	640	643	638	638	631	635	640	645	628	645	656	636	641	644	635	663	647	652	654	649	652	640.78	169
79	612	636	654	629	619	645	641	629	640	643	648	628	638	651	635	602	649	637	640	652	616	640	644	644	647	632	644	650	647	639	640	634	634	631	632	638	645	628	644	656	635	637	644	634	662	647	652	651	649	652	639.52	168
80	610	636	652	627	619	641	641	627	634	643	647	627	637	651	634	597	648	633	640	647	614	637	642	644	647	632	641	649	647	639	640	629	632	631	630	638	644	626	643	647	635	636	644	634	659	646	650	648	649	650	637.88	167
81	606	636	651	626	619	641	641	627	634	643	647	626	636	650	633	597	648	633	640	644	613	634	642	642	643	631	639	647	647	637	639	628	630	631	630	638	644	626	643	647	631	633	643	634	659	645	649	648	647	650	636.96	166
82	604	632	648	625	615	637	639	627	634	642	647	625	631	649	632	597	642	630	635	641	613	633	641	641	642	631	637	646	647	634	635	628	629	631	628	637	644	626	643	642	630	633	642	634	659	645	649	648	645	641	635.32	165
83	604	630	648	625	615	634	638	624	631	639	647	625	630	649	631	597	642	626	625	638	612	627	640	640	642	628	637	646	638	631	633	628	629	631	621	636	642	626	643	642	629	633	642	632	657	642	647	648	644	638	633.64	164
84	602	627	648	625	611	634	638	624	626	639	645	624	630	649	631	597	642	626	623	638	611	622	638	639	640	628	637	646	638	631	633	628	629	631	619	636	637	621	643	641	629	633	641	632	657	639	644	640	644	638	632.48	163
85	601	624	648	624	611	630	634	624	626	639	643	624	628	648	631	594	639	624	621	638	611	622	636	639	640	625	637	645	638	631	631	628	629	631	615	635	636	621	642	639	629	633	639	626	655	639	643	639	643	637	631.3	162
86	600	623	643	624	611	630	628	620	620	639	642	624	626	648	625	594	635	623	615	638	611	618	636	639	640	624	637	643	638	630	627	628	629	630	614	634	634	613	639	635	627	632	638	623	655	635	643	639	638	637	629.48	161
87	600	621	640	623	611	629	627	617	617	634	642	619	625	644	625	591	633	623	615	635	608	618	631	638	639	619	633	642	632	630	626	625	629	630	614	633	634	609	638	635	627	632	637	623	655	633	643	639	636	633	627.84	160
88	600	615	637	623	611	627	625	613	613	632	640	616	622	644	621	589	632	623	607	635	606	618	629	638	634	619	632	641	631	627	626	625	627	628	611	632	631	608	638	635	624	629	637	623	655	632	643	639	636	632	626.22	159
89	597	615	635	619	605	627	625	611	613	632	638	616	622	635	621	589	630	623	605	632	604	617	626	638	629	619	627	636	630	624	623	625	625	625	611	631	630	607	637	632	624	629	637	623	652	630	641	639	636	632	624.58	158
90	597	612	634	611	600	626	623	609	610	632	638	616	619	633	617	583	626	622	603	632	604	617	625	636	628	619	624	635	630	624	620	625	621	618	609	631	625	607	637	626	624	629	637	620	652	625	641	637	635	627	622.62	157
91	595	611	634	611	598	621	621	606	609	631	637	614	618	631	617	580	625	622	602	632	604	617	623	634	628	619	622	635	627	624	618	624	620	617	606	631	621	606	636	626	620	629	635	620	652	624	640	637	634	626	621.4	156
92	595	611	631	611	597	621	621	606	609	630	637	609	618	630	614	578	624	622	602	631	601	617	623	634	628	619	616	635	626	624	615	623	617	617	605	628	621	606	631	626	617	627	635	616	652	624	635	630	632	617	619.88	155
93	593	611	631	611	597	618	621	602	607	627	637	609	617	629	613	577	623	622	602	628	601	610	622	634	628	616	614	631	624	624	614	623	616	616	605	625	617	604	624	625	617	624	634	615	645	624	634	628	630	617	618.32	154
94	590	611	631	607	597	618	621	602	607	625	634	605	614	629	613	575	623	620	600	627	601	603	621	629	626	616	614	631	621	623	610	622	615	607	604	620	616	604	621	625	614	624	634	615	643	618	634	626	630	614	616.6	153
95	590	610	625	605	592	614	618	602	607	624	634	601	614	626	612	571	617	619	596	627	601	597	621	626	626	616	613	631	615	621	608	622	615	607	602	617	616	603	617	623	608	624	634	615	642	618	627	626	630	614	614.78	152
96	587	610	625	603	590	612	614	602	606	618	634	601	613	626	612	570	617	610	594	626	601	597	617	626	622	614	613	631	613	621	604	619	612	606	599	617	616	603	615	619	607	624	626	613	642	618	625	623	624	606	612.86	151
97	587	609	624	603	590	610	613	602	605	615	630	601	613	626	611	567	614	610	593	626	601	595	611	625	616	612	611	629	610	618	601	617	608	605	599	617	616	598	615	619	606	620	625	613	641	617	622	622	623	603	611.28	150
98	585	608	624	602	590	610	612	599	605	615	629	597	612	626	611	567	608	609	593	621	598	590	611	621	611	612	611	626	607	618	600	614	608	603	599	617	616	598	607	617	606	620	625	613	638	613	622	622	621	602	609.78	149
99	583	608	620	602	586	610	612	599	599	610	629	596	611	626	609	567	606	609	593	618	597	588	611	616	608	611	611	624	606	616	600	611	606	600	599	616	615	597	607	616	606	620	625	611	630	613	616	621	621	597	608.16	148
100	581	606	616	602	585	610	608	590	598	608	629	595	609	626	607	564	604	609	591	618	596	588	611	611	608	609	607	624	604	616	595	610	606	599	596	615	615	596	607	616	601	618	624	608	629	610	614	620	620	597	606.52	147
101	581	606	612	602	578	610	608	587	594	603	629	592	609	624	607	563	603	607	586	618	596	587	611	610	607	605	607	621	601	611	592	609	606	595	596	612	615	595	603	610	601	617	620	608	628	605	610	615	620	597	604.58	146
102	579	603	612	598	578	607	608	583	589	603	626	592	609	618	605	563	599	603	585	616	596	584	608	608	606	605	605	621	601	611	587	609	606	590	596	607	615	595	603	606	599	616	619	607	627	603	608	608	618	596	602.72	145
103	579	600	611	598	575	606	608	582	588	603	621	589	609	617	605	560	599	601	583	615	595	584	608	608	606	605	605	620	601	610	581	609	605	585	596	605	607	595	602	606	599	616	614	607	627	603	607	606	618	593	601.44	144
104	573	600	610	596	574	601	606	579	586	602	617	587	608	617	604	560	599	600	578	610	590	584	608	607	600	604	600	620	601	610	579	604	605	585	596	605	607	594	597	606	599	616	610	605	627	603	607	603	618	584	599.62	143
105	573	600	609	591	574	600	606	579	580	602	617	583	608	615	604	558	599	596	572	610	590	578	608	602	596	602	597	620	596	608	579	596	604	581	596	599	607	594	595	605	591	615	607	602	625	603	607	600	615	577	597.42	142
106	573	596	607	586	571	600	606	579	580	602	617	582	608	613	604	552	597	596	572	610	587	576	598	599	596	597	597	614	596	608	579	596	602	577	593	599	602	593	595	604	589	615	607	600	625	603	602	595	614	577	595.72	141
107	573	595	605	586	571	600	606	579	579	596	611	580	605	605	602	549	597	596	572	610	586	576	598	599	585	597	593	614	592	608	578	593	602	577	592	599	600	592	591	599	587	615	605	600	624	598	602	590	609	574	593.84	140
108	566	594	605	586	567	600	605	579	576	591	610	579	600	604	599	547	596	594	571	609	586	575	597	599	584	595	593	612	592	605	578	593	596	568	591	599	597	590	585	598	586	612	603	596	624	596	602	590	601	574	591.9	139
109	565	592	605	586	567	599	603	579	572	587	606	574	599	603	597	545	596	591	569	609	586	574	594	599	584	593	586	610	589	605	577	593	595	568	587	596	597	590	585	596	586	607	603	595	621	594	599	586	599	574	590.24	138
110	562	592	605	585	563	599	603	578	564	587	605	574	597	600	597	542	594	591	568	604	586	574	594	596	583	593	586	607	583	605	577	593	595	568	587	592	596	586	585	596	585	606	602	589	621	594	599	576	596	570	588.6	137
111	562	591	599	580	563	598	599	572	563	587	605	573	597	594	593	542	590	591	567	603	586	569	594	595	579	593	586	603	583	605	571	586	595	566	586	590	596	586	585	596	583	604	602	588	617	591	598	570	592	570	586.68	136
112	562	590	597	580	560	594	598	569	563	585	605	571	595	594	593	539	590	590	564	603	580	569	592	595	572	593	586	603	580	602	571	586	594	566	582	585	594	585	581	590	579	604	601	587	612	591	597	570	589	570	584.96	135
113	561	590	594	577	559	586	598	561	563	582	603	569	593	594	590	536	589	590	563	603	580	569	592	595	572	585	586	603	579	598	571	582	591	562	579	585	591	585	578	590	578	604	601	587	612	591	597	567	587	569	583.34	134
114	561	590	591	576	556	585	593	561	559	582	601	565	592	589	588	536	586	590	560	603	580	569	592	591	571	585	581	603	577	598	567	581	591	562	575	581	588	583	578	589	578	602	601	580	608	591	597	567	587	569	581.72	133
115	561	586	590	572	556	584	593	559	552	579	595	563	592	589	588	536	586	590	557	603	580	569	590	586	569	585	577	601	577	598	567	579	590	562	574	581	584	583	575	589	578	597	598	577	608	591	594	567	583	560	580.0	132
116	561	586	587	572	551	584	589	559	549	574	592	563	592	589	587	535	586	589	552	603	577	569	589	585	567	585	577	598	572	594	562	577	586	559	570	581	580	583	574	587	578	594	598	577	601	591	592	560	581	557	578.02	131
117	552	586	586	572	551	584	589	555	544	566	588	563	592	585	579	529	584	589	552	599	575	568	583	585	567	585	576	596	571	587	561	574	578	547	569	574	580	583	574	587	578	592	595	577	597	591	589	559	581	557	575.62	130
118	544	585	586	566	548	581	586	555	542	566	581	562	591	581	579	527	580	587	546	593	575	568	574	585	564	584	570	593	568	587	560	574	574	547	566	574	575	583	574	585	578	592	592	574	596	590	586	559	580	557	573.4	129
119	543	579	586	560	548	572	585	555	540	564	581	562	587	577	577	523	575	587	544	592	575	567	574	580	562	582	566	592	568	585	552	573	571	547	566	573	575	583	570	585	578	590	592	567	596	589	582	559	579	554	571.38	128
120	536	579	582	560	547	564	581	555	540	563	581	559	586	569	569	523	575	577	544	592	572	567	571	579	559	582	566	591	568	585	552	572	571	545	564	569	574	583	568	581	575	588	592	565	596	586	575	555	579	552	569.28	127
121	530	576	577	556	544	564	581	552	538	563	581	551	585	565	564	523	573	572	543	590	572	565	571	574	553	581	564	585	565	585	552	571	568	545	564	569	573	581	568	577	575	588	592	561	596	586	567	550	579	551	567.12	126
122	530	570	577	556	544	564	579	551	537	559	575	551	582	565	561	520	573	572	543	589	566	564	567	569	553	573	564	585	565	583	552	571	567	538	563	568	573	578	567	575	575	584	592	561	589	585	565	549	575	550	565.28	125
123	530	566	575	552	544	564	579	549	537	559	575	551	578	559	560	520	573	572	536	587	564	560	567	567	553	572	561	581	563	581	551	571	565	537	559	563	568	574	567	575	572	581	591	561	589	580	558	549	575	550	563.42	124
124	530	561	573	551	544	561	579	549	536	559	575	544	578	559	560	520	568	572	536	585	562	560	567	562	553	572	560	577	563	581	546	571	565	534	557	560	567	571	561	575	572	581	588	558	586	580	558	542	574	547	561.8	123
125	529	561	571	550	542	557	571	547	535	559	575	544	575	558	554	519	563	569	536	585	562	558	567	562	550	572	553	572	560	572	546	567	564	534	556	560	566	571	560	575	569	575	588	557	580	572	555	539	573	547	559.64	122
126	527	561	569	550	542	554	571	540	523	559	573	544	571	557	552	512	563	561	534	579	562	558	567	562	547	562	553	571	560	566	546	567	564	534	552	556	566	569	560	571	569	571	588	555	575	572	552	539	568	543	557.34	121
127	523	559	566	550	542	553	571	534	522	556	573	542	571	552	552	508	559	560	534	577	562	550	566	559	547	558	549	558	555	565	543	565	562	534	548	555	553	569	560	568	557	570	587	554	572	571	550	538	568	539	554.72	120
128	523	554	565	549	536	553	571	534	519	556	573	538	571	551	552	505	557	557	532	570	562	549	566	557	547	558	542	558	555	564	540	564	555	534	548	553	553	568	555	565	554	567	580	554	571	571	550	536	562	536	552.8	119
129	514	554	559	545	534	551	571	531	517	556	565	538	571	549	551	503	554	557	532	564	560	541	566	555	542	558	537	552	553	562	540	562	553	532	545	552	550	562	555	565	554	567	576	550	571	557	547	535	555	534	550.08	118
130	514	551	556	537	533	551	570	531	516	555	561	534	564	545	550	503	554	554	529	564	558	539	564	553	542	556	528	552	551	562	539	559	553	523	542	550	549	560	555	565	553	562	574	546	571	557	547	533	552	534	548.02	117
131	514	548	556	532	533	550	569	519	516	555	554	529	564	543	549	501	554	554	528	562	555	539	560	550	538	548	528	550	551	562	532	557	550	522	542	548	546	559	555	563	550	559	567	546	563	551	542	531	545	527	545.32	116
132	513	548	551	532	533	550	568	516	516	553	554	529	564	541	542	497	554	553	525	558	552	539	560	550	538	548	528	543	548	562	532	556	549	522	537	545	540	559	555	562	548	555	564	546	556	550	542	531	544	525	543.66	115
133	513	545	551	531	533	546	566	514	511	553	553	526	560	533	542	497	554	553	520	558	552	530	556	546	532	547	527	543	547	561	524	553	549	515	537	544	536	556	549	561	540	553	563	544	556	550	542	527	542	520	541.22	114
134	507	542	547	530	532	543	560	513	511	551	553	525	557	529	535	497	554	551	517	558	552	522	552	539	532	543	525	543	546	558	520	547	541	508	537	542	535	553	542	554	539	546	562	543	556	547	540	525	542	519	538.44	113
135	501	540	547	526	532	543	560	513	502	546	553	525	551	524	535	497	554	549	517	558	548	519	546	539	531	543	518	542	539	558	515	540	538	505	537	542	529	553	542	554	539	545	557	534	552	542	535	525	542	519	536.02	112
136	498	540	547	526	532	541	559	512	502	541	552	525	545	513	529	495	554	549	516	553	547	515	546	533	528	538	518	537	539	556	508	536	530	505	536	540	528	550	542	551	539	541	557	534	551	538	533	525	542	519	533.82	111
137	495	540	542	520	524	537	556	505	496	539	552	520	542	513	529	489	554	548	516	551	547	515	539	533	526	538	518	531	538	552	508	531	530	500	531	540	525	550	538	539	538	534	554	526	551	534	526	523	542	515	530.8	110
138	493	536	538	512	520	533	556	499	495	539	548	519	542	513	529	487	553	546	510	551	539	507	529	533	517	538	517	526	538	549	505	527	524	499	526	535	525	543	538	533	535	531	547	526	547	530	526	523	534	511	527.54	109
139	493	533	534	512	514	533	552	498	488	536	545	519	541	512	524	483	551	540	510	550	535	507	527	533	517	536	517	525	535	546	504	525	522	491	516	534	520	543	538	531	530	531	547	522	546	522	519	520	534	511	525.04	108
140	486	527	533	511	513	531	552	498	488	530	542	511	538	510	523	483	550	534	509	550	531	507	521	533	517	533	517	522	535	546	497	523	517	491	515	530	520	543	538	531	525	526	546	522	546	518	510	520	534	511	522.88	107
141	486	527	529	511	512	525	550	498	488	530	539	506	536	505	523	481	550	531	506	547	528	507	515	525	516	533	513	522	530	546	488	516	517	490	515	530	519	543	538	528	524	524	544	521	546	518	510	520	531	510	520.94	106
142	484	522	527	511	510	523	541	496	484	530	537	496	535	505	519	478	550	531	505	547	526	503	514	522	512	527	507	521	524	546	488	513	517	485	505	530	511	542	537	526	517	520	544	521	539	518	510	519	524	497	517.92	105
143	482	515	526	511	507	522	541	496	480	526	531	496	535	496	516	475	544	526	503	541	526	500	514	522	512	523	507	518	521	543	483	513	514	485	505	530	508	542	536	519	509	518	544	518	538	517	510	519	517	490	515.4	104
144	482	515	526	501	504	514	540	490	480	519	525	496	532	496	513	472	544	519	502	539	520	498	512	521	506	523	507	509	520	543	479	513	514	485	501	530	505	542	530	517	509	515	541	516	534	511	509	511	507	489	512.52	103
145	482	513	525	499	502	506	540	486	480	518	525	488	528	493	509	461	538	519	497	537	520	498	505	510	502	523	497	502	520	534	478	506	514	483	500	522	505	537	523	517	503	511	541	510	534	511	506	505	506	486	509.1	102
146	482	513	519	493	494	501	533	486	475	518	513	488	525	489	509	457	532	519	497	537	520	498	501	505	501	523	493	499	512	531	478	506	510	478	493	522	505	534	523	517	503	510	539	510	534	510	506	505	506	486	506.76	101
147	482	511	513	490	494	491	532	478	475	518	513	479	525	484	509	456	530	518	493	532	514	497	496	504	496	518	493	493	511	531	474	506	510	473	484	522	496	534	519	517	503	508	539	510	534	510	504	503	504	486	504.24	100
148	477	505	511	490	491	489	532	475	467	513	513	476	521	478	509	450	530	518	488	532	514	492	494	502	491	510	484	488	509	531	474	499	510	473	477	516	496	533	514	515	496	508	533	510	527	510	496	499	499	486	501.02	99
149	470	497	504	488	491	487	531	468	467	512	509	473	516	477	505	449	530	516	482	530	503	488	488	500	484	507	481	486	501	523	474	499	507	473	470	506	493	529	509	514	493	507	533	509	527	510	496	499	489	481	497.62	98
150	467	497	501	483	491	484	531	465	467	509	509	473	508	473	498	445	524	516	482	528	501	488	484	492	484	500	481	485	501	520	474	492	506	472	465	506	491	528	509	514	486	502	532	506	524	506	491	496	484	481	495.04	97
151	467	493	495	483	483	484	522	465	462	509	509	467	508	472	498	442	522	516	474	528	501	483	474	490	482	500	478	485	501	515	474	484	501	472	465	506	491	527	509	510	486	498	530	499	515	500	489	493	484	477	492.36	96
152	466	493	494	477	481	475	518	462	460	509	506	466	503	470	498	435	521	508	466	528	498	473	467	490	478	495	474	474	497	511	470	483	501	472	464	498	483	518	507	507	481	498	530	497	514	499	485	493	482	472	488.94	95
153	466	491	487	477	481	473	518	458	460	509	503	466	503	461	498	434	521	505	456	523	488	473	467	490	475	490	468	474	488	511	470	476	498	465	463	493	480	518	505	506	475	498	526	494	514	498	485	484	479	464	486.1	94
154	466	491	483	469	481	473	517	458	460	508	503	466	503	460	498	428	520	505	455	522	487	473	467	487	475	489	467	474	479	508	467	471	494	458	462	493	476	517	498	506	469	497	523	494	511	498	479	477	476	460	483.96	93
155	465	491	481	460	481	473	517	457	460	508	499	466	503	460	498	428	520	499	453	520	483	466	465	487	472	482	464	474	478	508	464	466	492	455	462	493	470	513	498	499	469	488	518	493	511	498	479	477	473	460	481.92	92
156	462	486	474	460	479	466	517	455	460	508	493	466	502	460	495	427	520	491	445	517	476	461	458	483	471	482	464	474	478	507	455	456	488	452	454	493	468	507	493	499	465	474	513	484	501	490	476	472	469	459	478.1	91
157	454	486	474	454	474	466	514	455	460	506	493	465	497	455	491	426	518	482	439	517	476	450	454	483	471	481	460	473	475	507	452	450	479	452	441	487	465	503	493	499	465	471	512	477	495	487	475	471	468	457	475.1	90
158	454	484	470	453	474	462	512	454	455	505	491	456	494	448	487	424	516	481	439	512	476	450	454	483	467	474	459	469	473	502	450	450	471	451	439	486	463	503	491	499	465	466	512	470	493	486	472	467	465	455	472.64	89
159	454	479	458	447	474	462	506	450	447	502	491	456	485	446	487	424	516	480	439	511	472	445	454	481	461	463	455	459	468	502	450	443	471	450	439	482	456	503	491	497	462	466	511	470	493	483	471	467	465	455	469.98	88
160	454	467	458	446	474	462	492	447	442	502	487	456	485	445	480	413	516	478	439	505	471	443	454	481	461	452	451	456	464	497	450	435	467	450	428	478	454	494	491	497	461	463	509	468	488	477	470	467	465	455	466.9	87
161	447	464	450	444	472	457	492	447	440	495	483	451	483	444	478	413	509	478	437	500	464	443	452	477	453	447	451	456	461	496	446	430	466	443	428	472	454	489	483	497	461	461	506	465	486	474	470	463	461	455	463.88	86
162	447	461	440	438	469	449	487	447	437	491	478	451	483	444	476	409	509	477	433	495	462	433	451	473	446	447	440	456	458	495	446	428	460	442	426	472	449	485	478	497	454	457	503	464	478	472	468	463	459	450	460.66	85
163	439	459	440	438	469	444	484	446	436	490	475	451	480	436	476	409	502	476	422	486	462	427	446	473	439	446	434	452	457	495	437	427	460	438	421	469	443	474	472	496	454	454	503	456	478	470	456	456	455	450	457.16	84
164	429	450	436	435	469	444	476	446	436	486	475	451	471	424	473	406	498	475	415	482	453	425	442	473	438	446	434	451	457	490	429	427	459	432	421	459	437	474	469	487	450	452	496	456	476	470	445	447	453	444	453.38	83
165	429	443	436	435	469	444	474	446	435	484	471	442	471	421	473	406	490	472	415	475	453	422	435	472	431	446	434	451	455	490	427	427	454	428	421	455	437	474	469	484	450	448	489	456	476	470	436	447	453	444	451.3	82
166	426	442	426	426	460	444	474	445	425	484	464	436	466	419	471	398	483	472	408	475	451	417	429	471	422	446	430	449	451	490	416	422	452	428	420	455	437	467	463	483	449	448	487	455	468	468	436	446	453	444	447.94	81
167	425	442	426	419	458	436	473	437	423	477	464	429	466	419	467	398	479	469	404	472	451	417	424	469	422	446	430	443	447	483	416	418	445	427	420	452	437	467	458	483	446	438	481	448	465	468	436	446	444	440	445.0	80
168	425	441	426	415	458	431	466	437	415	469	463	426	465	419	467	398	470	469	400	470	442	414	420	463	422	442	421	433	447	482	416	413	443	427	419	446	436	467	458	477	436	430	481	445	460	468	436	445	443	430	441.84	79
169	420	434	420	404	457	431	466	435	411	462	463	423	465	419	467	398	467	459	392	463	436	406	420	463	421	442	418	433	447	482	416	412	442	425	415	446	428	466	448	477	428	427	481	444	459	468	434	438	438	422	438.76	78
170	418	430	420	404	456	430	466	435	411	459	461	413	465	417	466	398	464	452	388	460	424	397	418	453	418	441	406	433	440	482	414	411	437	423	401	443	420	459	440	477	425	426	481	436	457	467	426	438	427	422	435.1	77
171	410	429	419	404	449	429	461	427	410	452	454	407	458	407	459	398	460	451	385	455	424	397	417	444	417	434	398	433	440	482	410	408	437	416	390	442	413	446	435	477	425	419	479	436	453	462	426	433	424	415	431.12	76
172	403	422	414	398	444	429	459	426	407	448	449	407	458	402	453	397	460	441	378	452	418	392	415	435	408	425	398	425	440	480	403	399	430	409	389	442	413	439	434	471	414	412	475	433	451	459	426	426	423	415	426.92	75
173	396	417	413	395	442	428	458	419	398	448	449	406	452	401	443	392	453	440	366	447	413	391	411	431	408	419	387	423	437	479	403	391	430	409	387	434	411	427	423	467	414	412	473	430	444	452	418	420	422	415	422.88	74
174	392	416	407	385	440	416	457	410	395	445	447	404	444	391	439	392	447	431	365	445	409	390	405	428	406	416	382	423	425	470	403	389	420	406	382	427	405	422	422	465	403	412	469	429	443	452	418	420	417	415	418.82	73
175	385	416	407	385	433	415	457	408	395	440	445	403	441	391	434	382	447	426	365	438	409	388	405	427	398	405	373	423	425	466	402	380	412	399	379	427	404	422	416	465	402	406	460	429	440	452	411	419	411	408	415.52	72
176	379	410	404	382	433	405	452	401	388	435	433	401	441	381	431	381	446	421	358	438	409	384	394	427	398	401	366	423	423	461	402	373	410	396	379	421	396	411	414	465	401	406	457	429	435	450	409	418	402	404	411.68	71
177	373	410	403	382	430	396	451	392	380	435	433	400	440	377	431	369	443	421	344	433	409	374	394	427	395	396	366	422	415	457	396	373	407	396	379	419	396	409	413	454	396	396	453	424	422	450	408	418	402	402	408.22	70
178	373	408	403	373	427	396	448	390	380	429	432	399	440	375	425	369	436	421	344	433	407	373	393	414	383	390	366	411	415	452	386	373	392	395	372	419	395	404	409	453	396	396	453	409	413	450	408	409	402	393	404.64	69
179	371	401	403	361	423	390	447	389	380	429	431	399	440	374	423	359	436	420	344	425	406	373	393	411	378	389	366	411	410	445	382	373	390	395	370	419	392	396	409	452	393	394	449	409	402	442	408	407	401	393	402.06	68
180	364	401	391	356	414	382	442	387	370	421	428	393	438	365	414	359	435	420	344	419	401	371	380	405	369	387	352	411	410	445	382	370	390	392	365	417	392	396	409	449	386	384	446	401	399	442	398	404	401	393	397.8	67
181	359	392	391	351	414	379	440	386	369	413	425	390	437	365	401	354	432	412	343	419	398	368	380	403	368	384	352	406	399	434	382	370	388	390	365	409	382	396	404	448	384	383	441	401	399	442	394	399	401	389	394.62	66
182	359	391	391	347	408	379	437	383	368	413	423	384	431	365	392	348	425	411	342	419	393	361	366	397	364	374	341	401	395	431	381	358	386	387	354	399	382	396	404	437	376	383	437	394	399	439	385	399	390	389	390.28	65
183	353	389	391	347	396	379	429	382	365	411	422	380	415	365	384	341	416	411	329	409	392	359	364	393	363	372	333	401	386	431	375	358	380	381	346	399	378	387	404	436	375	376	435	393	395	434	380	397	389	378	386.08	64
184	351	380	385	347	396	379	422	373	364	405	418	376	403	363	368	336	416	411	324	406	387	359	351	386	363	370	327	401	383	424	375	357	380	377	345	390	377	377	403	428	374	375	426	392	384	434	371	386	385	376	381.72	63
185	343	373	384	340	392	379	419	373	364	396	418	376	400	356	362	323	406	400	321	396	381	357	351	376	362	368	323	401	375	424	369	356	379	367	338	384	370	372	397	424	374	375	423	392	384	434	362	378	380	368	377.3	62
186	339	366	383	337	384	378	419	369	352	393	406	376	400	356	358	323	405	395	321	396	376	357	351	368	355	364	317	401	375	419	360	355	379	359	338	384	370	370	397	424	366	375	421	387	383	434	355	371	375	366	374.16	61
187	328	365	383	335	384	378	419	360	352	393	395	374	397	356	344	311	404	384	321	396	375	356	350	363	355	360	317	401	368	419	359	353	379	359	329	381	370	367	389	423	365	375	415	387	383	424	352	363	363	358	370.74	60
188	328	363	378	322	384	373	413	360	352	393	395	366	397	351	334	309	404	379	321	396	375	350	349	354	349	353	312	401	367	418	357	344	373	352	329	371	370	361	387	416	362	367	408	381	375	415	352	362	361	347	366.72	59
189	321	363	373	321	374	371	410	354	352	393	395	363	392	351	333	298	401	374	319	392	366	347	349	347	349	353	312	400	359	418	348	340	364	352	328	367	360	360	379	404	362	366	408	381	375	408	352	360	359	346	363.38	58
190	310	351	372	319	369	368	406	348	350	391	390	363	389	351	333	291	400	369	319	391	366	347	348	340	349	352	309	398	359	409	348	340	364	348	326	361	359	358	379	402	351	356	408	374	365	399	352	352	359	346	360.08	57
191	299	343	372	314	369	362	404	348	339	391	388	358	389	343	333	290	398	361	319	391	355	346	348	337	343	352	304	391	359	403	343	329	361	348	326	359	357	351	367	402	351	356	402	374	365	393	349	345	359	345	356.62	56
192	299	331	371	314	360	361	394	338	336	382	376	357	379	341	325	280	387	356	308	382	346	346	346	329	336	350	304	386	359	394	343	329	360	345	326	359	354	342	366	391	351	356	401	373	358	390	339	339	359	331	351.7	55
193	299	321	371	314	360	354	390	331	336	377	369	355	370	337	316	269	380	356	307	381	346	335	334	326	330	348	303	384	359	388	336	324	353	331	320	359	349	333	358	391	350	350	392	363	354	389	327	337	356	330	346.96	54
194	284	321	360	304	358	351	390	331	331	369	365	346	359	332	316	269	377	344	306	371	346	334	334	317	330	341	296	384	348	383	336	324	341	324	317	359	349	333	355	386	350	341	383	360	354	386	327	330	355	329	342.72	53
195	284	321	360	292	358	340	390	331	329	361	363	331	348	318	316	269	369	337	305	371	330	331	333	308	325	335	286	380	348	383	330	313	334	319	317	355	349	328	354	378	341	341	382	350	352	380	320	330	353	329	338.14	52
196	271	321	360	292	355	339	377	331	322	350	354	330	348	317	310	265	367	337	296	361	321	331	332	308	319	334	283	378	340	379	330	308	323	318	316	344	340	326	342	378	328	340	377	349	345	379	312	319	353	328	333.66	51
197	261	311	351	290	353	335	370	328	321	346	346	328	340	308	310	257	354	335	296	358	305	330	332	300	310	325	283	369	338	372	327	293	316	315	309	344	337	316	341	378	317	340	376	338	339	378	310	309	347	323	328.3	50
198	257	300	343	281	347	326	370	326	308	341	346	328	333	308	310	257	354	317	294	358	304	329	331	292	303	318	283	357	327	364	326	283	311	315	309	336	328	311	341	371	303	334	376	331	339	374	299	296	341	314	323.0	49
199	250	290	342	276	345	322	361	326	298	331	345	328	333	299	302	257	346	316	293	352	303	328	326	290	303	308	282	355	319	363	326	283	306	315	302	335	317	308	338	371	303	324	362	321	334	361	297	294	341	308	318.7	48
200	250	283	333	264	336	321	360	315	294	331	343	328	325	297	290	246	337	314	277	346	303	328	326	288	303	308	282	343	311	363	322	277	299	315	290	327	306	306	326	370	300	311	352	321	334	361	297	290	333	302	313.68	47
201	242	279	325	262	333	314	351	309	287	331	331	320	317	293	282	243	333	314	263	336	291	321	318	288	296	308	281	342	304	363	319	264	297	303	280	316	301	300	322	361	292	308	341	321	329	350	297	288	327	302	307.9	46
202	234	277	321	260	319	307	339	306	287	331	328	317	305	292	278	243	328	309	262	327	285	321	317	275	284	297	270	342	304	354	319	256	292	294	279	314	300	298	312	350	286	300	334	319	326	339	290	288	327	288	302.6	45
203	224	277	315	255	317	307	335	304	279	320	315	312	300	280	267	239	316	295	262	325	272	321	305	260	281	295	269	327	304	343	319	247	278	288	266	314	287	298	306	350	273	298	332	307	316	338	290	285	317	278	296.16	44
204	224	272	304	251	312	307	335	292	274	320	307	312	300	280	255	230	303	292	262	311	272	320	297	260	280	287	260	325	303	337	311	247	272	274	264	306	287	294	301	350	268	296	324	294	312	338	275	278	310	277	291.24	43
205	224	263	293	247	305	306	331	292	273	307	294	312	300	279	254	230	287	286	256	311	271	320	284	258	270	277	257	325	303	337	308	242	272	272	264	297	286	283	292	344	267	295	324	283	303	331	265	275	308	269	286.64	42
206	216	249	282	241	296	293	326	287	273	307	290	305	300	279	253	227	287	280	246	301	260	314	269	244	268	264	255	324	303	333	302	242	272	257	250	297	277	273	279	344	267	295	316	281	293	331	256	262	295	269	280.6	41
207	216	248	276	240	283	279	319	286	262	298	290	303	292	269	253	227	276	279	245	299	252	305	259	236	252	262	241	315	294	332	290	240	263	243	250	292	276	261	279	344	267	295	315	275	293	321	247	262	283	254	274.76	40
208	216	234	275	239	273	279	310	286	260	295	289	301	283	269	247	218	275	277	235	293	248	294	255	236	252	256	226	309	289	325	290	229	261	241	244	286	268	251	278	331	267	287	301	263	289	311	247	252	270	240	269.0	39
209	214	234	268	239	273	267	303	284	259	295	276	295	279	266	239	209	273	265	223	286	237	290	248	226	252	256	214	299	286	316	277	228	259	239	234	286	268	251	278	331	263	286	301	263	283	308	247	249	268	230	264.4	38
210	205	231	255	226	268	266	290	272	255	295	276	295	271	262	239	195	273	265	223	284	231	279	247	226	243	246	214	288	284	315	275	215	259	231	233	286	256	239	275	320	263	286	301	258	276	300	233	248	268	229	259.4	37
211	204	226	255	225	268	261	287	271	252	295	267	284	271	249	239	195	258	265	223	284	229	275	247	224	237	243	206	288	284	306	275	204	259	230	233	283	246	227	270	312	261	286	295	258	261	291	233	233	261	214	255.0	36
212	190	218	253	225	267	253	274	260	252	285	258	271	270	244	238	192	248	263	210	272	214	273	234	221	236	233	192	288	272	297	275	189	249	230	233	281	241	219	262	312	257	279	289	244	248	290	223	222	248	210	248.08	35
213	190	212	242	217	262	242	274	258	245	270	252	260	269	241	224	192	248	262	210	272	213	261	232	213	227	220	179	286	255	297	274	189	249	219	232	279	233	219	262	310	248	278	271	240	248	284	215	213	247	209	242.88	34
214	185	211	242	203	262	240	267	247	241	267	240	242	255	232	217	192	248	262	208	271	210	261	218	209	227	220	179	276	243	296	274	187	231	210	224	279	233	206	257	302	248	269	262	232	248	271	214	210	238	205	237.42	33
215	185	205	242	203	250	239	265	237	241	253	239	234	244	230	206	190	246	262	206	271	194	261	218	209	227	220	177	274	230	285	270	183	228	204	210	278	227	192	254	302	248	258	262	219	248	267	202	202	228	205	232.6	32
216	170	196	234	201	248	228	262	234	241	248	233	230	231	225	191	182	234	250	206	264	189	247	216	195	225	212	175	263	227	271	264	183	228	194	210	268	227	192	251	297	244	257	259	212	238	265	189	192	215	192	226.1	31
217	169	183	221	200	237	217	254	219	241	235	229	221	230	212	179	168	221	239	206	250	173	235	216	195	215	211	175	261	219	257	262	183	215	189	197	261	213	192	251	290	230	244	248	208	226	259	189	191	215	184	218.7	30
218	164	183	211	199	237	211	254	219	236	229	212	206	217	212	165	165	220	239	200	250	173	225	203	195	212	211	168	246	219	256	260	183	199	189	197	261	195	177	251	280	228	236	235	208	222	259	178	190	199	184	213.36	29
219	162	183	197	190	234	204	253	209	235	227	210	192	203	212	165	163	203	232	189	237	171	220	202	194	212	199	163	231	204	252	251	180	197	187	190	261	195	163	237	266	228	232	224	198	222	258	164	180	199	177	207.14	28
220	161	166	189	189	234	204	244	200	225	227	198	181	190	211	165	161	203	219	186	225	161	213	184	180	211	195	158	231	197	252	243	170	193	178	188	258	178	161	229	266	211	216	212	196	222	245	164	169	196	174	200.58	27
221	161	164	189	189	227	189	233	184	216	219	182	166	179	211	164	154	189	216	173	225	161	201	183	168	201	184	158	222	185	241	229	170	193	175	188	243	176	158	213	264	209	201	198	196	221	230	162	157	196	173	193.72	26
222	158	162	175	189	222	189	218	177	200	211	182	158	163	209	163	153	176	211	164	213	154	196	179	151	200	170	155	219	172	241	226	170	180	175	174	226	174	158	211	260	199	199	192	183	218	223	160	152	182	172	187.28	25
223	158	161	175	179	221	184	218	177	185	211	170	152	163	209	160	151	176	209	164	200	150	189	179	151	200	162	152	217	167	240	224	169	165	158	172	225	174	151	210	257	183	187	177	174	203	212	160	147	180	158	182.32	24
224	143	157	166	169	214	184	217	163	170	196	161	152	163	207	159	148	163	206	159	198	150	189	177	134	199	161	145	204	167	225	224	169	157	155	168	213	164	148	203	241	167	185	162	172	202	209	153	147	180	158	176.46	23
225	142	144	161	157	208	176	208	152	161	196	161	142	161	202	159	132	163	205	150	198	141	189	161	134	184	145	143	189	152	213	219	164	146	153	155	203	159	146	188	230	162	176	149	170	200	209	144	130	167	143	168.84	22
226	130	144	143	142	199	174	208	149	152	195	147	132	158	183	142	132	152	194	150	194	134	181	147	133	184	143	142	189	135	209	217	149	146	138	155	198	159	146	185	215	157	176	149	154	197	192	128	130	150	136	161.88	21
227	130	144	143	135	188	174	192	137	150	181	147	124	152	172	126	122	141	187	136	178	120	174	131	118	165	131	141	173	129	192	217	149	139	134	151	190	157	129	173	200	154	176	146	152	182	181	118	124	150	121	153.52	20
228	113	132	137	134	173	173	180	132	135	170	139	108	150	169	108	122	138	187	125	168	120	174	118	118	159	122	140	157	116	192	204	149	129	121	145	188	155	121	172	195	150	175	138	136	182	180	118	124	133	106	146.6	19
229	112	131	122	127	164	156	169	114	134	167	131	105	134	154	106	103	135	180	118	155	120	164	118	118	153	120	140	141	109	189	188	129	111	120	138	170	138	108	172	189	142	175	127	136	168	180	98	124	120	98	138.4	18
230	112	118	105	127	152	156	152	94	129	156	131	105	122	143	105	102	132	165	110	139	106	164	117	116	138	102	131	138	109	176	174	125	105	107	138	169	138	108	161	171	127	172	110	133	162	163	95	106	117	98	130.62	17
231	111	118	105	127	152	156	137	94	114	149	116	105	122	136	105	102	130	151	93	136	106	164	110	105	138	98	130	136	109	160	158	111	105	101	138	166	134	100	153	169	126	164	90	118	162	146	93	92	117	93	125.02	16
232	106	103	89	110	150	139	134	80	103	134	116	105	122	136	91	101	128	134	93	121	103	146	110	105	122	90	112	128	98	146	141	110	105	98	127	156	133	85	139	169	124	152	90	118	153	132	77	73	108	93	116.76	15
233	102	93	79	92	138	134	124	70	99	134	116	101	107	119	91	95	127	123	91	117	88	145	110	100	108	89	112	111	81	144	121	110	94	93	122	141	133	67	122	164	120	152	90	114	144	132	76	73	108	88	110.08	14
234	100	91	67	82	122	125	112	70	82	133	107	100	95	119	91	84	122	123	90	111	86	129	110	96	102	78	98	95	81	127	121	108	94	87	105	125	114	66	122	148	102	134	83	101	144	114	58	73	106	77	102.2	13
235	91	91	65	82	120	118	104	70	82	128	107	96	95	119	91	84	122	122	85	91	86	113	92	96	99	78	81	91	81	125	112	97	89	87	105	107	113	66	115	133	94	122	82	99	133	114	54	72	94	77	97.4	12
236	78	88	65	82	105	102	87	59	82	113	89	88	77	102	87	83	116	118	85	86	71	109	85	96	87	77	81	81	81	107	103	96	71	83	103	91	95	65	111	117	91	120	66	97	118	113	35	71	79	64	89.12	11
237	64	88	58	81	103	97	68	59	63	97	87	69	71	102	70	75	99	102	67	86	71	107	79	92	83	68	62	81	65	106	95	89	52	83	103	89	78	62	107	110	75	102	58	96	101	95	34	66	69	62	80.92	10
238	57	72	52	72	87	77	50	59	53	95	87	69	71	84	70	61	92	99	66	78	70	91	63	74	79	50	61	68	60	106	81	72	47	63	91	89	77	61	106	100	75	102	58	77	99	86	30	52	58	43	72.8	9
239	56	57	50	64	70	66	43	51	51	89	69	65	53	65	56	57	76	96	56	78	51	74	59	65	79	49	60	52	50	91	80	66	41	57	91	86	60	55	99	84	62	82	58	58	82	75	29	51	58	33	64.1	8
240	56	54	50	55	70	66	23	32	40	82	53	49	51	63	36	44	57	87	56	71	51	68	55	64	74	39	60	49	50	73	80	47	32	41	78	72	50	52	89	79	59	71	53	58	69	72	29	50	45	22	56.52	7
241	43	35	47	47	51	53	22	32	32	64	52	47	51	61	36	44	47	72	55	56	50	59	55	45	58	30	58	44	48	71	66	34	22	40	61	54	42	46	72	62	43	68	50	43	69	72	26	49	43	14	48.82	6
242	35	30	43	47	31	34	19	13	32	64	49	36	42	60	31	38	28	54	55	54	50	51	44	43	58	30	58	33	40	54	66	31	19	40	59	45	38	42	54	43	27	52	40	43	49	53	26	43	27	12	41.3	5
243	28	28	43	27	31	34	12	8	32	45	33	36	42	60	29	38	8	34	49	51	41	51	44	43	58	11	58	33	22	35	47	31	19	37	43	44	23	41	41	38	27	46	21	28	36	50	22	41	18	11	34.56	4
244	28	25	42	13	11	22	10	8	12	26	32	22	23	51	20	20	5	27	36	43	39	32	25	29	39	6	56	22	2	15	31	31	5	36	35	25	3	31	41	38	27	27	21	28	29	41	21	22	10	8	25.02	3
245	25	25	40	13	1	17	10	8	5	20	18	22	3	40	17	20	5	9	23	39	20	30	17	27	19	2	40	19	2	8	21	31	1	17	16	21	0	22	23	38	21	7	1	20	13	33	21	22	9	7	17.76	2
246	5	5	20	10	0	9	10	6	5	20	18	2	0	20	17	20	5	0	5	19	0	20	17	8	1	2	20	19	0	0	19	20	0	17	16	20	0	20	4	20	1	2	1	20	13	13	20	20	8	0	10.34	1
247	0	0	0	0	0	0	0	0	0	0	0	0	0	0	0	0	0	0	0	0	0	0	0	0	0	0	0	0	0	0	0	0	0	0	0	0	0	0	0	0	0	0	0	0	0	0	0	0	0	0	0.0	0

