49.73737192966755
57.83247393852628
60.47750659925737
63.868932038834934
65.61460337345086
66.06348709230015
67.4420943134535
67.60356359894413
68.0254071406201
68.34778645250769
68.18916379580332
68.62682877723596
68.99008433627131
69.1732025412733
68.88704084828417
69.14427766095476
69.28668739653703
69.55143505883404
69.86075567088722
69.28805198872531
69.89372399445215
69.70103686635943
69.81944879423739
69.28608339671605
69.661955840902
69.87056507538813
68.53330947161199
69.4657789360655
69.09684130463963
69.61583933604764
69.5513903181066
69.59917341505971
69.51755514294666
68.91873965370675
69.79341528343255
69.79188291351613
69.76190662610173
69.64186166167059
69.58589101158786
69.46462686233275
69.22330656346473
69.21270301105093
69.19609301597241
69.47365330410274
69.26879669813431
69.42276631918031
69.54588161603508
69.46011364144782
69.10095185897721
69.62713636973741
69.6064214129121

