49.77569444444444
56.293923611111104
58.62673611111112
61.151041666666664
61.586979166666666
62.15520833333332
61.13871527777778
62.18159722222221
62.679166666666674
61.4664930555556
64.23194444444445
64.1234375
62.90711805555556
63.40138888888891
64.56354166666665
63.51163194444444
62.25763888888888
64.33177083333331
63.83749999999998
64.1125
62.93767361111111
62.96961805555553
63.42065972222224
62.69618055555556
62.50781249999999
62.570138888888906
62.49756944444446
63.52048611111112
64.3296875
63.82309027777778
64.09236111111112
64.15347222222223
63.84583333333331
63.75520833333332
62.89722222222222
64.05086805555558
63.925173611111106
64.84392361111111
65.13489583333335
64.63125000000004
64.67291666666665
64.5421875
63.01579861111111
63.65347222222223
63.36770833333334
63.53454861111112
63.78559027777777
62.54253472222221
61.32708333333332
61.69097222222224
62.80260416666666
63.23836805555557
63.588020833333346
63.47274305555557
62.32430555555557
62.98246527777779
63.063541666666666
63.763368055555546
63.85677083333331
62.06232638888888
60.981944444444444
62.6670138888889
61.590972222222206
63.555381944444434
63.9767361111111
63.31249999999999
62.68680555555556
64.25572916666667
64.4623263888889
63.135763888888896
62.51649305555554
64.17100694444446
63.18194444444446
62.65034722222222
63.83784722222222
62.6982638888889
62.726215277777776
62.18784722222224
61.37604166666667
60.406944444444434
61.53993055555556
60.97118055555557
62.7263888888889
62.28940972222223
61.75972222222224
62.36736111111112
59.03420138888891
61.18090277777778
62.215104166666656
60.66406249999999
60.87343749999998
60.445486111111116
62.40104166666667
62.37552083333332
61.83281249999999
61.89756944444446
63.77847222222221
62.91041666666665
62.33541666666665
60.977083333333326
61.27135416666666

