# Extinction sequence for 721 applications  and 247 platforms.
# This is the data and average for 50 different extinction sequences.
0	721	721	721	721	721	721	721	721	721	721	721	721	721	721	721	721	721	721	721	721	721	721	721	721	721	721	721	721	721	721	721	721	721	721	721	721	721	721	721	721	721	721	721	721	721	721	721	721	721	721	721.0	247
1	721	719	720	718	721	719	718	721	721	721	721	721	721	721	721	721	721	720	721	721	721	721	720	720	721	721	715	720	720	720	721	721	721	721	721	721	714	721	720	709	720	721	711	721	719	721	715	721	713	717	719.52	246
2	718	719	714	718	721	719	715	720	715	721	715	721	721	720	721	719	721	718	721	721	716	721	717	720	719	718	715	720	717	719	720	721	718	721	718	721	712	715	709	709	720	721	708	719	719	716	715	721	713	717	717.86	245
3	718	711	709	718	721	719	710	719	710	716	715	721	721	720	720	714	713	714	721	721	716	721	714	717	719	711	715	720	717	719	713	721	718	721	718	718	707	710	707	709	719	714	708	717	713	708	712	721	713	717	715.68	244
4	712	709	709	712	717	719	710	719	707	709	710	721	720	719	720	714	708	714	719	715	715	714	714	717	719	703	713	719	709	719	713	719	718	721	715	718	699	710	704	709	717	714	708	707	713	705	712	721	713	712	713.46	243
5	712	709	706	712	717	713	710	709	707	702	710	718	720	719	713	713	702	714	719	712	712	714	709	713	718	698	704	708	706	719	713	709	718	721	715	713	699	710	698	709	717	713	708	707	711	705	711	721	708	707	711.02	242
6	709	709	702	704	717	705	710	709	707	702	710	718	720	719	712	711	702	714	716	712	712	709	709	713	716	698	704	706	699	716	713	709	718	721	715	705	696	710	698	709	712	713	708	707	702	702	710	721	708	702	709.38	241
7	698	709	702	704	716	698	703	707	707	702	708	718	720	719	712	711	700	709	716	712	712	709	709	713	711	698	703	705	689	716	707	709	718	715	715	705	696	710	698	700	706	713	708	707	702	701	710	721	701	696	707.48	240
8	697	709	696	704	716	698	703	700	699	690	703	714	720	719	709	699	699	709	709	712	711	708	705	710	711	698	703	698	689	716	707	709	718	715	715	705	696	710	698	700	706	707	703	704	702	700	702	716	696	684	704.94	239
9	697	708	696	704	715	698	700	700	699	690	695	714	720	715	708	692	697	709	709	711	710	705	705	709	711	698	703	698	689	709	706	709	718	712	715	705	696	708	697	700	706	707	703	704	702	700	702	716	694	684	703.96	238
10	697	708	693	704	715	698	700	700	699	685	693	714	720	714	708	692	695	707	709	711	710	702	701	709	711	698	703	692	684	709	706	709	718	712	715	705	696	708	697	700	706	701	696	704	700	696	696	716	692	684	702.76	237
11	696	708	693	699	715	695	700	700	697	685	693	713	719	714	708	692	688	707	707	711	710	699	701	709	708	686	700	692	684	709	706	708	718	712	714	698	694	708	697	700	704	698	695	702	700	696	689	714	686	681	701.16	236
12	696	706	689	699	715	692	700	694	697	685	693	712	712	709	708	692	687	704	707	711	710	699	699	706	703	684	689	692	684	709	706	702	712	712	714	697	693	708	697	698	704	698	693	701	700	696	689	711	685	680	699.58	235
13	696	701	689	699	715	689	700	694	697	685	693	710	712	709	701	692	686	693	707	711	710	699	699	706	703	682	684	692	679	709	705	700	708	711	714	697	693	702	697	692	697	698	687	701	700	696	685	710	681	680	697.92	234
14	696	701	689	696	710	683	693	694	697	685	693	710	711	709	701	691	686	690	707	704	708	693	699	704	702	682	684	686	671	709	705	700	708	705	713	693	693	693	697	692	697	698	687	693	691	696	685	710	681	680	696.02	233
15	696	694	687	696	707	683	689	693	697	678	693	710	711	709	700	688	683	690	707	704	708	691	691	696	700	682	683	686	671	709	705	690	705	700	713	692	687	690	695	692	697	698	681	692	691	695	685	710	680	680	694.2	232
16	695	689	681	696	707	682	688	691	697	678	690	710	706	709	700	685	682	684	703	704	708	689	687	696	700	682	680	685	671	709	705	684	705	699	713	690	687	689	695	688	696	698	678	692	691	695	685	710	677	680	692.82	231
17	695	689	681	696	699	682	688	688	697	670	689	707	705	703	700	680	675	683	703	701	705	689	687	696	698	680	679	684	669	709	705	684	703	694	713	682	687	687	693	688	696	694	678	692	684	695	685	708	674	680	690.98	230
18	691	689	681	694	689	682	688	688	696	659	689	700	705	703	697	680	675	683	697	701	702	684	687	696	698	680	679	684	669	709	702	677	703	693	707	682	687	687	693	687	696	694	678	689	684	685	683	708	670	680	689.2	229
19	691	688	681	694	689	679	688	679	696	654	689	694	705	698	697	680	675	683	697	701	700	684	687	696	698	677	679	684	668	709	701	670	700	689	704	671	684	679	693	686	696	694	678	684	684	685	680	708	670	680	687.52	228
20	691	688	681	693	686	674	688	679	696	654	689	688	700	698	697	679	675	675	697	701	696	683	685	688	698	677	677	684	661	708	701	665	694	687	701	671	683	679	693	686	696	693	677	678	684	685	680	698	670	680	685.74	227
21	691	688	681	689	686	674	688	679	694	654	685	682	700	697	690	678	665	667	695	701	696	683	682	685	697	677	677	682	660	700	701	662	692	684	701	663	683	679	693	679	696	693	677	678	677	685	678	698	670	677	683.78	226
22	691	682	676	689	686	674	684	678	694	646	685	681	696	694	690	674	665	667	688	701	696	683	680	679	690	669	670	676	660	699	701	660	688	684	701	663	683	679	687	679	696	689	669	674	677	685	678	698	670	677	681.62	225
23	687	680	676	684	682	674	684	678	694	646	684	681	696	687	689	674	665	666	688	701	696	683	679	679	687	669	670	672	650	699	695	660	686	683	701	663	682	674	682	677	690	682	669	673	677	685	678	695	670	677	679.98	224
24	687	679	672	684	682	670	684	677	694	646	679	681	686	685	689	674	653	666	680	701	693	676	676	679	683	666	669	664	650	699	695	652	686	677	701	660	682	674	682	677	689	675	669	673	677	685	673	691	670	673	677.7	223
25	687	679	662	683	682	670	684	674	692	639	675	681	685	679	689	673	653	666	680	701	693	669	676	679	682	654	669	664	643	698	692	652	686	674	701	660	674	674	678	673	679	675	669	673	671	685	673	683	666	672	675.42	222
26	687	679	662	683	681	670	682	668	692	639	675	673	685	678	689	673	653	664	680	694	688	669	676	670	678	654	668	661	638	696	691	646	686	674	701	660	674	666	678	673	679	675	666	668	671	680	673	677	662	672	673.54	221
27	687	669	657	683	681	670	682	668	686	637	675	673	685	678	689	671	653	664	680	686	680	667	676	670	678	651	668	661	628	696	691	646	685	674	701	660	674	666	678	672	676	670	666	664	670	673	673	668	661	671	671.76	220
28	683	666	657	675	681	670	682	668	684	637	673	663	683	678	689	671	651	661	675	686	677	667	676	670	669	651	657	661	628	690	691	643	681	662	694	658	674	666	672	672	676	670	665	664	669	673	673	662	661	670	669.5	219
29	681	658	657	670	681	668	682	668	684	637	673	663	683	678	689	668	651	661	675	686	672	667	676	666	669	650	656	658	628	690	691	643	681	662	685	658	674	665	668	672	673	663	664	664	669	673	666	662	661	666	668.1	218
30	681	658	653	670	681	668	680	668	684	637	665	657	673	678	681	662	651	660	675	686	669	664	674	666	660	650	652	658	626	690	689	643	677	659	685	657	667	665	668	664	673	663	664	656	665	671	666	659	659	666	665.86	217
31	678	658	653	670	676	667	680	668	679	637	661	657	673	677	681	662	648	654	670	686	669	664	674	666	660	649	645	658	624	690	688	643	670	652	682	657	660	664	661	663	673	657	664	656	664	671	660	659	657	657	663.84	216
32	678	657	653	669	676	667	679	668	676	637	661	657	666	676	671	660	648	650	670	686	669	664	674	661	660	646	640	656	617	690	686	639	670	652	677	657	660	663	661	653	670	657	664	652	664	671	660	654	656	647	661.9	215
33	675	657	653	661	676	667	679	665	676	629	659	657	665	676	671	660	639	650	667	683	669	660	674	661	659	637	638	652	617	683	686	632	669	652	677	657	660	659	653	653	670	655	663	652	664	671	660	646	656	647	659.94	214
34	671	657	653	653	676	667	667	664	676	629	658	657	658	676	671	650	630	647	667	682	669	659	666	657	659	630	638	652	617	682	686	631	669	652	677	654	660	651	653	653	670	649	663	652	658	671	659	646	645	647	657.68	213
35	671	657	653	653	676	659	659	656	676	626	651	649	658	676	671	650	622	647	667	676	661	659	659	657	659	629	638	652	617	678	686	631	668	652	677	654	660	651	653	653	667	649	662	650	658	665	654	646	645	646	655.78	212
36	667	645	653	653	674	659	659	656	676	625	651	649	658	669	671	645	622	641	666	672	660	659	659	657	655	629	638	648	617	678	685	631	667	645	676	647	657	651	653	646	667	639	662	650	651	665	654	646	644	646	653.86	211
37	667	643	652	653	674	651	659	653	676	623	651	644	652	668	671	644	622	635	662	672	660	650	654	657	652	629	633	647	613	678	685	631	667	645	674	638	657	650	653	641	667	639	662	645	649	665	654	646	644	641	651.96	210
38	661	643	652	653	665	651	655	653	670	623	651	643	652	668	668	644	622	635	662	672	660	650	654	657	646	629	628	647	613	675	685	624	660	645	672	637	644	650	653	632	667	639	654	645	649	665	652	646	644	641	650.12	209
39	659	641	652	650	664	651	655	647	670	623	651	642	646	666	663	644	619	632	662	672	660	650	654	656	645	629	628	647	611	669	685	623	655	645	672	637	638	644	651	630	667	639	654	645	649	665	651	639	639	636	648.44	208
40	659	641	652	650	664	651	655	646	666	623	651	642	639	656	655	644	617	631	662	672	660	648	654	656	635	625	628	647	608	668	685	623	654	645	672	637	631	644	650	628	667	639	654	645	636	665	650	635	638	636	646.78	207
41	659	641	652	650	660	649	654	644	660	623	651	642	631	656	650	641	617	629	662	661	657	648	654	655	635	624	628	647	607	668	683	623	647	642	672	634	631	643	650	626	659	636	648	645	636	659	650	635	630	636	644.8	206
42	659	633	652	650	659	647	650	644	656	614	650	639	631	648	647	639	617	622	661	661	657	640	653	655	628	624	628	647	607	665	683	617	647	642	672	634	625	643	650	626	659	635	648	637	636	649	650	635	630	636	642.74	205
43	653	629	651	650	659	647	650	644	656	614	647	639	626	641	647	634	617	616	656	660	650	640	652	643	626	624	628	646	607	661	683	617	640	642	668	634	618	631	650	626	654	629	647	637	636	649	650	630	630	636	640.4	204
44	653	629	650	646	659	647	650	644	653	611	647	639	626	641	638	634	616	608	656	659	650	632	651	643	616	624	628	646	595	661	681	614	640	642	667	633	609	630	648	625	653	629	647	631	636	646	649	630	630	636	638.56	203
45	649	625	645	638	657	647	638	638	649	610	647	639	622	640	638	634	615	608	656	658	640	624	651	643	616	624	628	645	595	661	681	614	638	642	667	633	609	630	648	622	653	623	647	626	635	646	648	628	624	636	636.6	202
46	649	625	643	638	656	647	638	638	649	610	640	639	622	634	626	634	615	604	656	656	640	624	651	643	616	624	627	638	595	661	675	610	628	642	666	633	609	630	648	622	647	623	640	626	635	646	648	621	624	636	634.94	201
47	649	625	636	637	656	647	635	638	642	610	640	639	622	634	626	634	615	604	656	651	638	622	647	643	608	616	627	636	587	650	675	610	628	635	666	629	609	630	640	621	647	619	638	623	626	646	643	621	621	636	632.66	200
48	642	614	636	637	656	644	630	638	641	610	640	632	622	629	626	634	615	604	656	651	638	622	647	636	602	616	622	636	581	646	675	604	628	635	666	623	599	628	639	620	647	619	638	623	623	637	638	621	620	628	630.28	199
49	641	614	632	637	656	644	621	633	640	610	638	632	622	625	623	634	606	604	649	651	637	610	641	634	596	616	622	634	578	646	675	604	624	633	660	623	598	627	637	618	642	619	638	613	623	637	627	621	620	620	627.7	198
50	641	614	632	636	656	633	608	633	640	610	638	631	622	613	616	631	606	603	641	651	629	610	641	634	584	609	622	632	577	644	675	600	624	633	652	623	598	627	636	618	632	608	635	613	622	637	627	621	613	620	625.02	197
51	640	614	628	632	655	627	608	621	638	610	637	630	622	606	616	624	595	603	641	651	629	610	641	627	584	609	617	625	577	638	675	594	624	633	652	617	586	627	636	618	631	599	632	613	614	635	620	610	610	620	622.02	196
52	631	605	626	632	649	623	603	621	638	601	636	628	614	606	616	624	595	599	641	651	629	610	641	627	574	609	615	624	577	638	670	586	620	633	652	617	586	626	634	618	631	589	632	613	614	630	612	602	606	617	619.42	195
53	631	605	625	632	643	618	602	621	633	601	636	628	613	606	608	624	585	599	641	645	629	610	641	627	574	608	615	624	577	637	664	586	620	633	652	616	586	616	634	618	625	589	632	612	613	630	612	602	606	617	618.02	194
54	631	605	613	632	631	618	602	616	632	601	636	618	613	606	597	617	582	599	638	645	629	610	641	620	566	608	615	624	577	636	658	582	619	633	649	616	586	616	634	614	623	589	632	612	607	624	611	601	606	617	615.74	193
55	631	605	613	632	630	613	602	616	625	601	636	615	613	606	597	610	575	592	638	639	628	603	641	616	566	601	614	624	573	625	658	582	611	629	642	616	584	616	634	614	623	585	624	612	603	624	602	601	602	610	613.04	192
56	631	599	613	625	629	613	602	612	622	601	636	615	613	604	596	602	570	580	638	637	623	603	640	616	566	601	614	624	572	617	658	582	602	629	642	616	584	613	634	608	620	577	623	612	603	624	602	601	602	610	611.12	191
57	631	599	613	623	629	613	600	612	620	598	632	606	610	604	596	602	569	580	636	631	622	599	640	616	565	594	611	617	563	607	658	582	599	619	642	614	584	613	630	608	619	572	622	612	603	616	602	601	595	610	608.78	190
58	625	599	612	623	629	604	600	612	620	598	632	606	610	604	595	599	557	578	636	630	615	598	640	616	565	594	611	613	563	607	655	582	599	619	642	614	584	613	630	608	619	572	621	611	594	616	592	597	595	608	607.24	189
59	625	589	612	620	627	604	600	611	620	595	632	606	610	604	594	593	557	570	635	630	611	598	640	613	565	594	611	613	561	600	655	582	599	617	642	611	582	613	630	608	619	572	616	608	594	606	592	596	595	608	605.7	188
60	625	589	612	619	623	604	593	599	611	588	632	603	601	604	594	593	548	570	626	627	610	598	640	613	565	594	606	613	561	600	655	582	599	613	642	611	573	613	630	608	613	572	614	608	594	606	591	596	595	608	603.68	187
61	625	581	612	619	623	604	586	591	611	585	626	603	601	599	593	592	543	562	626	625	610	598	639	606	565	584	604	613	557	600	655	578	599	610	634	611	563	613	620	603	610	572	608	608	588	605	591	596	595	604	600.92	186
62	620	580	612	619	623	592	586	590	611	578	626	603	599	593	593	583	543	562	626	625	610	598	639	606	565	584	604	613	554	600	655	578	586	602	626	601	558	613	612	602	610	563	600	608	587	605	591	592	592	602	598.4	185
63	612	579	609	618	623	583	579	590	606	577	623	603	599	593	593	583	543	562	626	624	610	593	639	606	557	578	604	603	545	600	655	577	580	592	617	601	558	613	612	602	610	563	591	608	580	605	589	584	592	601	595.8	184
64	610	579	603	618	623	583	579	590	604	577	623	603	599	587	586	583	542	562	625	624	610	591	639	598	557	577	604	603	541	600	655	563	577	592	617	591	553	613	612	598	610	559	591	597	580	601	583	583	592	601	593.76	183
65	610	570	603	617	617	574	579	590	596	577	623	599	599	587	586	583	542	562	623	624	610	591	632	598	556	577	604	603	541	599	650	557	577	581	617	582	551	610	607	598	610	550	590	585	572	597	582	583	587	601	591.18	182
66	609	565	603	616	613	565	578	590	585	576	611	599	591	575	586	582	542	558	623	624	609	591	623	598	556	573	604	600	540	596	650	557	576	581	610	582	551	610	607	589	610	550	588	579	572	594	581	582	586	601	588.74	181
67	598	565	600	616	612	565	578	590	585	574	611	597	586	575	586	582	542	558	623	624	606	591	623	593	554	573	598	600	540	595	647	557	570	581	607	569	544	610	607	585	608	550	584	579	572	594	578	579	585	601	586.94	180
68	597	565	600	616	612	565	575	585	578	563	610	588	583	573	583	582	537	558	623	623	603	591	615	593	554	573	591	600	540	594	647	557	570	576	607	569	543	604	607	585	608	550	583	579	564	594	577	579	581	601	585.02	179
69	597	563	600	615	608	563	567	584	576	563	610	584	577	573	576	582	529	554	622	620	603	591	609	591	551	570	591	600	536	591	644	556	562	566	607	560	538	598	601	585	603	550	571	578	558	588	575	577	581	598	581.84	178
70	592	563	588	614	608	563	567	574	573	563	602	584	577	573	576	577	529	554	622	619	603	591	608	591	551	569	584	594	536	591	644	544	562	565	601	560	538	598	601	580	600	547	571	576	549	586	575	577	581	597	579.76	177
71	592	563	587	608	598	563	567	574	564	563	602	584	577	573	575	577	525	554	622	619	601	591	608	591	551	568	584	591	536	591	642	544	562	565	600	560	538	598	601	580	600	547	565	576	545	586	575	571	574	597	578.5	176
72	592	557	587	608	598	560	566	574	564	559	596	584	577	573	575	574	525	554	622	619	601	591	608	591	542	562	578	588	536	591	631	543	561	560	598	560	538	598	600	578	599	537	564	576	542	586	570	571	566	597	576.54	175
73	592	557	586	608	598	560	566	574	563	559	596	584	577	571	574	574	525	554	622	619	600	591	608	591	542	562	576	581	536	591	631	543	560	560	595	555	537	593	600	578	599	529	564	567	542	586	568	566	566	588	575.28	174
74	591	557	586	608	594	553	560	571	562	559	590	584	573	571	566	574	525	543	622	619	600	591	603	591	531	562	569	581	535	591	620	543	550	560	595	555	530	593	600	572	599	529	564	567	539	579	568	566	566	588	572.9	173
75	581	556	586	608	593	553	560	571	554	559	585	584	573	570	564	574	520	542	622	607	600	576	603	591	531	562	567	576	525	591	619	543	550	560	594	555	530	593	600	572	590	529	564	563	539	578	566	566	566	587	570.96	172
76	580	555	578	606	593	553	558	571	554	549	584	583	573	569	564	574	520	534	615	607	588	575	603	580	531	562	564	571	525	585	619	542	550	560	594	547	524	590	600	568	590	526	562	561	530	571	566	565	566	587	568.44	171
77	580	554	578	606	591	553	558	571	554	546	578	578	572	569	555	574	511	534	606	604	588	575	597	580	531	562	561	571	525	578	611	541	545	559	594	547	524	590	599	568	584	518	561	560	530	568	558	565	566	575	566.06	170
78	573	554	577	603	591	552	553	570	550	536	578	578	572	559	555	574	504	534	606	594	587	571	589	580	531	562	555	570	525	573	611	541	537	559	594	547	524	586	593	562	582	517	560	560	530	560	557	565	566	575	563.64	169
79	573	545	577	602	591	552	553	564	550	533	578	576	569	559	554	572	504	534	600	594	587	571	589	577	526	562	555	569	525	570	607	533	531	553	590	540	524	586	588	558	581	514	554	560	530	560	549	556	565	574	561.28	168
80	573	545	577	600	583	548	546	556	550	533	575	576	557	559	554	572	504	532	600	594	579	563	589	577	520	560	552	562	525	570	607	533	531	553	587	540	524	586	588	558	581	508	542	560	530	557	549	556	557	573	559.02	167
81	573	545	575	600	583	548	544	556	549	527	575	576	557	559	544	571	503	530	600	594	574	557	589	570	512	551	552	556	525	570	607	533	525	547	575	538	522	586	578	557	581	507	534	560	518	555	549	553	549	573	556.24	166
82	566	538	566	600	583	541	533	556	549	526	567	576	557	559	539	571	503	524	600	594	574	552	579	570	512	544	552	556	525	562	607	532	515	547	575	538	521	586	578	552	576	507	534	552	518	554	548	546	549	573	553.64	165
83	566	538	566	595	583	530	531	555	548	526	567	576	546	559	535	571	501	519	600	594	573	550	579	570	512	532	552	550	525	556	607	532	508	540	570	535	513	586	577	550	576	500	534	552	518	547	548	545	549	573	551.3	164
84	557	532	566	591	583	523	529	552	539	526	567	576	545	558	535	571	501	507	600	594	566	550	577	570	508	522	548	546	520	549	595	531	508	538	568	531	508	586	577	550	575	489	534	552	516	547	548	545	549	569	548.48	163
85	557	525	566	584	581	523	528	542	538	526	567	568	545	558	529	563	501	502	600	593	566	549	566	569	508	521	547	546	520	549	595	525	501	538	568	531	508	578	567	550	575	489	534	551	506	547	539	541	544	569	545.86	162
86	551	513	566	577	581	523	528	534	537	526	566	568	544	547	529	563	501	502	600	592	566	549	560	569	507	519	544	546	520	547	585	525	500	533	560	530	508	578	566	544	573	484	534	551	492	547	537	540	538	569	543.38	161
87	549	513	561	577	581	519	528	534	528	518	566	558	544	547	529	558	497	493	600	586	566	549	560	569	507	518	538	546	520	547	585	520	500	525	560	529	508	576	566	544	571	482	533	551	491	547	536	539	538	568	541.5	160
88	542	511	561	574	581	517	524	526	521	518	566	558	532	547	529	558	496	493	600	586	565	546	560	568	507	511	538	544	520	538	585	518	498	525	558	529	504	576	559	543	571	481	533	543	489	544	536	538	538	568	539.46	159
89	542	504	556	574	580	516	516	526	514	517	566	546	531	546	524	558	492	493	600	580	565	540	560	568	504	511	538	542	510	538	581	518	498	525	558	529	504	568	559	543	571	474	524	543	489	540	531	535	529	568	536.88	158
90	542	504	546	567	580	516	514	526	514	506	566	540	529	540	524	552	489	483	597	576	555	538	560	559	504	511	538	542	502	538	581	516	498	513	558	529	504	568	556	533	570	467	524	543	488	532	524	533	528	568	533.82	157
91	542	501	540	565	580	516	513	519	514	506	564	537	529	540	523	544	478	482	597	576	555	538	560	553	504	511	536	542	496	538	581	516	489	513	555	528	494	568	552	533	570	467	521	543	488	531	524	533	518	568	531.82	156
92	542	501	536	561	576	507	506	513	514	505	564	527	529	528	523	544	468	480	597	569	543	537	560	553	493	506	536	541	496	536	581	516	489	513	553	520	492	563	552	533	570	466	521	543	481	531	524	524	510	567	528.8	155
93	531	501	536	560	576	507	496	513	506	503	563	523	527	528	523	542	468	480	589	559	535	537	560	549	493	501	533	541	496	536	581	512	479	504	547	520	478	562	546	533	566	455	521	541	478	531	516	523	510	563	525.56	154
94	529	494	533	555	576	507	490	512	501	503	559	513	527	521	523	542	468	472	585	558	535	527	560	549	485	501	533	531	489	536	581	509	479	504	547	520	477	562	541	531	556	455	521	532	477	531	516	522	505	551	522.62	153
95	529	494	532	555	575	503	490	511	493	502	559	503	525	521	522	537	468	470	585	552	535	523	560	545	476	501	522	526	489	536	575	509	479	498	547	520	468	560	541	531	556	454	521	532	473	525	512	521	494	543	519.96	152
96	529	486	532	553	572	497	490	511	490	502	559	503	517	521	522	537	468	470	582	552	535	523	554	539	473	501	522	526	489	536	575	509	479	498	547	520	461	554	541	519	556	453	516	532	463	525	507	521	492	537	517.92	151
97	529	486	532	553	572	487	478	504	490	496	559	503	517	517	522	537	463	470	582	547	535	522	543	534	473	501	517	526	488	532	565	509	473	488	541	520	461	554	533	519	546	453	516	532	463	524	507	521	482	527	514.98	150
98	527	486	532	553	572	487	478	504	490	496	547	503	516	516	520	537	463	470	582	547	524	520	535	534	473	500	517	526	488	532	565	509	473	488	540	520	461	554	523	504	546	453	505	532	463	524	503	512	472	527	512.98	149
99	527	484	532	541	572	482	477	504	490	491	547	503	516	516	512	537	460	460	581	539	523	520	532	534	473	487	517	525	488	532	565	509	473	478	540	520	456	554	523	504	546	447	496	524	463	524	503	512	460	527	510.52	148
100	527	483	530	540	564	482	471	504	490	490	547	503	507	512	509	526	460	450	581	526	523	517	532	532	460	487	517	515	488	531	565	503	473	478	540	520	449	542	523	504	545	444	496	514	463	524	503	512	451	527	507.6	147
101	526	483	530	531	562	479	471	504	482	489	544	503	501	504	509	526	459	450	581	525	523	517	529	532	455	487	517	515	478	527	564	503	473	476	540	511	449	537	523	504	545	437	496	513	463	524	503	512	450	527	505.78	146
102	526	479	530	521	562	479	471	504	482	485	540	503	500	504	508	526	457	450	581	525	515	517	517	530	448	487	516	506	478	527	564	494	466	476	533	511	449	529	522	491	545	437	493	513	458	524	492	511	450	527	503.18	145
103	526	479	530	521	561	479	471	504	467	480	532	503	496	503	508	524	446	450	570	524	507	505	516	530	438	481	516	497	477	527	564	494	456	476	533	509	449	523	522	486	545	437	493	511	458	521	491	506	450	527	500.38	144
104	522	479	530	517	555	479	471	500	467	478	532	502	496	493	508	524	446	447	570	524	507	504	515	529	433	478	516	497	477	527	564	494	456	474	531	509	445	519	521	486	545	437	490	511	449	520	487	506	450	527	498.88	143
105	522	479	522	514	555	478	471	500	467	469	523	502	496	491	507	523	446	447	570	516	507	504	515	528	431	473	516	494	477	526	558	493	456	474	525	509	440	519	521	484	541	437	490	511	447	520	476	503	447	527	496.94	142
106	522	478	522	514	546	478	469	500	467	469	523	495	496	483	507	522	439	447	569	515	506	499	515	528	431	473	507	494	477	522	558	491	445	474	523	509	440	519	521	484	541	437	479	511	447	520	476	503	447	523	495.22	141
107	522	471	512	514	542	478	461	494	465	463	515	495	485	476	505	522	439	447	568	505	506	499	507	528	431	473	507	494	477	516	547	489	444	473	511	509	433	519	520	484	537	437	479	499	446	510	475	490	442	521	491.64	140
108	505	471	500	514	534	474	461	491	457	463	510	495	484	476	503	511	430	445	557	505	506	499	507	528	421	471	507	494	468	516	547	479	438	469	511	509	433	518	514	476	530	425	477	499	446	510	475	481	442	521	488.06	139
109	496	470	499	504	534	473	450	491	457	456	510	495	484	465	503	510	429	437	557	503	496	499	507	524	406	471	506	494	468	516	546	479	438	468	506	509	433	518	514	467	530	425	465	492	446	500	471	481	442	520	485.2	138
110	496	470	497	504	534	473	450	491	448	456	506	495	483	453	492	510	427	437	557	503	496	495	504	523	405	471	506	494	468	513	535	479	438	463	500	505	433	509	505	467	525	425	465	492	436	497	471	479	442	520	482.86	137
111	484	470	491	504	534	473	446	491	437	456	505	495	473	447	486	508	427	437	557	490	493	494	500	523	405	471	506	494	468	513	527	478	438	448	500	504	420	509	505	462	525	425	464	482	435	497	471	479	435	519	480.02	136
112	484	470	484	504	531	466	446	490	437	456	490	488	469	447	484	508	427	437	556	490	483	494	493	523	405	471	505	494	464	513	527	478	436	448	498	504	418	499	498	462	525	425	460	482	435	495	471	477	423	514	477.68	135
113	482	470	479	504	529	466	440	490	437	448	490	488	469	438	476	508	427	437	555	490	483	493	493	516	391	471	497	483	464	506	527	466	427	448	498	496	418	498	498	459	516	417	460	475	433	495	471	468	421	508	474.38	134
114	482	470	479	503	521	458	431	484	437	448	490	480	469	438	475	508	419	437	548	490	483	481	493	516	391	471	494	475	464	506	523	466	427	437	498	496	418	497	498	459	512	417	460	466	429	495	471	468	415	508	472.02	133
115	471	470	478	502	521	458	430	484	428	438	485	480	469	438	475	508	419	437	535	488	483	480	485	516	391	471	493	475	464	506	523	466	427	429	490	486	418	497	498	459	512	411	460	455	429	494	471	468	414	507	469.84	132
116	471	461	473	497	513	458	421	484	417	432	474	480	469	429	475	501	415	430	535	481	483	477	485	516	380	471	482	475	463	506	523	466	426	429	489	486	418	497	498	459	505	405	460	455	418	486	471	467	408	497	466.34	131
117	471	461	472	487	513	458	421	484	410	432	474	475	467	429	474	500	415	430	523	479	472	477	485	508	370	469	482	475	463	504	523	465	426	417	489	486	409	497	498	459	493	404	454	455	416	486	471	460	407	496	463.82	130
118	471	452	472	478	513	458	411	480	401	432	474	475	458	429	467	491	415	424	523	479	472	476	474	508	361	468	482	473	463	503	517	458	425	407	481	486	409	491	497	459	493	402	453	455	409	476	462	460	407	496	460.52	129
119	469	447	472	470	505	458	401	478	401	432	468	470	446	429	467	491	415	424	523	468	466	472	474	508	359	459	482	469	462	503	517	458	424	406	481	486	406	488	488	459	485	402	453	455	408	476	453	460	397	489	457.58	128
120	469	447	472	459	504	458	395	466	398	425	465	470	446	429	459	486	404	424	522	462	466	472	474	508	359	455	471	469	457	503	514	458	422	404	481	486	406	477	488	456	485	400	453	454	405	476	453	459	397	489	455.14	127
121	462	439	472	459	495	458	395	466	398	425	465	465	442	427	459	485	404	424	516	460	466	471	472	508	359	445	469	469	457	503	514	458	422	398	473	486	406	477	487	448	485	398	453	451	400	476	453	459	397	489	453.3	126
122	462	439	460	459	494	458	393	466	391	425	464	465	442	424	458	485	404	424	514	457	466	471	472	508	355	445	469	469	456	498	514	458	421	388	465	479	398	477	487	441	483	392	453	450	400	476	451	450	397	484	451.14	125
123	460	439	455	459	485	458	393	466	391	425	464	464	441	424	458	477	400	417	511	457	464	471	471	500	355	438	469	463	451	498	514	445	408	387	465	479	392	476	487	441	482	383	453	450	396	476	451	439	386	474	448.16	124
124	452	434	453	458	485	458	387	465	391	425	464	460	426	424	458	476	400	412	511	457	461	471	461	489	355	438	465	463	450	497	509	445	408	387	465	477	392	476	487	441	482	382	453	442	396	476	443	439	386	474	446.12	123
125	452	434	451	458	485	446	385	458	388	419	463	460	426	416	449	476	397	402	511	457	461	465	461	488	354	437	451	459	450	497	509	444	408	384	465	477	392	474	486	432	482	381	444	442	396	472	440	439	386	463	443.44	122
126	442	423	451	457	485	446	385	453	387	417	455	458	419	416	446	471	397	402	511	456	450	459	450	487	354	437	447	459	450	489	504	444	401	384	465	477	392	467	477	430	474	381	432	442	396	462	440	437	374	463	440.02	121
127	435	417	448	447	479	446	385	449	387	412	455	456	419	405	446	471	397	402	506	456	445	455	446	487	354	434	434	459	450	489	504	444	395	375	464	468	390	464	477	426	474	372	431	434	393	462	431	436	374	454	436.78	120
128	435	417	448	447	479	446	383	449	386	412	455	456	419	405	446	471	397	402	506	442	445	454	446	487	353	434	426	449	446	489	501	437	395	375	464	468	388	464	477	426	474	372	431	434	393	462	431	435	372	454	435.66	119
129	434	414	448	446	479	446	383	449	386	399	454	456	419	405	446	460	396	402	506	437	445	454	446	487	353	425	426	449	445	489	501	437	395	375	454	468	388	454	475	426	474	370	427	427	393	462	431	429	371	454	433.9	118
130	434	403	447	446	478	446	381	449	371	389	454	447	419	405	446	460	396	402	506	437	442	454	446	482	342	425	426	449	439	489	501	432	395	375	453	468	387	452	471	418	462	370	417	426	391	454	430	429	371	453	431.3	117
131	428	403	440	445	476	435	381	449	370	387	454	438	419	405	446	460	384	391	506	435	442	454	439	475	331	419	414	442	439	489	497	432	386	375	451	460	387	452	464	404	462	366	412	421	391	452	428	429	361	452	427.56	116
132	428	399	440	439	476	430	381	449	370	374	453	437	408	405	445	445	384	378	495	435	442	453	439	475	331	407	414	437	436	486	496	432	386	375	451	460	373	452	464	392	460	366	406	418	391	443	427	415	361	452	424.22	115
133	419	399	440	431	472	420	380	449	359	373	442	434	408	403	444	439	384	378	484	435	442	453	439	465	331	406	414	437	428	486	488	432	374	375	451	460	372	452	452	392	449	366	406	418	391	443	426	415	361	452	421.38	114
134	407	399	440	423	472	419	367	448	359	371	442	434	408	403	438	439	384	378	484	435	442	453	438	460	331	406	414	427	428	485	488	422	371	373	449	454	372	451	443	381	449	366	395	415	390	443	425	405	361	452	418.78	113
135	407	399	423	423	462	419	367	448	354	371	432	434	408	403	434	439	384	378	476	425	442	453	435	457	321	406	414	427	428	475	481	422	371	373	437	452	364	451	436	378	449	366	395	414	390	434	425	405	354	452	415.86	112
136	394	397	423	410	454	419	366	445	354	371	430	432	405	398	428	439	378	378	475	425	441	446	424	455	321	406	405	427	424	475	481	420	371	373	437	450	364	451	431	373	449	366	394	414	389	433	425	403	354	452	413.5	111
137	393	385	414	410	454	419	357	445	354	370	430	430	398	398	428	427	378	378	468	425	432	446	421	453	321	406	405	426	424	467	479	420	370	365	437	442	364	439	430	373	443	366	383	408	389	432	424	395	353	440	410.28	110
138	389	378	414	406	454	408	357	436	354	370	428	424	398	389	428	427	378	378	468	422	430	446	415	453	321	395	392	414	424	467	479	414	370	365	437	434	363	439	418	373	443	366	377	399	389	431	422	395	353	435	407.3	109
139	378	372	414	395	444	408	357	435	354	369	416	424	398	376	428	427	368	378	468	410	430	446	412	451	314	382	392	413	414	467	469	406	363	365	427	430	362	427	409	361	443	359	377	399	389	431	422	387	353	427	402.92	108
140	378	372	407	395	442	402	356	425	354	369	414	424	395	376	424	416	368	378	468	399	430	440	412	451	310	381	392	413	412	467	469	399	359	353	427	430	358	427	394	361	432	359	377	399	388	431	422	387	353	421	400.32	107
141	378	372	407	383	442	402	355	425	354	363	414	424	395	376	424	412	361	378	460	390	430	440	412	451	310	381	392	413	409	457	469	399	359	353	419	428	358	427	394	361	432	358	377	399	388	431	410	385	344	419	398.4	106
142	378	372	407	381	442	401	344	425	354	360	404	417	395	370	418	412	361	377	460	389	429	434	410	451	300	381	392	413	400	445	462	397	358	353	419	422	358	415	394	361	432	358	367	398	388	429	402	385	344	419	395.66	105
143	378	367	407	371	442	391	332	425	354	360	403	417	395	361	414	412	361	376	459	381	417	434	406	450	300	381	392	412	399	438	456	397	349	352	409	417	358	409	394	361	432	358	359	398	388	429	396	385	344	412	392.76	104
144	375	367	399	371	442	391	319	425	354	360	403	417	395	361	414	406	359	370	449	370	403	421	406	440	300	381	387	412	399	430	456	385	337	351	402	413	358	402	393	360	432	346	359	398	380	420	396	373	335	412	388.68	103
145	375	367	389	371	430	383	317	423	354	360	403	413	395	358	406	405	349	367	449	365	390	421	405	438	300	381	387	412	399	430	456	385	325	351	402	404	358	402	386	354	426	346	359	398	380	420	394	359	335	410	385.84	102
146	375	366	389	370	418	383	316	407	347	360	400	403	389	357	396	404	348	367	449	365	387	419	405	438	299	381	374	402	399	430	455	377	323	351	400	403	346	401	386	344	416	342	349	391	380	412	388	359	335	410	382.22	101
147	370	366	378	370	418	382	307	407	336	358	400	393	389	356	382	393	348	366	449	364	386	419	402	438	292	372	374	402	392	429	445	363	314	351	387	402	344	401	386	344	416	337	340	389	378	407	377	353	335	403	378.2	100
148	370	361	370	370	418	379	306	397	336	355	400	393	381	356	376	388	348	366	445	364	385	419	396	438	292	372	374	402	392	428	445	362	314	339	387	392	344	401	380	332	416	332	329	388	378	407	363	353	335	403	375.54	99
149	370	351	364	370	418	370	295	397	322	354	399	384	381	355	363	388	344	366	445	364	374	419	396	428	279	372	374	402	392	419	445	358	300	339	387	392	344	401	380	332	415	330	313	386	378	406	363	341	335	402	372.04	98
150	370	341	359	361	410	370	295	397	322	354	390	384	369	343	363	380	331	354	445	362	374	419	396	428	278	361	374	401	392	419	445	358	300	339	386	392	344	401	368	332	415	330	313	386	378	400	363	341	335	402	369.4	97
151	364	339	351	352	410	360	295	385	320	354	388	382	369	341	362	370	331	354	442	362	373	409	396	428	278	358	372	401	392	419	445	356	293	339	385	392	344	393	368	322	415	329	313	385	371	393	363	332	328	402	366.5	96
152	357	327	351	352	410	360	294	384	308	354	388	367	368	338	362	370	331	353	442	362	373	408	396	419	278	347	372	401	392	419	436	356	293	339	381	391	340	393	368	322	415	328	313	377	366	393	354	332	325	402	364.14	95
153	357	327	351	352	409	352	282	384	308	350	388	365	368	337	362	370	327	353	440	360	373	407	386	419	278	347	359	400	383	409	431	356	293	339	381	391	339	393	357	321	405	328	313	370	362	393	342	328	325	402	361.44	94
154	357	318	351	350	409	345	282	384	308	350	388	354	368	337	347	361	327	353	440	350	373	407	382	419	277	347	359	400	382	405	420	355	292	338	381	381	339	387	357	321	399	328	313	364	362	386	338	328	319	402	358.8	93
155	357	318	351	348	409	345	282	374	301	342	388	354	367	334	339	361	316	353	429	350	373	406	380	410	276	345	357	400	382	399	420	354	292	338	381	370	326	387	344	321	399	328	313	362	362	371	338	316	317	397	355.64	92
156	345	318	351	337	401	338	282	361	298	339	388	354	367	334	339	352	316	353	426	350	369	405	379	410	275	334	356	400	382	399	420	351	280	338	381	359	322	386	336	311	389	328	313	362	362	363	337	316	299	389	352.0	91
157	343	311	351	333	401	327	282	352	295	339	383	354	367	334	339	350	306	353	415	346	369	405	379	397	275	334	350	400	369	389	418	351	280	338	381	359	322	375	322	299	389	312	313	361	359	351	337	316	299	387	348.34	90
158	339	311	342	333	401	315	279	347	295	331	383	354	367	333	339	337	295	352	414	346	361	405	377	397	274	334	337	398	368	388	405	351	277	332	381	356	322	375	322	298	389	310	313	361	359	351	334	310	298	387	345.66	89
159	338	311	342	333	401	315	279	347	282	320	381	354	355	333	327	337	295	343	414	339	360	405	369	397	274	332	321	398	365	378	405	351	277	327	380	347	313	362	308	298	389	310	308	361	348	349	333	310	298	387	342.12	88
160	338	309	342	332	400	315	275	347	282	317	376	347	355	333	317	337	295	343	407	331	351	405	357	397	274	332	318	398	365	369	405	351	277	325	376	347	313	360	294	288	387	310	308	351	348	348	333	310	298	386	339.58	87
161	338	308	332	324	386	314	275	347	282	317	376	340	355	329	317	337	287	337	397	330	348	405	342	392	274	327	315	386	364	359	405	336	277	324	376	347	311	360	294	288	378	310	308	351	338	346	333	303	298	386	336.18	86
162	338	306	332	310	386	314	262	347	279	302	376	328	352	329	317	337	287	336	397	319	348	404	342	392	259	327	314	386	364	359	405	336	269	324	371	337	311	360	282	288	368	300	308	347	335	332	333	301	298	386	332.8	85
163	338	306	332	299	386	312	262	345	279	302	370	328	338	329	315	335	287	336	396	319	338	393	336	392	258	325	313	385	364	359	404	329	263	318	371	326	298	353	282	288	358	300	295	347	335	332	317	301	298	377	329.38	84
164	336	293	315	299	384	312	262	345	279	302	370	326	327	329	307	324	285	336	396	319	338	393	336	392	258	325	302	385	364	359	392	317	263	318	368	325	298	351	271	288	356	298	283	347	324	319	309	301	298	377	326.02	83
165	333	293	315	299	384	312	262	345	279	302	370	321	325	319	296	315	285	336	385	319	338	393	325	392	258	325	302	385	364	358	384	317	259	317	353	321	298	346	261	286	343	283	282	347	321	319	309	301	298	377	323.14	82
166	333	279	304	296	384	306	261	342	268	290	370	320	313	319	296	308	285	336	373	319	327	393	325	382	254	319	302	385	364	346	379	311	259	317	353	318	298	346	254	286	328	276	281	347	321	305	309	301	298	377	319.26	81
167	323	279	302	296	373	306	261	333	268	290	370	311	313	312	295	308	277	333	372	319	327	393	319	381	241	316	293	381	364	334	377	311	257	303	353	306	298	334	253	286	328	276	274	347	312	305	308	301	298	377	315.88	80
168	312	263	299	285	370	305	261	324	268	283	370	298	302	302	282	298	264	331	362	319	327	393	303	381	233	304	293	381	364	333	373	311	257	296	353	306	298	334	253	277	328	274	270	347	312	305	305	286	297	373	311.3	79
169	312	263	299	285	360	305	261	323	268	269	370	295	290	298	282	297	264	331	362	319	316	387	303	381	233	304	293	381	364	333	359	311	257	296	352	305	295	321	253	265	318	273	270	335	310	299	296	286	297	373	308.38	78
170	301	263	288	283	360	304	259	311	267	269	357	295	290	298	282	285	264	331	361	319	305	387	303	375	232	289	290	366	364	333	347	300	257	296	336	305	295	313	241	265	317	271	270	335	307	299	296	286	287	373	304.54	77
171	288	261	288	282	349	304	259	309	264	269	354	295	290	298	282	285	264	330	361	319	305	387	302	373	231	280	290	352	364	324	347	300	257	296	336	305	294	313	241	265	317	271	268	330	307	299	289	286	272	362	302.28	76
172	288	261	286	271	339	302	259	297	248	269	354	295	289	289	278	277	264	329	357	319	305	387	302	365	231	280	290	352	352	324	347	290	257	295	325	295	294	313	241	265	317	254	268	329	307	295	289	283	272	360	299.1	75
173	286	258	286	261	339	287	247	297	248	263	343	283	289	285	269	276	253	329	357	319	304	387	288	363	229	279	290	350	352	324	336	290	257	295	325	294	294	312	241	263	303	253	268	329	296	293	289	275	271	346	295.42	74
174	285	257	286	251	339	281	247	295	243	263	329	283	280	285	256	275	253	322	350	319	290	376	288	354	229	271	287	338	344	323	335	290	257	295	325	294	280	311	241	263	303	239	268	329	295	293	289	264	271	335	291.52	73
175	284	257	286	251	335	281	246	283	243	263	329	271	275	270	256	275	247	322	350	319	286	362	288	354	227	255	286	338	342	323	335	273	254	295	324	294	280	311	240	262	295	239	268	329	283	291	289	264	258	335	288.46	72
176	284	257	284	236	335	281	246	282	243	253	327	271	275	270	254	275	247	316	348	319	286	362	284	346	214	254	284	338	342	323	335	271	242	295	324	294	280	311	240	259	295	239	268	320	283	279	289	264	245	335	286.08	71
177	282	254	284	236	335	268	246	267	235	253	320	270	275	262	254	275	247	316	344	318	286	358	284	346	199	252	284	338	341	323	334	271	242	294	323	294	280	311	232	259	290	227	255	320	273	279	275	264	234	333	282.84	70
178	281	247	284	236	326	267	240	267	234	252	320	270	275	262	254	275	247	316	344	315	286	356	284	343	196	252	284	338	341	323	334	271	241	294	323	284	280	311	232	259	290	223	255	312	272	277	275	264	232	321	281.3	69
179	281	247	283	236	326	267	226	254	234	252	320	270	263	262	251	267	233	316	343	315	286	341	284	342	189	239	275	336	332	312	328	265	241	293	323	284	276	311	232	259	284	215	255	312	260	277	275	264	232	315	277.66	68
180	266	232	265	230	326	262	226	251	218	252	309	270	263	262	251	267	219	301	341	315	280	341	284	342	186	235	264	336	332	312	328	265	241	293	321	284	265	311	232	253	284	213	242	310	259	271	262	258	218	315	273.26	67
181	266	221	263	230	326	248	226	251	218	252	307	269	263	261	242	266	219	301	330	315	268	340	284	324	186	229	264	336	320	312	315	265	241	279	321	284	265	310	229	253	271	212	237	310	259	255	249	258	218	315	269.66	66
182	265	221	263	230	312	247	226	238	217	248	291	252	262	261	238	266	209	300	329	315	268	335	284	324	186	221	264	325	309	298	300	265	241	269	321	284	265	302	227	238	271	200	222	310	259	239	249	255	218	309	264.96	65
183	264	221	259	230	310	247	210	238	217	248	291	252	262	261	238	266	192	298	320	310	264	332	284	310	175	208	263	325	309	286	289	261	235	269	321	284	262	302	227	238	271	184	222	310	259	239	249	246	218	309	261.7	64
184	264	221	259	229	294	244	200	238	217	248	284	252	261	260	237	262	192	298	320	309	264	332	283	310	175	192	261	325	306	286	289	245	223	266	308	284	257	302	218	235	271	184	222	305	258	238	240	246	218	297	258.58	63
185	264	221	259	224	285	243	197	238	217	248	284	250	259	259	222	262	180	298	320	309	264	324	283	302	175	192	250	325	299	270	276	245	219	252	307	273	256	289	218	235	271	172	208	300	257	237	240	244	215	287	254.48	62
186	264	208	245	224	285	243	182	234	199	235	272	250	248	249	221	262	180	296	320	309	251	324	269	286	174	192	250	310	287	270	276	240	210	250	305	267	256	280	207	235	271	172	207	300	254	236	240	244	201	274	249.28	61
187	263	193	229	223	284	242	182	234	198	234	272	250	239	249	221	262	179	285	320	309	245	324	269	285	174	192	250	310	287	267	276	225	209	237	292	267	255	280	207	235	267	158	205	297	254	236	239	243	201	267	246.42	60
188	263	193	221	223	284	242	182	232	198	233	271	249	232	249	209	259	179	285	319	308	245	317	267	275	174	192	242	299	287	258	276	225	206	236	280	267	255	266	207	222	267	158	205	286	246	229	238	243	186	265	243.0	59
189	247	193	218	223	283	239	179	232	198	233	271	249	228	249	209	259	164	278	319	307	245	317	267	275	174	192	240	286	287	248	268	225	201	221	280	264	252	254	204	220	250	158	194	286	246	229	226	238	186	265	239.52	58
190	235	193	218	218	283	238	174	232	198	224	268	248	228	237	209	259	162	261	319	307	245	305	266	275	174	191	239	275	287	248	260	225	201	216	270	263	247	254	198	217	250	156	194	286	246	229	226	230	186	265	236.7	57
191	220	193	215	218	269	238	174	232	187	218	267	247	225	224	195	259	161	257	310	291	245	298	253	268	173	191	239	275	287	243	258	224	201	214	269	262	247	248	194	217	249	156	194	284	246	217	226	218	186	251	232.66	56
192	220	190	215	217	265	238	174	232	186	218	251	247	219	215	195	259	149	257	310	291	245	298	253	262	173	188	227	265	287	227	258	224	201	214	267	262	245	247	178	216	249	155	194	277	246	216	215	218	186	251	229.84	55
193	210	190	215	210	265	237	159	232	174	216	237	247	219	215	186	252	148	257	306	291	245	298	244	262	173	188	225	264	287	227	258	212	201	214	267	255	245	247	178	216	248	155	176	265	246	216	215	218	172	251	226.68	54
194	210	186	213	210	264	236	159	232	172	212	237	246	219	209	186	252	146	257	303	291	245	298	244	258	166	186	225	263	284	221	248	210	190	213	267	246	245	247	177	208	248	154	165	265	242	216	215	218	171	245	224.4	53
195	200	186	213	210	249	236	156	225	161	212	224	245	207	209	182	247	146	257	303	281	245	298	244	247	164	172	225	263	283	221	248	210	190	211	262	246	245	238	172	208	247	145	153	265	242	216	199	201	171	242	220.44	52
196	199	186	213	210	247	226	156	225	161	212	224	245	207	209	174	247	129	257	303	277	232	296	244	229	164	170	219	247	269	219	246	207	174	211	262	237	233	237	153	197	247	145	153	264	242	216	186	201	154	242	216.06	51
197	199	185	212	195	235	212	156	225	157	210	223	245	203	209	174	247	125	257	303	264	224	282	244	229	146	155	219	236	269	219	246	190	174	211	262	237	233	223	146	197	247	143	138	252	242	201	186	201	154	242	211.68	50
198	187	185	200	187	235	211	147	225	156	195	223	245	200	209	163	247	107	257	298	264	217	276	243	213	146	155	219	235	258	208	246	178	171	211	261	237	232	218	143	197	247	143	136	236	232	201	179	201	154	242	207.52	49
199	186	185	198	186	221	209	144	225	156	195	223	234	200	209	149	247	107	250	288	264	200	276	231	213	146	155	219	235	242	208	246	178	171	211	252	235	232	210	139	197	247	143	136	236	223	201	179	198	154	242	204.62	48
200	186	184	195	186	210	194	144	225	156	192	223	234	186	209	149	232	103	237	285	264	186	266	231	213	132	153	219	228	241	195	245	178	170	200	236	218	232	210	139	197	246	139	125	236	218	201	168	197	153	241	200.14	47
201	186	182	182	170	210	188	144	225	155	178	223	234	179	207	149	232	103	237	275	264	172	266	216	196	129	153	219	215	227	180	245	169	169	198	236	218	232	210	139	197	244	129	125	236	206	186	166	197	153	241	195.84	46
202	186	168	182	170	210	187	143	225	140	174	223	229	177	197	136	216	103	228	275	250	172	264	202	196	115	143	217	202	227	180	245	169	157	197	236	209	225	210	139	197	244	129	121	236	206	186	166	196	153	232	191.8	45
203	186	168	182	170	195	179	143	213	140	174	223	228	173	189	132	200	91	220	275	250	163	264	201	190	115	127	206	198	227	168	240	169	144	181	236	191	225	208	139	197	244	129	121	227	206	173	151	193	151	232	186.94	44
204	186	154	182	170	195	172	141	213	138	173	223	228	173	188	132	198	90	220	260	250	154	264	201	177	115	127	206	195	227	168	239	169	144	181	236	181	212	202	139	197	242	129	120	219	205	173	151	193	147	232	184.62	43
205	186	154	181	155	190	172	141	211	132	153	223	228	173	180	132	198	87	202	251	250	154	251	201	176	100	111	205	195	215	168	235	169	141	176	236	164	204	197	126	197	228	129	120	219	194	173	151	193	147	232	180.12	42
206	185	154	181	155	190	172	139	200	132	153	223	228	173	174	132	198	84	202	251	234	154	238	184	176	81	96	205	195	215	159	222	154	141	176	236	164	194	197	125	197	212	128	120	219	194	171	151	180	145	232	176.42	41
207	184	154	181	154	190	172	139	199	121	142	223	228	165	174	124	194	84	191	246	228	154	230	176	173	81	96	205	195	200	159	222	154	141	176	236	164	193	197	125	195	212	123	120	216	194	171	151	178	145	221	173.92	40
208	180	154	173	141	190	167	139	198	121	142	223	219	165	166	124	180	83	191	246	216	138	230	176	173	81	96	186	195	200	159	210	148	141	172	221	148	181	181	125	181	202	123	120	216	179	171	151	178	140	220	169.2	39
209	175	149	173	141	175	166	139	198	121	142	213	214	165	164	123	180	83	180	246	216	138	229	169	173	81	91	186	195	186	159	210	137	141	171	220	148	164	181	120	181	202	123	119	200	179	153	151	178	140	209	165.94	38
210	166	149	172	141	166	166	139	198	121	142	213	202	165	156	123	175	81	162	240	216	138	229	168	173	81	91	186	195	186	151	193	134	141	171	220	148	150	167	120	181	202	118	108	183	171	153	151	173	132	208	162.3	37
211	166	149	154	132	165	165	139	188	121	128	203	202	165	142	123	175	78	162	240	216	136	228	168	172	81	91	186	180	173	151	184	134	141	171	205	148	150	153	104	181	186	118	108	183	171	153	151	173	132	208	158.66	36
212	148	133	154	114	164	161	138	188	121	126	203	201	165	142	121	175	78	158	224	204	136	220	157	156	76	82	186	180	171	138	181	134	138	171	195	140	150	153	86	166	186	115	108	182	171	151	143	173	131	193	153.74	35
213	148	125	144	114	164	147	138	171	116	126	202	198	150	142	105	175	78	158	224	202	133	211	157	155	76	81	186	178	166	124	181	122	138	171	195	140	132	139	86	152	174	115	108	182	163	139	143	173	131	180	149.16	34
214	148	125	141	114	152	147	138	171	98	112	186	198	140	142	101	175	73	157	217	200	118	199	157	154	71	81	185	177	162	121	181	122	138	155	195	140	132	132	86	152	173	115	107	182	163	139	125	156	131	168	145.04	33
215	148	112	141	114	137	147	138	171	87	112	185	198	140	142	97	174	65	157	207	199	103	198	157	149	68	81	172	161	148	121	181	122	131	154	194	140	128	131	78	151	173	115	106	179	163	134	124	156	131	165	141.7	32
216	138	112	124	113	137	129	138	160	87	112	185	198	137	142	97	174	64	157	207	199	97	198	142	133	64	81	172	161	148	121	181	122	131	154	194	136	120	131	75	150	171	111	106	167	148	133	124	155	131	150	138.34	31
217	120	98	106	109	136	117	129	160	87	112	183	198	123	142	92	174	61	157	192	199	88	198	142	133	64	81	155	161	148	121	180	122	118	154	194	135	100	130	60	142	167	104	101	151	147	128	107	155	130	150	133.22	30
218	120	90	90	107	136	115	128	152	87	112	179	198	107	141	80	174	60	141	188	192	72	184	140	133	63	80	155	161	147	118	180	122	101	138	190	126	100	127	59	142	166	104	101	151	129	128	91	155	129	134	128.46	29
219	120	72	90	95	136	102	119	140	87	112	165	186	107	141	70	174	60	141	178	180	72	184	126	133	63	68	152	161	146	114	164	117	101	138	178	113	100	115	59	140	164	104	82	151	120	128	91	147	129	134	123.38	28
220	119	72	90	95	136	85	119	126	87	108	164	186	105	125	67	164	58	129	177	180	72	184	126	126	49	68	142	155	146	98	164	101	101	125	166	113	88	104	59	132	164	104	82	149	120	120	91	135	129	129	118.68	27
221	114	72	81	95	136	85	118	113	87	107	151	173	105	117	67	164	45	129	164	180	72	167	112	126	48	57	124	155	132	84	149	100	93	123	166	113	88	104	59	131	152	104	82	149	119	102	91	135	128	128	113.92	26
222	111	71	79	94	129	85	106	113	87	107	142	173	105	117	48	164	45	129	162	166	72	161	112	126	48	57	124	154	116	84	148	100	93	122	166	113	88	86	46	115	141	104	82	149	119	101	91	135	128	128	110.84	25
223	103	55	79	94	129	85	106	113	73	105	140	171	105	117	48	147	45	127	162	162	72	147	112	126	31	56	124	142	112	83	133	100	89	104	153	113	88	86	44	115	130	104	81	149	119	101	91	124	112	109	106.32	24
224	96	51	79	91	129	85	101	113	72	102	132	154	105	117	48	130	45	127	144	161	67	135	96	109	31	52	122	142	108	81	133	99	89	92	153	113	88	86	44	100	130	103	66	148	119	83	85	105	99	93	101.06	23
225	96	50	59	91	114	81	90	111	72	102	132	141	105	117	38	129	45	127	144	146	66	133	85	101	31	50	122	138	108	63	119	99	74	92	139	113	88	72	44	99	130	103	66	148	119	80	69	105	99	93	96.76	22
226	83	50	58	82	114	81	90	102	72	102	132	130	105	103	38	111	45	109	144	146	66	115	85	99	29	50	104	122	108	63	116	81	73	92	129	112	72	72	43	99	114	103	60	131	119	79	69	97	99	93	91.82	21
227	74	47	58	62	114	81	90	102	67	85	132	130	103	102	38	97	27	108	142	133	66	111	85	99	25	50	104	105	98	61	99	67	54	92	129	107	59	53	43	99	114	103	60	129	119	79	69	97	99	92	87.18	20
228	74	30	58	62	114	81	89	102	58	68	132	130	103	86	38	97	27	103	125	130	66	96	83	88	25	50	104	91	98	61	99	67	53	92	114	106	42	49	40	98	113	88	60	129	105	79	68	97	79	87	82.68	19
229	74	30	57	62	103	81	89	102	58	68	132	119	103	85	23	92	27	103	120	130	64	96	83	88	25	34	104	91	98	44	86	51	52	92	114	105	41	49	40	98	113	88	44	126	105	79	51	94	79	84	79.52	18
230	65	29	54	62	88	63	89	95	58	68	120	116	101	85	23	77	12	103	120	113	64	96	83	88	25	33	88	89	90	44	85	51	50	90	106	85	41	46	23	97	97	70	43	109	94	74	50	79	76	84	73.82	17
231	65	29	45	62	78	62	71	95	56	68	102	116	101	85	10	77	12	88	118	110	63	95	83	87	25	33	77	71	90	44	83	50	50	90	88	85	41	44	23	97	95	51	43	94	77	61	37	79	71	68	68.9	16
232	65	28	32	62	78	62	71	95	56	53	102	101	98	71	10	71	12	75	105	110	63	77	81	87	25	33	77	71	90	44	77	50	50	86	83	72	41	44	23	77	93	51	43	94	77	61	37	74	71	68	65.54	15
233	63	26	17	54	77	62	70	76	56	53	88	91	98	66	10	71	12	75	104	92	63	77	81	87	24	28	63	71	78	44	77	50	50	78	66	59	40	40	22	58	77	50	39	94	65	60	37	74	71	68	61.04	14
234	48	26	17	54	74	62	52	57	53	52	88	90	98	65	10	71	12	55	104	82	62	75	81	83	24	28	63	71	78	44	75	41	49	78	49	59	40	40	22	47	77	50	39	94	65	60	37	57	71	60	57.78	13
235	35	26	17	54	65	62	43	48	53	52	88	90	79	65	10	71	11	55	104	67	61	58	69	66	24	28	60	71	64	44	75	41	49	78	49	47	40	28	22	44	77	50	39	92	65	59	33	56	71	60	54.3	12
236	15	21	17	54	65	52	43	46	53	52	88	90	79	49	10	71	6	55	100	50	59	49	67	65	24	28	43	67	64	44	75	37	29	68	49	47	40	24	22	27	77	50	39	92	65	43	33	47	71	42	50.06	11
237	15	21	16	37	65	48	43	34	53	40	84	83	64	32	10	69	4	50	100	47	45	49	66	65	20	26	24	67	52	42	75	37	29	66	49	47	40	24	21	27	74	33	35	92	65	33	33	47	71	42	46.22	10
238	15	21	15	19	55	48	42	32	52	38	84	83	52	32	5	69	4	50	83	39	45	32	62	46	20	26	24	50	48	42	56	37	28	66	49	47	21	24	21	10	58	17	35	81	65	33	32	27	71	42	41.06	9
239	15	20	15	19	37	39	41	31	52	38	73	66	38	32	4	56	4	50	79	20	45	32	51	46	20	26	24	50	48	30	37	36	28	66	49	35	21	21	21	10	44	14	34	81	65	33	32	26	55	27	36.72	8
240	13	20	15	19	37	39	36	31	40	18	58	52	23	19	0	36	3	48	79	20	45	32	51	27	20	26	24	49	32	30	21	22	28	57	31	35	21	21	21	9	39	14	34	62	53	33	13	26	37	27	30.92	7
241	13	20	15	19	20	39	35	26	40	9	57	49	18	19	0	36	0	48	61	3	45	32	33	27	10	25	24	38	27	29	17	22	24	49	21	35	21	20	12	7	21	13	17	61	38	33	9	26	28	8	25.98	6
242	13	18	15	18	18	39	18	26	40	9	57	30	17	0	0	35	0	47	45	3	27	32	33	25	2	25	22	38	27	16	9	11	5	46	21	34	20	20	11	7	21	11	17	41	38	33	9	22	28	8	22.14	5
243	9	15	15	18	17	23	18	25	21	9	57	30	17	0	0	20	0	32	26	0	27	20	20	25	2	25	22	22	26	16	9	2	5	46	5	34	19	17	11	5	20	11	17	41	37	28	9	22	28	3	18.52	4
244	9	15	15	17	17	19	18	14	21	9	37	15	11	0	0	19	0	31	17	0	10	19	20	15	2	14	3	5	26	14	8	1	5	29	3	30	13	17	10	0	1	11	12	41	36	27	9	3	12	0	13.6	3
245	9	14	15	0	17	1	18	14	21	9	19	0	9	0	0	16	0	31	17	0	10	1	20	15	2	14	2	3	17	12	8	1	0	10	3	28	0	0	5	0	1	11	10	22	36	27	0	3	9	0	9.6	2
246	0	0	15	0	17	0	18	13	3	0	19	0	0	0	0	0	0	13	17	0	5	0	18	15	2	5	0	0	16	12	8	1	0	10	3	19	0	0	5	0	0	0	10	9	16	10	0	2	0	0	5.62	1
247	0	0	0	0	0	0	0	0	0	0	0	0	0	0	0	0	0	0	0	0	0	0	0	0	0	0	0	0	0	0	0	0	0	0	0	0	0	0	0	0	0	0	0	0	0	0	0	0	0	0	0.0	0

