50.31427005503109
52.157917990246574
53.52844391749806
54.19326316495906
54.77516106661896
54.88113507225623
55.59081808420201
56.19341975750527
56.01403740324815
56.37933985056598
56.23547604134044
56.162744396223886
56.5376772851327
56.40521676882467
56.92334794863765
57.29991946669053
57.64933336316047
57.613898706992984
57.6337356270413
57.47689141425442
57.7090957898976
58.21252964073194
58.06022661178471
58.6996331260346
58.2435908907878
58.471433045501286
59.099738266744275
58.60014652588252
58.82783208804977
58.899059326204636
58.71152856695444
58.91895217216231
58.56113820410725
58.51244910742246
58.14013355107161
58.21598586193013
58.44089749899334
59.03448950829945
57.54121180260394
58.27594962194088
58.66633483960448
58.190634647219376
58.68990761039774
58.540512728736935
58.2909209878752
58.39070958793784
58.621135519663525
58.33717171491213
58.375385888774524
58.55854324191312
58.41570846941965

