49.10316399286987
56.47619240533677
58.245894776643425
60.14304137633013
61.214248095932575
60.90483714146817
60.98805569059582
61.10807270566628
62.04052557662183
61.641988062442586
62.10585129368551
62.09116566736888
62.45763112407497
63.1922500405121
64.11795089936804
63.228879706152426
62.60026737967914
64.31105844541672
63.65493166963756
63.992869875222816
64.45656430616326
64.9997636795765
65.5203438124561
64.34498730621728
64.09651326095178
64.52205882352942
65.24334251606979
64.25906795224977
64.21602387511479
64.67094069032572
64.89983390050236
64.31342164965159
63.91859774212716
63.79317911737699
63.11932830983634
64.98288364932752
65.50110057797224
65.23237049640795
64.64055663587747
64.26649516555932
64.0001282882299
65.09716145411332
65.26461135418351
64.23881191595096
65.26849376114082
64.9746124345055
64.37739696429536
64.51750121536219
65.79650110733002
65.22460568249338
64.77019526818994
64.65406066007672
64.45470750283586
64.53590044833358
64.21906228055961
64.61219818505914
64.84953141036027
63.46452492842868
63.60564198131043
63.07392102846649
63.95539620807001
63.55955949873062
64.75264003673095
65.38597877167395
65.3918867822611
65.37753875654944
64.02544833360338
65.18206800626587
65.60389996218873
64.6474774482796
63.92906336088154
63.991857073407864
65.40944201372008
65.36994274293738
64.92160913952355
63.21436288013829
63.89952330794575
64.6179373953438
65.15809836331228
63.40527602225463
63.75283584508181
62.86005104521147
63.04927618430292
63.242721330956655
63.26263976665047
63.639233241505956
64.99790687624913
64.29181521093287
64.09853886458164
64.31561605358395
63.518709825528
64.09685086155676
65.05242937395343
64.1456341489764
63.83318478906715
64.34397450440231
64.10343407335387
63.995908280667656
64.17736860584455
65.32115945551774
65.34158429211904

