50.35085172280295
54.44803937835295
56.76262374868647
58.08549029367847
59.11920662573974
60.34597782202312
60.18299596261271
61.13720894862011
62.033868425418945
61.49497400586254
61.826986892317905
62.1043844367015
61.03644709916487
62.40908965212101
61.59953818925944
62.56377551020408
63.05704192246002
63.164371439632774
62.09090343454455
62.95887257341961
62.86969055915047
62.08813810076875
63.03526491897572
62.55824484265251
62.59384851501577
64.04495741385986
64.14001576240251
62.84549388861236
61.749730379956844
63.223653282451195
62.3027971351142
62.75613904098225
62.35257314307836
62.82354405176706
62.691326530612244
63.434509982854934
63.0497829212986
63.271355290083505
63.08054725955422
62.92724406835906
62.00293125380233
62.34410430839004
62.46958132846635
62.68354902936786
62.83166721973343
62.04544826060504
62.82440821857198
62.90702256512362
62.85724655715945
63.33340246667773
61.95505641280903
62.5895276809911
62.33407997345277
62.19131961727782
61.613364858138375
61.47751783640286
62.976328742879275
63.53233366517341
62.591083181239995
63.35967313754771
62.96889690835683
63.165408439798675
62.853617056578734
63.4906808251756
63.764621702339454
63.784324705491954
64.07589458547646
63.7604737016758
65.19239809745036
65.02803357115205
63.728326696532264
63.54149383330569
62.07085476467012
62.58970051435209
63.37021597256789
62.97425474254743
63.37574664011946
62.66488302638127
62.93951523698911
62.9761559095183
64.1443365964272
63.81940987777227
64.24855511310214
63.226418616226965
63.27723162435706
63.38611664177867
63.15918643880316
64.56328466345887
63.46907665505227
64.43383247607986
63.21553011448481
63.030944084951045
61.99169708533822
63.241973618715754
63.74681986615786
62.543035506885694
62.487383164648
64.23300011061336
63.25580028759471
62.764953542392576
63.44626265140201

