49.53225436179981
52.158955868848935
51.47193863771405
52.47663803813537
53.12314319667259
54.086992923891316
55.35147598984498
53.90350699508454
54.523848106735805
54.35774860908552
55.96827229514394
54.15569464700481
53.523875114784204
57.07779668341164
55.71675984443364
55.63911170528817
55.63590449954088
56.00962836925406
56.93516042780749
55.7517015070491
56.7570761086804
56.3647842056933
55.77735915302762
56.43736833576406
57.350746772538216
56.98191811159726
56.596884621617264
56.662547939285915
56.67773996651001
57.34180035650625
56.42099470642251
57.18380327337545
56.85362988170475
57.64564090098848
57.816635607411
58.52694728028954
57.39109004483337
56.65799033111868
57.64530330038351
57.97311348781938
56.62034786366337
56.02920920434289
56.876249122238434
56.54945173661752
55.60163803813536
56.566162966564036
56.09014611354185
56.92165640360827
56.73614487117161
56.331699346405216
56.36917301355804
56.80265219035272
57.46721898125641
57.68193296602387
57.61812645168261
56.37153621779291
58.06899205963377
56.611907848538856
57.57423837303516
57.93513341975911
56.589119807702694
55.6796237778858
56.88958434613512
57.96180386755253
57.350409171933215
57.190217684870085
57.95319505212554
56.72618565332469
59.21953492140659
55.523483498082435
56.93499162750501
57.867950899368005
56.18889429049858
58.0941433047048
58.65591071139199
56.743740884783655
56.792186571598315
59.406903257170654
59.137666774698836
56.39837546588885
57.27073542915788
57.26246421433587
56.930771619942746
58.06443445146653
57.360199589477666
56.70137200885864
55.838633662831526
56.76551612380489
57.45641576189704
58.267501215362195
57.34028115378381
57.50216064387188
56.0374804191649
56.124581375249825
57.45439015826717
56.71487603305785
58.84108464322366
57.477346999405796
57.54250391616702
55.92489061740399
56.52362529033652

