49.469444444444434
49.912254901960786
53.14934640522875
54.15098039215687
53.970588235294116
55.80816993464053
53.78545751633986
55.89918300653596
53.9392156862745
53.35833333333334
54.8563725490196
53.75849673202615
54.29460784313724
54.85800653594771
55.89754901960784
54.9606209150327
56.028921568627446
56.103267973856205
54.38088235294121
55.36895424836602
55.87467320261439
54.86323529411765
56.0374183006536
54.96372549019607
53.91111111111113
55.575490196078434
55.43039215686274
55.948856209150335
55.85179738562091
56.27303921568628
56.10343137254902
55.70130718954248
56.18333333333334
55.17859477124182
56.30457516339868
55.43186274509806
55.94575163398693
55.4700980392157
56.42973856209152
55.86160130718953
56.174673202614386
56.23088235294118
55.12352941176471
53.89183006535949
55.23676470588238
55.7174836601307
55.722875816993465
56.677450980392166
55.11781045751635
55.21601307189543
56.17287581699346
55.682026143790864
55.14591503267974
55.07630718954248
56.54542483660132
54.804411764705904
57.27745098039215
55.476633986928114
55.491339869281056
56.808660130718955
55.07467320261441
56.68088235294116
56.59493464052288
55.47369281045753
55.173039215686295
55.62091503267973
55.41111111111111
55.67352941176471
56.041339869281046
55.2732026143791
55.66535947712418
55.8202614379085
55.83088235294118
56.46372549019607
55.656862745098046
55.39787581699345
54.989379084967304
54.67663398692809
54.62712418300655
56.195261437908485
54.86666666666666
56.70702614379087
55.31601307189541
56.191339869281045
55.67271241830065
55.699509803921565
55.17696078431372
53.82761437908498
55.37892156862745
55.09313725490196
54.14885620915032
55.248366013071895
55.86274509803919
54.65964052287583
54.86339869281045
55.199019607843134
55.13529411764705
54.76748366013072
55.533333333333324
55.62777777777777
56.59068627450981

