# Extinction sequence for 721 applications  and 247 platforms.
# This is the data and average for 50 different extinction sequences.
0	721	721	721	721	721	721	721	721	721	721	721	721	721	721	721	721	721	721	721	721	721	721	721	721	721	721	721	721	721	721	721	721	721	721	721	721	721	721	721	721	721	721	721	721	721	721	721	721	721	721	721.0	247
1	720	721	721	718	721	715	721	721	721	721	721	721	721	721	720	721	716	717	721	721	721	721	721	721	721	719	721	721	719	718	721	716	720	720	716	718	718	721	721	721	714	721	721	716	721	718	720	721	721	721	719.78	246
2	715	721	719	718	718	715	719	714	721	720	717	721	721	721	714	721	716	717	713	721	720	717	721	721	716	719	719	721	717	718	720	715	720	720	715	718	714	721	721	721	712	721	712	716	721	718	720	718	718	721	718.26	245
3	715	718	719	713	718	715	718	710	721	720	712	720	718	720	714	718	716	717	713	721	720	710	721	721	716	719	719	721	717	716	720	715	713	717	715	718	714	721	714	721	708	720	712	714	715	718	717	717	718	721	716.88	244
4	711	717	718	713	718	714	713	710	721	720	712	720	718	715	714	718	711	712	713	721	720	704	716	715	716	719	719	720	716	709	720	715	705	716	710	718	714	720	714	721	708	720	705	713	715	716	717	711	718	721	715.2	243
5	711	717	718	711	718	714	713	703	719	719	707	720	718	715	707	711	711	712	712	718	714	704	716	715	716	707	711	718	716	709	712	715	705	716	709	713	711	720	714	720	708	720	705	712	707	716	717	711	718	721	713.4	242
6	711	714	718	711	717	707	713	695	711	710	705	716	717	715	703	711	711	712	712	718	714	704	716	715	715	706	711	718	716	705	707	715	698	708	709	713	711	720	707	720	708	720	705	712	706	716	717	707	718	721	711.7	241
7	704	711	718	704	717	702	713	694	711	710	705	716	717	715	703	711	711	712	709	718	709	704	716	708	715	697	711	718	716	705	700	708	698	708	709	713	711	711	707	712	707	720	705	712	705	707	709	703	716	714	709.5	240
8	704	707	718	701	717	702	713	694	705	710	705	714	715	710	691	709	706	712	709	715	709	695	716	708	710	690	711	718	716	704	700	708	698	699	702	713	711	704	707	712	707	720	705	712	705	704	705	703	716	714	707.58	239
9	703	707	715	700	708	702	713	691	702	710	705	714	708	710	691	707	701	707	703	715	709	691	716	708	709	690	711	718	716	704	698	708	698	699	702	710	711	704	703	711	707	720	705	705	705	704	705	703	716	714	706.24	238
10	703	707	710	700	700	699	713	691	702	707	705	714	700	706	691	707	701	707	703	715	709	691	716	708	706	688	711	713	716	704	698	708	698	699	699	705	711	704	702	711	707	720	705	705	705	700	705	703	716	714	705.16	237
11	703	707	710	696	700	697	713	691	702	707	699	712	696	704	691	707	701	700	701	715	709	691	716	708	706	682	711	713	716	704	698	708	698	699	697	699	710	700	693	711	704	714	705	705	705	700	698	703	716	712	703.66	236
12	703	707	703	691	694	697	713	691	702	707	698	712	696	704	686	707	694	694	700	715	701	691	716	708	706	677	710	713	716	704	694	708	698	699	697	697	702	693	693	711	701	713	705	704	705	698	698	703	716	711	702.04	235
13	702	707	697	691	693	696	708	691	699	704	698	711	696	704	686	707	694	687	700	715	701	691	716	708	704	676	710	713	716	699	694	706	698	699	691	697	698	690	688	707	699	713	705	704	702	695	698	703	707	711	700.5	234
14	698	702	697	690	693	684	708	691	695	704	696	711	695	704	685	707	694	687	700	715	701	685	711	708	695	675	710	713	713	694	694	701	698	699	683	697	698	690	685	707	699	713	705	704	702	695	696	701	707	703	698.76	233
15	698	702	697	687	692	683	708	690	686	698	696	711	695	704	684	699	694	684	700	712	701	685	707	703	689	675	710	710	713	694	694	695	698	698	683	697	698	690	678	707	699	713	699	701	694	695	696	701	701	696	696.8	232
16	698	702	696	684	692	683	708	690	682	692	696	711	686	704	684	699	691	684	700	710	701	678	700	700	681	666	705	710	713	694	694	695	691	698	683	696	698	687	677	707	699	712	699	701	694	694	689	701	700	696	695.02	231
17	698	702	696	684	692	679	698	690	682	690	696	705	686	696	680	699	684	681	699	710	696	678	700	695	681	666	705	703	705	693	694	688	691	689	680	696	698	687	677	707	699	712	699	699	690	688	689	700	697	696	692.9	230
18	698	702	696	684	692	674	698	689	682	683	696	705	686	696	680	699	681	681	692	707	696	669	700	695	676	660	705	696	705	693	694	688	691	689	676	696	698	686	677	707	699	705	699	693	690	682	689	697	695	695	691.24	229
19	698	702	696	678	692	674	697	689	682	683	696	699	683	696	680	690	673	681	685	707	696	669	698	692	673	658	702	692	705	689	686	687	691	689	674	696	698	682	677	707	699	701	698	687	690	682	686	691	695	692	689.26	228
20	694	702	696	678	692	674	697	687	682	682	695	689	683	696	680	690	673	681	684	707	696	669	698	691	673	652	696	692	704	689	679	678	690	687	674	694	698	682	677	707	696	701	692	686	685	682	684	690	695	689	687.76	227
21	687	702	696	671	685	674	697	680	682	682	687	684	683	696	678	681	673	681	684	707	696	663	698	684	673	652	696	685	697	689	679	678	690	678	672	694	690	682	677	706	696	701	686	686	685	682	672	690	695	689	685.42	226
22	683	702	696	671	685	674	694	680	682	680	687	684	683	696	678	675	671	673	684	705	696	661	698	684	673	650	693	685	696	686	679	677	690	674	666	688	690	680	677	706	696	699	686	679	683	672	670	690	689	687	683.66	225
23	683	702	696	667	680	674	694	680	682	677	687	681	674	690	678	675	671	673	677	705	691	661	689	684	673	650	686	685	696	686	672	677	690	674	666	688	686	680	677	702	696	697	685	679	675	665	670	690	688	687	681.82	224
24	683	702	696	667	680	667	694	675	682	677	685	673	674	687	671	674	671	673	676	705	691	661	679	684	668	650	684	681	696	686	672	677	684	674	662	684	682	680	669	702	691	692	685	671	674	665	663	690	688	687	679.68	223
25	683	700	691	667	680	667	694	675	680	677	685	673	674	681	671	673	671	673	671	703	687	661	678	683	667	650	684	681	695	686	672	670	682	671	662	684	680	680	669	697	691	691	685	671	674	665	663	690	688	687	678.66	222
26	683	700	691	664	680	667	686	675	679	677	683	670	674	676	671	673	671	673	671	703	684	658	678	681	660	645	684	673	695	679	672	670	682	670	662	684	676	673	669	697	691	691	679	663	674	658	661	684	688	687	676.7	221
27	683	698	687	664	680	667	686	667	679	677	677	664	671	673	671	673	671	673	671	703	684	652	678	681	654	643	684	668	695	679	669	669	675	663	661	678	676	673	664	691	691	689	674	663	674	658	661	684	688	687	674.82	220
28	682	691	687	664	680	667	686	663	679	677	677	661	671	673	671	673	671	673	671	703	684	652	678	681	651	640	683	668	695	679	669	665	675	656	661	678	676	673	664	691	691	689	674	655	674	658	659	682	688	683	673.84	219
29	674	690	687	659	680	667	686	659	674	669	677	661	671	673	671	673	671	673	668	697	676	652	678	673	651	640	678	668	695	671	669	665	675	656	658	678	676	673	652	690	691	689	674	655	671	658	650	681	676	677	671.52	218
30	667	690	686	658	673	667	683	652	671	669	677	661	664	671	663	673	671	673	665	697	676	648	678	667	644	637	676	664	694	670	669	663	675	654	658	674	674	673	651	689	689	684	674	655	671	655	650	675	671	677	669.32	217
31	662	690	679	657	668	667	683	651	669	669	677	654	664	671	663	672	668	673	665	693	672	648	678	667	644	637	676	657	694	663	664	663	674	654	656	666	674	673	651	684	680	684	672	645	671	655	646	666	671	677	667.14	216
32	657	690	679	657	668	667	683	651	669	669	677	654	655	669	663	672	667	673	665	691	666	648	674	667	637	636	676	647	693	663	664	663	670	649	651	662	674	667	651	684	680	684	672	644	666	650	643	666	670	673	665.32	215
33	649	689	676	653	668	667	682	651	667	664	677	650	655	669	663	672	667	673	665	684	663	647	674	661	629	636	676	645	693	661	664	663	670	649	651	653	673	660	651	684	680	684	672	644	666	650	643	663	663	667	663.52	214
34	647	689	673	653	668	658	681	647	667	662	677	648	655	669	656	672	667	666	661	684	663	647	673	661	629	629	676	642	693	660	664	663	669	648	651	653	666	656	651	680	672	684	669	642	661	644	643	655	663	667	661.48	213
35	639	689	673	652	668	658	681	647	667	660	677	648	654	669	647	672	667	654	661	684	661	647	673	657	628	629	676	642	690	660	663	663	668	645	646	653	666	656	651	680	664	681	669	642	661	642	642	644	663	665	659.88	212
36	639	681	673	642	668	654	681	642	667	656	677	648	654	664	639	672	664	651	661	682	661	643	673	657	628	629	676	642	689	659	654	661	668	645	646	653	660	654	649	679	663	674	660	642	661	642	642	644	663	665	657.94	211
37	639	672	672	642	668	653	681	636	660	649	677	644	654	664	639	672	664	651	656	681	661	643	666	657	628	628	675	642	689	657	654	658	661	643	646	653	660	654	649	679	660	668	659	642	661	642	642	644	663	665	656.46	210
38	639	666	672	642	658	653	681	630	651	649	677	641	648	664	639	672	664	651	649	676	657	643	665	648	628	628	675	642	689	657	654	658	661	643	646	651	650	648	649	679	660	668	659	642	661	641	639	632	663	656	654.28	209
39	639	664	672	642	654	653	674	630	651	648	677	634	648	664	639	670	664	651	649	676	657	641	662	642	628	625	675	642	689	648	653	658	661	643	646	651	650	641	648	679	658	663	659	642	661	641	639	625	663	656	652.9	208
40	638	655	672	640	654	653	674	630	651	641	677	634	648	664	637	664	664	651	649	676	657	641	660	642	620	621	675	642	681	638	652	658	660	643	646	651	650	641	647	677	652	655	659	634	661	631	639	625	656	651	650.74	207
41	637	650	671	640	654	653	674	630	651	633	677	634	648	663	635	663	657	651	649	676	656	640	660	633	620	611	674	630	674	637	652	658	660	643	646	649	650	641	647	677	645	655	659	631	661	631	639	620	651	651	648.94	206
42	633	643	671	640	654	645	674	630	651	633	677	632	648	663	635	663	657	647	646	675	650	636	659	629	620	611	671	630	666	637	652	655	660	643	646	642	650	640	643	677	644	655	658	631	661	631	639	620	651	651	647.5	205
43	633	643	664	634	650	645	674	622	644	627	670	632	648	654	632	663	657	646	646	675	650	628	654	629	619	611	671	630	665	634	652	655	657	642	638	642	650	640	642	669	644	655	658	626	660	631	639	620	651	651	645.44	204
44	633	643	658	632	650	636	671	615	644	626	670	632	644	650	625	663	657	646	646	675	650	628	654	629	619	611	671	626	665	634	652	651	657	642	638	642	650	637	642	668	644	655	658	625	660	630	634	620	651	647	644.12	203
45	633	643	658	632	650	634	668	615	644	626	667	627	644	650	625	663	657	643	646	675	650	625	651	623	611	609	666	626	662	634	652	651	657	633	635	631	650	637	638	668	642	655	658	625	660	630	634	612	651	645	642.42	202
46	624	643	652	626	645	634	668	615	635	626	667	627	640	650	625	663	652	642	641	668	644	625	651	621	611	609	666	626	662	634	652	651	650	633	635	626	645	637	638	667	642	654	658	618	660	630	634	612	651	642	640.54	201
47	624	636	652	626	645	633	659	615	628	626	665	626	640	650	625	663	648	642	641	667	639	625	650	616	611	608	666	626	662	627	652	650	645	633	635	626	642	637	629	657	642	651	657	614	653	621	634	612	644	637	638.24	200
48	623	636	651	626	645	633	658	607	628	626	665	623	639	650	617	662	641	640	633	661	632	618	650	609	611	608	664	618	662	627	651	645	645	633	635	626	642	637	629	657	633	651	654	614	653	614	634	612	640	627	635.9	199
49	623	636	651	618	640	633	657	607	619	626	665	623	633	650	617	662	641	640	625	655	632	618	650	609	609	608	664	613	662	627	651	645	645	629	628	616	642	630	629	657	633	651	647	614	653	614	634	612	637	627	634.14	198
50	619	636	644	618	632	633	651	607	619	626	665	620	633	650	616	661	641	637	625	643	626	618	650	600	609	608	651	612	660	625	641	638	645	629	628	616	642	630	623	654	628	651	647	608	648	605	634	612	637	625	631.52	197
51	619	636	644	612	632	633	651	607	619	618	665	620	633	650	616	661	636	634	625	642	626	618	649	594	609	608	651	612	660	625	641	638	642	628	627	614	641	630	617	654	628	648	641	608	648	605	625	611	637	617	630.1	196
52	619	636	641	612	632	631	644	607	613	618	665	619	630	644	616	660	636	632	625	640	626	618	649	594	606	608	651	612	660	620	635	635	642	628	621	614	640	627	617	654	627	636	641	608	648	597	625	611	630	617	628.34	195
53	619	635	638	604	632	628	644	607	605	618	665	619	630	632	614	655	636	632	625	640	621	618	644	591	606	608	651	612	660	617	634	635	634	628	621	614	627	623	615	654	619	628	641	608	646	597	625	611	630	616	626.24	194
54	615	628	637	604	631	619	644	607	595	610	665	619	629	632	614	655	636	625	623	640	621	617	644	591	606	608	651	605	657	617	634	635	634	628	618	614	627	623	615	650	619	628	641	608	640	597	616	611	623	610	624.32	193
55	615	628	637	604	623	616	644	597	587	610	664	612	627	632	605	654	636	623	623	640	621	614	644	590	603	608	650	605	657	617	633	625	629	623	614	614	618	623	615	650	619	624	635	601	640	597	616	611	623	608	622.08	192
56	615	628	637	604	623	608	643	597	587	601	664	612	623	632	598	651	636	623	618	640	611	609	644	590	603	608	641	596	650	617	631	624	629	615	614	604	617	623	615	650	619	624	635	601	634	596	607	611	617	608	619.66	191
57	615	624	637	604	621	602	636	590	587	593	653	611	619	625	598	643	636	623	614	637	608	609	640	590	603	608	641	591	650	617	631	624	629	614	604	599	616	619	605	650	619	623	635	601	634	596	607	611	609	605	617.12	190
58	615	617	637	604	621	602	634	590	586	590	653	611	619	625	598	643	636	623	614	637	608	609	640	590	598	608	640	591	650	615	631	624	623	613	604	592	616	618	602	644	619	615	633	601	634	587	602	604	608	605	615.58	189
59	612	615	637	602	621	602	634	590	583	590	653	602	619	623	598	643	636	623	614	637	600	607	639	589	597	599	635	590	642	615	631	624	621	613	604	592	615	613	599	644	619	611	633	601	626	582	599	604	607	599	613.68	188
60	612	609	629	602	614	602	630	586	579	590	646	602	619	623	593	643	628	622	614	632	600	607	639	589	591	599	628	585	642	615	631	620	615	613	604	590	614	608	599	639	619	611	632	591	626	582	599	604	607	592	611.32	187
61	612	604	629	602	612	602	630	586	574	585	637	602	619	623	593	641	628	619	613	632	600	601	639	589	591	592	623	579	642	615	631	619	607	613	602	590	614	608	596	639	619	611	632	591	626	582	599	602	607	592	609.88	186
62	603	604	623	599	612	598	619	586	573	585	637	599	618	623	591	638	624	610	613	625	599	601	631	588	591	592	623	579	642	608	625	611	607	612	599	590	609	608	596	639	619	611	632	591	622	582	592	602	600	592	607.46	185
63	601	604	623	595	607	598	612	586	573	585	632	599	613	615	591	638	624	610	611	618	599	601	630	586	591	587	623	579	642	608	625	611	599	608	599	590	609	608	590	631	618	610	632	585	622	582	586	602	600	592	605.6	184
64	601	604	623	595	607	598	612	582	573	585	631	591	601	615	583	638	624	608	611	618	599	601	630	580	590	583	621	579	642	608	613	611	599	608	599	588	606	606	590	631	615	610	623	582	614	579	586	602	598	592	603.7	183
65	601	604	620	594	599	598	612	582	568	585	631	586	601	613	582	633	624	608	608	618	593	588	630	577	589	583	621	579	636	608	608	611	599	608	598	588	604	606	590	631	615	610	623	582	608	578	583	602	598	592	602.1	182
66	598	604	620	594	596	598	612	578	568	580	631	586	601	613	574	629	623	604	608	607	593	585	630	577	589	579	620	579	636	608	599	611	599	601	598	583	604	606	590	631	615	610	623	582	608	575	583	602	591	592	600.46	181
67	593	595	620	594	591	598	611	568	568	580	631	585	601	609	572	629	623	603	608	598	592	583	630	576	589	579	616	577	636	607	592	608	599	601	598	583	604	602	587	629	615	602	623	578	608	575	583	599	586	585	598.38	180
68	593	593	620	587	591	594	611	568	568	580	631	585	601	609	572	629	623	603	608	598	592	583	630	569	588	579	616	576	636	607	592	607	596	592	598	583	604	602	587	624	615	602	616	578	602	569	583	599	586	574	596.98	179
69	587	587	620	587	591	594	611	568	559	580	625	584	601	598	572	629	623	596	608	598	582	583	630	569	588	571	616	576	636	596	592	607	596	592	598	583	604	602	581	624	614	595	609	578	594	569	583	599	586	569	594.8	178
70	586	584	620	580	591	594	610	568	558	574	612	584	599	588	570	629	623	596	608	598	582	583	624	569	579	571	614	574	636	596	592	607	596	592	592	583	601	602	581	624	607	594	609	576	594	560	583	599	578	558	592.56	177
71	574	583	620	570	591	589	602	562	558	574	604	579	599	587	562	621	623	596	608	598	577	580	624	569	572	571	614	574	636	595	592	607	596	592	591	582	601	600	579	624	604	589	600	576	594	559	583	599	570	551	590.02	176
72	568	583	620	569	591	582	602	562	558	574	604	579	591	587	562	621	620	595	602	589	570	579	620	569	572	568	614	567	636	595	592	606	596	588	591	582	600	600	579	624	596	589	600	576	591	558	576	598	567	551	588.18	175
73	568	573	619	569	591	582	593	553	558	568	604	576	591	584	555	621	619	595	600	589	570	578	620	569	572	568	606	567	636	595	586	604	595	587	580	582	600	599	570	620	596	583	600	576	587	558	575	598	567	551	586.06	174
74	565	573	614	569	590	581	592	550	554	557	604	576	591	584	555	621	619	595	600	589	570	578	616	569	562	568	603	567	636	595	586	604	595	587	580	582	600	588	562	620	596	583	597	576	587	558	574	598	567	551	584.68	173
75	554	568	614	569	590	581	585	547	554	557	604	572	591	584	553	621	618	588	594	579	567	578	616	568	560	564	598	567	635	595	586	601	594	586	580	572	600	587	562	620	596	583	597	566	581	553	574	598	567	550	582.48	172
76	554	561	614	568	586	578	581	536	554	555	603	572	590	576	553	619	618	588	593	577	567	578	610	566	560	564	598	560	635	583	586	601	587	585	577	568	600	578	562	611	596	583	597	566	579	553	574	598	567	540	580.1	171
77	554	561	614	560	586	577	577	536	540	555	598	572	589	569	547	619	618	579	589	575	559	574	605	552	560	557	598	553	633	583	580	601	580	585	576	568	600	578	562	603	593	583	594	566	579	547	574	598	563	539	577.16	170
78	554	560	614	557	586	568	570	535	539	555	598	563	584	563	541	619	609	573	585	575	559	565	605	552	560	553	598	547	631	576	580	601	571	585	576	568	600	576	562	603	593	583	594	566	579	547	574	591	555	539	574.74	169
79	551	553	611	557	579	561	560	535	537	555	590	563	584	557	541	614	600	573	582	575	559	565	603	552	560	553	598	547	631	576	573	601	571	585	576	566	598	576	562	603	593	582	591	565	577	547	574	588	555	539	572.88	168
80	543	553	611	557	579	561	560	535	537	555	577	562	575	557	541	609	591	573	582	572	559	562	603	549	560	553	598	536	631	576	573	601	571	580	568	561	598	576	553	603	586	573	591	564	577	543	564	587	555	539	570.4	167
81	543	540	610	556	579	561	560	528	537	554	569	562	575	556	541	609	589	573	582	572	559	562	596	549	553	549	594	536	627	576	573	594	571	580	568	561	597	576	553	603	576	573	591	564	576	543	557	587	552	539	568.62	166
82	543	528	609	556	579	553	560	527	537	554	569	562	575	554	541	609	588	573	582	564	559	556	588	549	552	549	594	535	626	570	573	585	562	578	568	561	597	576	553	603	576	563	587	557	576	543	557	587	544	539	566.52	165
83	533	523	603	551	579	552	560	527	536	554	562	553	575	554	541	609	588	567	582	558	559	556	588	542	552	537	589	534	622	570	573	579	553	578	568	561	592	576	550	603	564	554	583	552	567	532	557	577	544	539	563.16	164
84	527	523	603	551	575	551	557	526	536	554	562	553	573	545	541	609	578	566	582	558	559	556	584	542	550	537	582	531	616	567	573	579	553	578	559	561	588	576	545	603	560	552	583	552	566	527	557	568	544	534	561.04	163
85	521	519	600	547	575	551	557	524	529	552	562	553	573	535	541	609	578	566	582	558	547	550	584	542	541	531	574	523	616	564	573	570	544	578	559	561	581	576	540	603	560	552	582	552	566	527	551	562	544	534	558.38	162
86	513	507	599	547	571	551	553	524	527	552	562	542	565	535	541	609	578	566	572	557	547	550	584	542	541	531	573	523	616	564	569	561	544	575	559	554	572	576	535	603	555	550	582	552	566	527	548	557	544	532	556.06	161
87	512	506	596	547	571	551	552	524	526	549	559	529	565	535	536	609	578	566	572	557	547	546	581	538	541	531	573	523	616	554	569	554	544	575	559	554	564	576	535	597	555	550	581	552	558	527	548	546	544	525	554.06	160
88	500	502	596	547	571	551	552	524	526	543	559	529	560	525	531	607	577	564	572	551	547	546	577	532	540	531	573	523	605	552	569	548	544	575	559	554	563	568	528	588	555	550	581	552	556	527	548	546	544	524	551.84	159
89	500	496	596	547	570	546	552	524	526	541	558	529	550	521	530	607	577	564	572	544	547	546	577	532	539	531	573	514	605	543	569	544	538	569	559	554	559	561	528	588	555	550	577	546	546	527	539	538	544	524	549.44	158
90	498	495	591	545	570	546	552	515	526	529	558	523	546	521	522	599	577	564	572	533	540	546	577	532	538	525	571	514	605	538	568	542	530	569	558	554	559	561	525	588	555	550	576	546	546	527	539	535	536	524	547.12	157
91	498	495	580	545	570	546	551	514	525	529	551	511	546	520	522	599	577	564	571	530	528	546	570	524	538	517	561	514	605	538	568	542	530	569	558	554	555	551	525	580	548	550	576	546	546	527	538	529	530	516	544.46	156
92	498	485	576	545	570	546	548	514	513	526	545	508	536	519	522	599	569	562	564	530	528	546	570	522	537	517	560	502	605	538	564	542	522	569	553	553	550	543	525	580	548	550	576	546	546	524	530	529	530	516	541.92	155
93	490	482	576	545	568	546	539	513	513	520	545	508	536	510	513	599	569	562	564	530	525	546	570	513	527	517	560	502	605	537	554	542	522	569	552	552	549	542	523	580	539	541	576	541	542	524	524	524	522	516	539.28	154
94	482	482	576	543	568	545	539	512	503	520	544	508	536	501	513	592	569	561	564	525	525	540	570	511	520	517	560	502	593	535	551	542	522	569	551	551	549	542	523	571	539	534	576	541	541	524	519	524	517	516	537.16	153
95	476	482	576	543	563	539	539	506	502	516	541	507	531	500	513	592	569	561	563	525	525	540	561	511	520	517	555	497	593	535	544	539	514	569	551	551	549	542	517	563	539	534	576	529	541	524	510	524	517	516	534.94	152
96	472	482	576	542	563	539	539	505	502	516	529	507	523	500	503	592	569	559	559	525	525	540	554	504	520	517	555	494	593	531	539	539	512	569	543	551	545	540	508	559	532	532	576	529	541	524	509	524	517	506	532.6	151
97	472	476	576	539	563	538	539	503	502	516	528	497	514	497	503	591	569	555	558	525	523	539	554	490	516	516	553	484	593	531	539	539	511	569	543	550	545	540	508	559	532	532	576	529	541	524	509	524	517	506	531.06	150
98	472	476	576	538	560	532	536	503	502	516	528	485	505	497	491	591	563	555	558	524	523	538	554	490	516	516	544	484	590	525	539	539	510	569	543	550	538	540	500	559	532	532	576	529	533	524	509	515	505	501	528.62	149
99	469	467	576	538	560	532	528	503	502	507	528	472	505	486	491	591	548	555	556	524	523	533	554	490	516	516	544	484	590	525	539	537	510	568	539	536	538	536	500	559	531	532	576	529	533	524	501	515	504	501	526.42	148
100	461	456	567	538	560	531	525	503	502	507	528	462	505	484	481	586	542	552	556	520	523	533	543	478	515	509	535	479	584	516	539	530	506	566	535	536	532	532	497	549	519	532	576	529	533	524	501	515	497	494	522.46	147
101	461	456	566	532	560	526	525	503	497	507	528	461	500	476	481	586	534	544	556	520	522	529	542	478	515	498	533	479	584	507	538	530	505	566	535	536	526	532	488	549	518	532	574	529	532	524	489	515	497	485	520.12	146
102	449	456	565	532	560	526	525	503	497	502	527	457	492	476	481	586	534	540	548	520	522	529	536	477	515	498	533	467	577	497	538	530	505	558	529	536	518	532	488	547	518	532	574	527	532	523	489	515	497	485	518.0	145
103	449	446	555	532	560	526	514	492	497	495	527	457	492	473	481	581	528	540	535	513	518	529	536	477	502	492	528	467	577	492	535	526	505	558	526	536	518	532	488	545	518	531	571	527	532	513	489	515	497	485	515.16	144
104	446	446	555	524	548	524	514	492	492	494	519	457	492	473	481	581	521	536	533	509	517	520	534	477	497	492	519	466	577	486	535	516	505	554	525	535	518	532	488	544	512	524	565	519	524	510	489	515	497	485	512.28	143
105	441	446	549	524	536	524	507	485	492	483	517	450	492	473	481	577	521	529	528	508	517	520	533	474	497	492	514	457	577	486	535	516	503	551	525	535	518	532	484	544	512	524	565	519	524	510	489	515	493	485	510.18	142
106	441	445	544	524	535	513	500	473	486	478	517	439	492	468	481	576	521	529	519	508	509	513	533	467	497	492	514	457	577	486	535	516	502	551	525	531	516	532	484	535	511	521	553	519	524	510	481	515	493	485	507.46	141
107	441	437	538	524	534	513	500	473	486	477	517	439	486	468	481	576	521	529	519	508	500	508	524	460	497	480	514	449	574	486	532	512	502	551	513	531	516	519	480	535	511	521	553	509	523	506	481	514	493	475	504.72	140
108	441	435	531	522	534	509	500	473	485	466	517	439	475	468	481	573	521	529	519	499	498	496	524	446	497	480	511	438	574	480	532	511	501	547	513	531	512	512	470	535	511	511	553	501	523	505	481	514	493	475	501.84	139
109	441	431	522	517	534	506	500	465	476	459	513	439	475	468	473	572	513	529	519	499	498	484	524	446	490	480	511	435	574	480	532	507	501	543	511	531	512	506	470	531	506	511	553	501	523	505	479	508	493	475	499.42	138
110	430	431	522	517	534	498	500	462	476	458	510	439	463	463	473	571	513	526	511	499	489	484	524	446	490	480	509	435	573	477	532	507	501	542	511	525	503	503	469	518	506	511	552	501	523	505	479	499	493	471	497.08	137
111	429	431	522	517	534	498	494	450	472	458	503	439	454	463	473	567	513	523	511	499	485	484	513	446	478	480	509	435	565	477	525	507	501	542	511	519	503	503	457	517	503	511	552	501	516	501	469	499	493	471	494.46	136
112	429	430	516	517	534	498	483	450	472	458	503	439	454	455	473	566	507	523	511	495	485	484	513	444	478	479	500	435	556	477	525	507	500	542	511	515	503	495	457	515	499	511	552	501	513	501	469	499	491	471	492.82	135
113	429	420	516	509	532	494	473	449	469	449	503	439	452	455	465	566	499	514	511	494	476	484	513	437	466	479	500	434	545	468	525	497	489	542	511	515	496	488	456	515	498	511	552	501	512	501	469	493	491	467	489.38	134
114	429	416	516	507	532	493	466	449	461	442	501	439	448	455	465	559	499	513	502	494	476	479	510	436	465	475	500	434	545	468	525	496	489	537	511	513	494	484	456	515	495	511	552	496	512	501	469	489	490	467	487.52	133
115	429	416	504	507	532	493	466	442	461	442	501	429	448	454	465	559	491	504	502	494	476	478	509	436	457	464	500	434	541	461	524	496	487	528	509	513	494	484	456	515	490	501	543	494	503	501	463	489	486	459	484.6	132
116	429	416	492	497	530	484	466	442	461	442	501	421	447	454	465	559	490	498	494	494	476	478	508	435	449	464	489	434	537	454	524	487	483	527	509	513	494	484	453	515	487	495	543	494	503	500	454	486	486	459	482.04	131
117	429	411	491	483	530	479	460	442	461	442	496	421	447	454	465	559	490	497	482	494	475	469	508	435	449	461	489	434	537	454	523	487	476	527	502	513	486	478	442	515	476	495	537	485	499	500	454	482	485	456	479.24	130
118	429	410	490	483	530	479	460	442	461	442	494	411	435	454	464	559	481	496	482	494	475	467	508	435	449	461	489	427	537	454	523	487	466	527	502	513	486	478	442	515	476	494	537	479	499	494	454	482	483	450	477.7	129
119	425	410	479	483	529	466	460	442	461	442	492	411	421	454	464	559	481	484	482	487	472	455	501	428	449	449	481	427	537	448	523	480	466	527	501	509	486	477	442	509	475	494	535	475	499	493	447	482	476	450	474.5	128
120	415	410	479	483	524	466	460	442	461	442	485	411	419	444	464	555	481	484	482	487	468	442	496	428	437	448	481	427	537	448	519	480	464	527	492	509	486	470	442	508	475	491	532	475	499	493	440	482	475	448	472.26	127
121	415	409	473	483	524	466	456	442	461	431	485	410	419	434	459	555	472	480	470	477	457	442	496	421	437	446	478	413	532	447	518	480	464	520	483	503	486	467	442	502	475	491	532	475	499	481	440	476	475	439	468.76	126
122	415	409	473	483	516	466	456	435	460	431	476	409	419	433	453	547	472	480	466	477	457	436	491	421	437	436	478	413	528	436	517	480	464	520	483	495	486	467	442	500	464	491	525	475	497	480	430	475	473	439	466.24	125
123	411	404	470	470	516	466	456	431	457	429	462	409	419	427	453	547	472	480	462	477	451	434	491	421	437	436	478	413	524	436	506	480	458	520	483	485	486	467	442	500	453	491	515	475	497	473	425	475	467	435	463.44	124
124	410	398	470	470	510	466	456	424	457	429	462	409	419	422	443	539	463	480	462	477	451	434	491	410	437	435	478	413	521	434	506	477	454	520	482	484	486	458	442	490	450	490	515	475	497	473	422	474	467	435	461.34	123
125	403	398	470	470	499	460	456	424	451	429	462	409	419	422	443	532	463	480	462	472	451	434	491	410	437	435	469	413	518	434	498	477	454	520	482	484	486	458	442	487	450	484	512	475	490	460	422	462	467	426	459.04	122
126	403	398	469	464	494	457	456	424	451	429	460	409	411	409	436	532	462	480	450	461	451	433	480	410	437	435	464	401	518	430	495	477	453	518	482	484	486	448	434	487	444	483	512	469	487	460	422	454	465	425	455.98	121
127	403	398	459	464	494	457	453	411	441	421	460	399	411	406	436	531	462	479	448	461	451	433	468	410	437	435	463	390	518	429	495	477	453	518	468	484	472	448	421	480	444	483	512	469	478	455	412	454	463	425	452.78	120
128	395	398	459	464	494	457	445	411	441	421	460	399	411	395	436	531	462	479	441	461	450	433	463	409	437	435	463	384	511	429	495	476	450	516	468	484	463	448	421	478	444	482	512	463	478	454	412	451	455	425	450.98	119
129	383	396	459	464	494	457	440	409	440	421	457	390	411	395	435	522	461	469	441	461	440	433	463	409	433	427	454	384	511	419	495	476	447	516	468	484	463	447	421	478	434	482	512	463	478	454	412	438	455	425	448.52	118
130	383	396	454	462	494	453	433	408	440	420	452	390	404	390	427	522	459	469	436	461	440	433	463	409	432	423	454	384	501	411	494	463	447	516	468	484	452	447	419	478	434	482	502	463	478	454	412	438	453	425	446.24	117
131	380	382	454	462	491	453	433	408	428	410	450	390	396	390	421	522	459	464	432	461	426	433	457	409	432	415	454	384	501	411	487	463	435	516	460	478	452	446	418	471	434	482	494	456	465	454	396	436	453	413	442.34	116
132	366	382	450	461	482	452	423	408	428	410	450	381	386	390	419	521	459	458	431	461	426	421	457	407	432	415	454	383	501	410	487	463	435	516	457	478	452	438	415	470	429	482	488	456	465	454	395	436	453	413	440.12	115
133	354	374	450	454	472	452	423	408	419	410	450	371	385	390	418	521	458	456	427	457	426	420	457	398	429	415	447	383	492	410	476	463	435	516	457	476	452	438	407	465	429	468	488	444	465	449	392	436	453	411	436.92	114
134	353	363	440	445	472	452	422	408	418	410	444	370	385	388	417	516	458	455	425	457	426	414	457	398	428	408	437	383	492	408	476	456	427	516	457	468	443	438	402	465	429	468	483	443	465	449	392	435	453	411	434.5	113
135	343	351	440	434	461	444	422	401	418	410	444	370	383	388	417	514	446	445	425	457	414	401	446	398	421	406	427	370	489	408	476	455	427	509	445	468	443	437	390	462	429	465	483	431	465	447	392	435	452	411	430.3	112
136	337	342	435	434	461	444	410	400	418	410	444	366	383	388	417	514	446	445	425	457	414	401	441	390	409	404	411	365	489	408	468	452	425	505	438	467	437	437	380	462	429	464	476	431	465	441	392	435	452	411	427.5	111
137	337	337	422	425	447	439	409	400	411	410	444	366	383	388	417	514	446	445	422	453	411	395	438	385	409	398	406	365	489	408	468	446	425	505	438	467	437	437	378	461	429	464	474	431	458	437	392	431	440	399	424.72	110
138	333	329	422	425	447	439	408	400	411	410	444	366	376	388	416	514	446	445	422	440	402	395	438	382	409	398	396	365	489	408	468	446	419	495	438	463	437	435	364	461	422	464	473	431	451	425	391	427	440	399	422.24	109
139	333	328	422	425	444	439	407	388	411	410	444	366	373	382	416	511	446	444	411	440	400	386	434	377	409	386	396	365	489	408	468	437	417	495	438	457	427	435	364	461	422	464	465	424	451	425	391	416	440	399	419.72	108
140	331	328	422	425	443	439	403	388	403	409	444	366	373	382	416	511	445	444	411	439	399	386	430	377	396	383	396	365	481	408	456	437	417	495	428	457	427	435	364	461	422	451	465	424	451	414	391	416	440	399	417.86	107
141	320	328	420	424	443	439	403	378	403	409	444	366	371	376	407	511	445	444	411	430	392	375	430	369	396	383	396	361	473	406	456	437	404	487	428	457	426	435	354	461	414	448	465	424	451	412	391	409	440	398	415.0	106
142	320	328	411	424	443	429	403	378	394	408	444	366	371	362	407	503	445	444	403	422	392	374	430	369	396	374	389	361	469	406	450	437	399	479	428	457	426	435	354	461	414	442	465	424	451	410	391	397	440	398	412.46	105
143	320	328	400	415	434	424	403	371	382	403	444	365	357	362	397	494	440	444	403	421	392	374	430	369	391	374	389	361	469	406	439	437	399	479	421	457	422	433	354	458	414	435	462	423	451	410	391	397	440	398	409.64	104
144	319	327	400	415	434	419	400	371	382	403	432	362	352	361	397	483	440	434	403	421	392	374	418	357	391	365	389	359	461	406	438	436	399	475	413	457	420	432	354	458	414	426	462	416	451	410	391	397	440	385	406.82	103
145	319	320	400	408	434	419	400	363	382	403	432	362	349	353	397	483	438	434	403	421	383	374	416	356	391	363	389	358	461	406	435	436	399	470	410	457	420	432	354	449	412	424	462	416	451	399	385	396	440	384	404.96	102
146	319	319	400	400	431	414	400	358	381	403	432	354	346	341	394	483	428	434	403	421	383	374	416	356	391	363	389	358	461	406	434	426	394	470	410	457	416	429	344	444	402	424	460	416	450	399	384	396	436	374	402.46	101
147	317	314	400	400	431	409	400	358	381	397	432	343	346	341	385	483	426	434	403	421	381	373	416	356	383	363	386	358	461	397	434	417	382	467	410	450	407	419	344	444	401	424	449	416	446	399	384	388	436	374	399.72	100
148	317	314	387	391	431	409	400	357	381	397	431	343	339	341	376	473	420	432	390	420	381	373	414	356	381	362	378	358	457	388	434	417	377	467	405	450	407	411	344	441	392	424	449	414	446	399	369	388	436	371	396.76	99
149	317	314	387	391	426	408	389	357	381	397	427	343	338	339	371	467	420	420	389	409	381	362	414	355	377	354	378	348	451	388	424	417	370	465	405	450	407	411	334	430	391	424	449	411	445	389	369	385	435	371	393.6	98
150	317	310	387	391	414	398	389	357	371	384	416	343	338	339	371	460	417	416	384	406	381	362	414	341	370	342	371	344	450	387	415	417	370	464	400	450	407	411	334	423	391	424	449	411	441	389	369	375	428	362	390.0	97
151	317	295	385	382	414	396	389	357	370	384	412	343	338	339	363	449	403	416	382	397	371	361	405	340	370	342	371	344	450	387	415	417	370	464	399	448	407	404	334	420	390	424	440	411	441	389	369	373	415	362	387.28	96
152	317	295	384	382	400	392	388	352	370	375	412	343	336	339	355	438	399	416	374	397	360	361	403	339	370	342	371	344	449	387	415	417	361	464	399	448	403	391	323	420	379	424	440	398	441	389	369	373	409	350	384.06	95
153	304	295	372	375	400	380	380	352	370	373	412	342	336	331	355	423	399	416	364	397	346	353	400	339	366	335	362	338	449	387	410	411	360	458	393	435	403	391	313	408	379	423	431	394	441	389	366	369	407	349	379.62	94
154	304	292	371	372	395	367	380	338	365	373	399	342	334	331	355	412	399	416	354	396	346	353	391	325	363	335	362	332	449	387	409	411	360	456	390	428	403	376	299	408	369	415	425	391	437	389	365	369	404	349	375.82	93
155	304	292	363	372	394	367	380	338	365	366	398	332	330	316	355	411	399	414	350	396	335	353	391	324	359	335	357	332	449	379	403	411	360	455	384	418	392	376	299	408	369	415	425	391	437	389	365	358	403	346	373.2	92
156	304	292	363	372	393	357	366	338	365	363	387	324	327	316	354	411	388	414	338	396	326	353	389	320	359	329	343	332	449	379	403	411	360	455	384	413	381	367	289	396	359	415	425	390	428	389	365	354	403	345	369.58	91
157	304	292	363	367	393	350	365	338	362	360	387	324	327	316	354	402	387	414	338	389	326	344	385	316	343	313	331	323	438	373	403	411	360	455	384	398	377	367	289	396	359	415	414	390	424	382	365	354	392	340	365.98	90
158	304	292	357	367	393	335	361	337	362	360	373	319	316	316	354	402	381	409	338	378	325	343	385	315	343	313	320	323	438	362	392	400	359	449	384	398	375	366	289	393	356	415	402	390	414	370	364	344	392	340	362.26	89
159	303	292	357	367	385	334	349	337	362	360	373	318	314	316	354	392	368	409	338	372	325	342	375	304	329	313	318	323	438	361	389	393	347	449	384	398	366	356	277	393	351	409	401	390	414	362	349	344	392	330	358.44	88
160	300	280	357	366	385	321	349	337	360	352	372	318	305	316	353	383	368	398	338	370	325	342	375	304	329	313	304	323	438	352	389	383	333	442	372	390	365	356	277	389	351	409	401	380	414	362	349	344	392	330	355.22	87
161	300	280	357	351	375	310	349	326	360	344	362	316	294	316	353	370	366	392	335	370	313	340	367	304	329	313	304	320	438	345	375	383	333	429	372	379	365	356	277	377	351	407	401	380	414	362	349	344	392	329	351.48	86
162	290	264	357	346	375	310	349	326	360	336	354	316	294	311	347	357	358	392	335	370	313	340	367	304	329	301	304	320	438	344	370	381	333	429	372	379	365	356	277	377	351	407	401	380	414	347	349	344	391	329	349.18	85
163	276	264	347	341	375	310	338	326	357	322	354	316	294	311	347	357	346	392	335	361	313	338	359	304	319	290	300	318	434	344	366	380	321	429	372	379	365	356	268	368	351	407	390	378	411	347	349	341	391	329	345.72	84
164	276	253	334	341	375	310	338	326	355	322	354	306	294	311	347	345	346	392	335	351	313	338	350	304	317	287	300	317	431	341	366	380	313	427	372	379	365	356	268	354	350	402	390	378	411	347	348	341	385	329	343.4	83
165	276	253	325	341	362	303	336	326	355	314	354	306	294	311	347	345	346	387	323	351	305	338	350	304	317	287	300	317	431	341	366	370	313	427	360	379	364	356	268	354	339	400	390	378	411	343	337	328	385	314	340.54	82
166	276	253	309	332	362	296	319	326	354	314	345	306	293	302	347	345	341	387	320	349	303	338	350	304	305	276	300	316	430	341	366	362	313	427	344	364	356	353	267	354	337	387	376	378	411	328	337	327	376	314	336.32	81
167	276	253	295	332	354	296	319	326	354	314	345	292	293	302	335	340	331	387	318	349	301	338	350	304	305	276	300	304	430	329	355	362	312	416	343	350	356	353	254	354	337	387	376	378	404	320	337	320	376	300	332.76	80
168	276	238	295	332	352	296	319	326	354	314	345	287	293	294	326	340	331	374	305	349	294	338	340	290	295	276	291	304	417	329	345	362	302	416	343	341	356	352	249	343	337	387	376	369	404	320	329	320	376	300	328.94	79
169	276	238	294	332	347	284	313	320	353	308	345	284	293	294	325	340	331	364	305	345	290	338	331	277	281	274	291	299	417	327	345	354	293	412	343	341	356	351	249	343	337	377	376	354	392	320	316	311	373	294	325.06	78
170	276	236	294	331	347	284	313	320	353	308	345	284	293	294	325	331	325	353	295	336	285	338	323	270	281	274	287	299	408	327	345	345	288	403	332	341	356	351	245	328	335	377	376	353	392	320	312	310	373	294	322.22	77
171	275	236	292	322	347	277	303	320	353	307	345	268	282	294	317	331	320	353	295	336	284	338	308	270	273	262	285	299	396	327	345	336	282	390	322	340	356	345	236	328	335	377	368	342	392	308	309	310	371	294	318.02	76
172	261	236	292	321	347	277	303	320	353	306	341	254	282	292	317	321	320	353	295	336	284	325	306	270	262	249	285	299	396	327	345	335	280	377	322	340	356	344	235	317	330	377	360	333	380	290	302	300	361	284	313.96	75
173	246	234	292	313	347	267	294	308	352	306	335	254	276	290	317	321	320	353	295	334	284	324	295	270	248	248	283	299	395	312	342	334	272	377	322	328	347	344	219	317	316	377	348	332	380	290	298	286	361	279	309.62	74
174	246	234	278	309	347	266	294	308	339	297	335	248	276	286	312	321	311	353	283	334	284	324	295	270	247	248	270	299	388	312	342	333	270	368	322	328	347	344	217	308	316	377	345	323	379	289	298	274	360	265	306.38	73
175	241	234	271	309	339	257	294	306	339	297	333	248	276	285	312	321	311	341	283	324	284	312	295	269	247	248	270	299	380	302	340	333	270	366	322	322	347	331	217	307	316	377	335	318	367	283	298	274	360	264	303.48	72
176	241	234	271	308	339	257	285	294	338	283	333	248	276	285	302	315	296	341	283	313	283	312	295	269	231	245	270	294	372	300	338	320	270	364	322	322	347	331	217	307	316	370	331	318	366	282	282	266	360	264	300.12	71
177	240	225	258	308	339	252	283	293	338	281	323	248	272	285	292	313	296	341	283	306	274	312	294	269	230	240	270	292	362	300	337	308	270	364	311	322	338	321	217	307	316	360	321	313	351	273	270	266	346	264	295.88	70
178	236	215	258	306	339	240	283	293	338	270	313	248	270	285	291	308	296	341	283	306	260	312	294	269	230	238	255	282	362	300	337	294	270	356	311	317	338	311	217	302	316	360	317	296	342	273	270	266	346	264	292.48	69
179	236	215	258	291	331	240	274	293	338	270	313	245	266	285	284	308	290	333	274	306	249	311	288	269	219	222	254	272	362	300	337	291	268	346	304	317	338	303	200	294	315	350	317	296	342	270	259	266	346	263	288.36	68
180	235	202	249	291	331	240	274	279	328	268	311	245	253	277	275	295	290	327	274	295	235	311	288	266	204	222	252	263	362	288	337	291	268	337	300	309	334	297	197	288	315	340	317	296	333	266	255	266	346	261	283.66	67
181	235	186	249	291	331	240	265	273	328	257	298	231	253	277	261	294	290	327	274	295	235	305	287	266	204	217	243	263	362	288	337	291	265	334	300	298	334	284	197	288	306	331	304	295	325	266	242	265	341	252	279.6	66
182	221	174	246	291	331	239	262	273	328	257	298	231	249	267	259	294	279	327	274	295	233	294	282	254	203	207	232	263	362	288	337	291	249	334	300	291	332	284	197	281	306	318	291	292	319	266	242	265	332	252	275.84	65
183	221	172	245	289	331	239	262	273	317	245	298	231	249	254	259	294	279	327	274	286	233	294	282	240	197	207	224	258	361	274	337	291	249	334	300	280	322	275	197	281	295	318	291	288	315	266	235	253	332	247	272.42	64
184	221	172	238	289	322	239	259	273	317	245	289	231	249	254	244	283	279	315	274	286	233	294	272	240	197	198	214	258	353	262	327	276	245	334	300	280	310	265	186	281	295	312	291	288	304	266	220	241	327	247	267.9	63
185	219	159	238	289	322	239	259	273	306	239	289	231	234	253	232	283	275	305	274	286	233	294	261	227	196	188	212	251	343	262	327	276	245	331	297	280	310	265	185	266	287	312	291	286	304	266	220	241	327	234	264.44	62
186	204	158	224	276	321	239	259	260	299	238	289	231	234	253	228	269	273	305	272	284	228	290	261	219	185	186	196	238	339	259	327	276	245	331	283	268	302	265	185	256	287	299	289	284	302	260	210	234	327	234	259.62	61
187	201	158	223	260	312	239	259	260	299	234	288	230	233	237	227	269	261	293	272	284	214	289	261	217	175	186	196	238	339	259	326	267	231	331	279	268	302	263	185	256	287	299	289	275	302	246	209	234	326	220	256.16	60
188	201	152	215	260	305	239	259	260	291	219	276	230	233	237	212	269	251	282	272	277	214	285	261	216	175	186	182	225	339	246	326	267	228	331	279	268	302	263	185	248	287	295	278	262	302	245	209	225	320	220	252.18	59
189	201	151	203	260	294	229	259	260	282	219	276	221	218	225	209	267	251	282	258	275	214	276	261	215	175	186	182	225	339	246	322	267	228	318	279	265	292	263	185	243	287	282	266	250	302	238	208	225	307	220	248.12	58
190	198	151	203	260	284	229	248	259	282	219	276	221	218	222	208	257	235	267	258	258	214	259	249	215	164	185	182	224	331	239	318	251	228	318	279	256	292	263	185	240	278	282	265	250	302	238	198	213	296	211	243.56	57
191	195	150	203	260	280	227	235	259	281	219	264	221	205	217	208	247	227	258	246	258	214	259	238	215	164	185	173	208	331	239	308	251	228	318	279	250	277	263	184	225	278	281	250	236	302	229	196	204	292	209	238.92	56
192	195	150	203	260	280	218	224	254	281	219	264	221	205	211	198	247	224	258	246	257	213	256	238	201	163	185	173	208	320	227	308	249	228	317	279	250	277	263	173	215	278	281	250	236	301	225	185	204	283	197	235.96	55
193	195	150	195	251	280	218	222	252	274	205	259	221	196	211	198	247	224	258	246	257	206	256	238	201	163	185	173	197	320	218	308	236	228	305	279	250	276	263	169	214	278	268	247	221	301	219	183	204	283	197	232.9	54
194	195	150	195	237	280	218	222	252	274	205	259	221	185	211	196	237	224	258	246	244	206	249	237	201	163	180	173	188	320	209	308	221	228	302	278	250	264	252	162	209	261	268	247	213	301	219	173	189	283	195	229.16	53
195	195	150	195	237	268	218	219	241	274	205	253	217	185	211	192	237	224	258	246	234	200	235	236	193	163	178	173	187	313	194	298	221	228	287	274	249	264	252	161	209	260	257	247	201	289	218	173	189	279	180	225.34	52
196	186	150	189	237	268	204	216	241	274	205	246	203	181	210	192	237	224	256	245	230	198	232	233	193	163	164	173	187	313	190	298	221	228	286	258	236	249	251	161	209	248	242	245	197	285	218	163	189	265	180	221.38	51
197	186	147	189	223	254	201	202	241	274	205	246	195	181	210	190	235	224	256	245	230	198	231	233	193	163	164	168	174	304	179	298	221	215	270	258	233	246	243	146	209	248	242	245	192	284	218	163	189	252	180	217.86	50
198	186	145	189	223	251	197	197	241	272	202	246	195	181	210	189	235	222	256	244	230	198	227	233	193	148	164	168	165	300	176	284	215	208	269	258	220	243	227	144	209	245	235	242	179	277	209	163	189	242	180	214.42	49
199	186	130	178	223	246	181	189	241	272	187	245	195	166	210	184	230	222	248	242	230	197	217	233	193	148	161	168	162	290	176	284	215	208	262	244	217	243	227	144	193	241	235	240	179	277	208	150	189	242	177	210.5	48
200	186	130	171	219	246	181	180	241	272	187	245	195	166	210	184	230	218	248	242	230	197	217	220	182	138	157	158	162	289	176	284	212	207	262	237	217	232	227	144	190	241	235	224	179	277	208	150	188	241	163	207.9	47
201	186	119	171	218	235	168	180	241	272	187	245	195	166	210	170	217	218	238	238	225	184	217	220	179	135	157	157	158	289	176	284	212	207	259	234	208	222	227	144	190	227	235	222	179	264	201	147	188	231	162	204.28	46
202	186	109	160	201	222	168	171	236	260	178	231	193	166	210	164	217	217	224	226	222	184	208	220	179	135	154	157	158	284	176	284	203	191	259	234	207	222	227	140	188	217	235	222	166	264	201	133	188	216	162	199.5	45
203	186	100	160	201	221	151	171	229	260	177	231	175	166	198	164	204	205	207	219	219	184	208	220	164	117	154	156	158	274	170	282	203	191	259	234	207	222	227	140	188	203	235	221	151	264	188	133	186	216	161	195.2	44
204	186	100	160	201	210	151	156	225	260	176	231	170	166	198	150	204	190	197	210	205	175	208	209	159	117	138	156	157	274	170	282	203	191	259	223	203	213	216	140	187	202	235	221	151	264	188	126	186	198	149	190.92	43
205	186	100	160	189	196	151	156	225	254	176	227	159	163	196	150	201	180	196	210	205	175	194	209	151	105	138	156	157	259	154	282	187	191	259	208	197	213	202	140	187	202	235	207	151	250	178	126	172	198	149	186.24	42
206	182	100	159	189	194	151	156	225	250	165	221	144	155	180	149	188	180	183	210	205	175	194	209	151	101	138	156	156	259	154	272	187	188	259	206	197	206	202	140	178	190	223	202	151	250	178	123	172	181	136	182.4	41
207	182	100	155	189	181	144	156	225	247	156	210	143	155	170	147	187	180	183	210	205	163	194	209	151	101	138	156	156	256	152	271	187	188	259	205	182	190	202	140	168	174	223	202	151	234	178	119	160	181	136	179.02	40
208	169	96	152	189	168	144	140	225	232	156	206	143	154	170	147	181	176	183	210	205	163	191	194	151	101	138	144	145	248	152	262	187	188	259	204	168	174	190	126	154	174	213	189	143	234	178	117	160	181	136	174.2	39
209	169	92	152	189	168	143	140	225	231	140	192	127	154	170	134	169	176	168	209	205	163	181	183	150	101	138	144	131	235	152	259	175	188	258	199	167	165	175	126	139	174	205	188	142	229	178	117	143	165	122	168.9	38
210	169	86	137	189	165	125	140	225	221	139	192	109	154	170	134	169	176	168	209	205	163	176	183	150	101	123	144	131	235	149	243	175	179	258	185	150	164	172	119	139	160	205	188	142	211	169	111	126	155	122	164.2	37
211	157	86	136	189	152	125	127	225	221	139	183	109	153	170	124	162	176	153	209	205	163	176	183	150	101	121	144	121	235	149	229	173	170	258	167	149	164	157	103	138	141	205	183	142	207	169	111	126	140	122	159.96	36
212	152	72	136	189	151	121	127	210	221	139	174	109	153	163	124	162	160	153	201	195	156	176	183	142	101	107	135	115	226	149	225	173	170	244	167	136	161	157	103	138	141	194	183	132	207	169	111	124	130	122	155.78	35
213	152	63	134	177	151	109	120	197	221	139	174	105	153	150	120	162	160	136	200	184	149	168	183	133	101	107	135	115	219	148	225	165	154	227	167	130	161	157	90	138	139	176	179	132	207	160	96	119	123	122	150.64	34
214	140	63	130	177	151	107	120	193	207	139	171	100	140	149	120	162	160	125	188	184	149	150	179	128	101	107	135	103	215	148	225	158	154	216	167	130	160	157	90	129	139	176	179	132	197	146	95	105	123	122	146.82	33
215	140	63	121	159	151	107	120	177	201	126	171	99	129	149	120	156	158	125	188	184	148	150	179	127	101	106	135	103	215	148	212	158	154	214	155	121	160	157	83	129	134	167	169	132	195	146	95	105	123	108	143.46	32
216	132	63	119	159	151	97	120	174	191	126	171	95	120	136	106	155	142	125	185	184	148	138	176	127	101	95	135	103	197	130	200	154	148	200	144	121	160	137	82	129	121	167	156	127	195	143	95	96	106	103	137.7	31
217	132	63	117	150	151	97	117	173	176	124	171	95	102	136	100	155	131	125	167	184	148	138	160	127	101	93	119	85	185	130	200	154	148	200	144	121	160	137	82	129	120	153	156	127	195	134	77	96	94	92	133.42	30
218	132	61	114	132	151	97	116	173	167	124	156	93	102	136	100	155	131	110	167	184	143	138	158	127	101	93	117	82	182	130	196	154	139	197	130	117	143	136	68	129	120	143	156	127	189	131	76	96	93	92	130.08	29
219	119	61	114	132	151	94	116	162	155	109	154	93	102	136	100	145	115	109	151	169	133	138	158	127	101	93	115	76	165	119	181	154	126	185	130	105	136	136	68	129	106	143	140	124	188	118	76	84	91	87	124.38	28
220	119	61	114	128	151	94	116	160	146	109	153	93	102	125	100	145	115	108	148	155	133	134	157	114	90	86	115	75	164	119	181	148	126	172	121	105	136	135	68	127	88	125	140	121	188	118	69	83	91	81	121.04	27
221	119	61	95	128	151	94	116	151	135	96	138	93	96	124	87	145	115	95	148	155	131	133	157	112	79	73	103	75	162	106	181	148	113	155	106	105	136	117	61	119	88	125	126	121	181	118	60	83	80	81	115.54	26
222	119	61	95	116	148	93	116	149	134	96	138	86	95	124	87	132	114	90	148	139	117	132	157	98	79	73	95	75	152	105	170	144	113	155	106	104	125	117	52	118	88	125	126	107	181	118	60	83	80	81	112.32	25
223	116	61	95	103	132	93	106	149	134	95	137	77	95	121	87	132	103	90	131	137	116	132	156	98	79	73	95	75	151	104	157	132	99	140	106	104	120	108	37	111	88	117	126	94	165	118	60	83	80	81	107.98	24
224	103	61	95	84	131	75	95	149	134	95	132	75	95	114	86	125	90	90	120	125	99	128	140	98	79	73	95	64	151	104	143	131	96	122	96	102	120	108	37	109	88	110	126	92	165	118	60	73	80	81	103.24	23
225	103	61	94	84	115	75	95	149	128	92	123	75	79	113	86	115	89	82	120	113	82	128	130	98	79	68	95	64	151	103	142	131	86	104	84	101	102	105	37	108	86	110	121	92	165	117	48	73	80	80	99.22	22
226	91	61	90	74	114	75	92	132	128	92	123	75	79	113	86	115	84	82	120	100	82	128	114	98	79	67	95	61	150	91	142	130	86	104	70	91	102	103	37	108	86	110	107	83	165	99	45	65	80	80	95.68	21
227	90	61	90	74	114	75	92	132	128	78	123	74	67	113	86	115	66	82	116	88	82	128	114	98	79	67	79	61	134	91	142	129	86	91	70	91	102	94	34	108	86	110	95	83	164	99	45	64	80	80	93.0	20
228	72	46	90	68	113	75	92	118	123	78	109	61	63	113	71	115	65	82	116	88	78	113	100	90	68	67	79	61	121	91	142	122	86	77	70	77	102	94	34	95	70	104	95	70	155	99	45	64	75	80	87.64	19
229	71	46	90	63	113	75	92	118	110	78	109	58	63	113	71	99	65	81	116	86	78	107	100	90	63	67	79	61	121	86	142	122	86	64	70	70	101	94	33	95	70	104	94	70	138	95	45	64	61	67	85.08	18
230	71	46	90	63	113	75	88	117	97	77	109	46	63	97	55	98	64	80	100	86	78	107	82	90	58	67	78	60	121	86	127	122	85	58	70	70	101	94	22	93	64	88	94	56	120	95	34	60	61	67	80.86	17
231	59	33	90	62	100	75	74	106	81	70	92	30	63	78	55	98	64	80	97	85	78	106	82	90	49	53	78	47	112	86	122	118	84	50	52	56	97	94	19	93	49	86	92	55	107	93	34	60	61	54	74.98	16
232	59	33	83	62	100	75	69	101	81	51	76	30	63	62	51	82	64	80	80	85	78	106	67	75	35	53	78	40	112	83	122	102	84	50	43	56	97	94	16	93	43	85	78	55	101	93	27	56	61	54	70.48	15
233	57	33	83	62	93	68	69	101	67	51	64	23	63	48	51	69	64	80	79	70	70	97	67	59	35	53	78	40	102	68	110	88	81	50	43	56	97	94	16	78	38	83	78	50	98	93	27	55	61	49	66.18	14
234	57	33	83	62	88	68	62	100	66	51	63	23	62	48	35	69	49	67	79	70	70	97	60	59	34	38	59	40	102	66	103	84	79	50	38	56	91	94	16	77	34	83	70	50	83	91	27	55	45	34	62.4	13
235	57	18	69	47	88	68	44	100	66	40	63	23	53	38	35	52	42	67	64	70	70	85	56	59	32	38	58	39	87	52	103	69	72	49	38	43	91	94	16	60	27	83	70	50	83	89	27	55	43	33	57.5	12
236	42	17	54	46	88	63	44	95	66	40	63	22	44	38	33	49	42	55	60	59	63	85	49	55	24	38	45	39	87	33	102	54	72	49	38	42	91	88	12	60	27	83	68	50	69	89	27	50	43	33	53.7	11
237	42	17	39	46	83	63	44	93	66	40	50	22	40	38	33	49	42	41	60	59	63	85	41	41	21	22	45	39	72	33	100	36	59	49	38	42	81	88	11	60	26	83	68	50	69	75	27	50	38	32	50.22	10
238	27	17	39	46	67	63	44	77	66	40	47	22	40	38	23	46	42	41	60	52	50	66	24	41	21	22	45	20	72	33	100	36	59	32	38	42	80	70	9	60	26	66	68	50	60	56	27	34	25	13	44.84	9
239	26	17	39	46	52	62	26	68	64	40	32	22	30	34	23	46	41	41	60	37	47	50	24	39	21	22	45	20	56	22	86	19	51	32	38	42	80	54	9	60	19	59	57	46	60	52	27	34	20	11	40.16	8
240	26	17	39	43	51	62	26	56	46	40	29	22	14	21	23	46	41	38	59	37	47	50	24	39	21	22	45	20	56	21	67	19	39	32	38	42	80	42	1	60	19	46	57	31	44	51	23	34	20	11	36.74	7
241	16	17	32	36	47	44	26	41	46	27	29	22	14	17	19	46	28	37	41	37	33	35	24	36	13	22	45	20	44	21	67	18	23	14	38	22	64	42	1	60	15	46	49	15	37	51	23	34	4	11	30.98	6
242	13	17	32	20	36	44	26	23	28	27	27	22	14	17	19	32	27	23	41	30	29	17	21	36	12	22	40	20	39	21	66	18	23	7	36	4	50	35	1	60	15	32	29	14	37	50	23	34	1	7	26.34	5
243	11	17	19	20	21	44	12	23	15	27	27	20	0	17	19	16	22	19	30	16	29	17	19	21	12	17	40	20	35	21	53	5	23	7	34	3	50	35	1	49	15	32	22	3	37	32	23	32	1	7	21.8	4
244	11	17	19	16	20	26	12	23	15	20	27	13	0	0	18	14	15	4	30	16	14	16	19	21	12	16	24	20	16	16	35	5	23	0	34	0	30	31	0	35	2	19	7	0	20	14	5	14	0	7	15.42	3
245	11	17	19	16	5	16	12	9	11	20	20	0	0	0	1	0	0	0	30	0	1	0	19	5	11	0	24	20	16	0	35	4	18	0	14	0	26	15	0	35	2	19	7	0	20	14	3	13	0	7	10.3	2
246	11	0	0	0	5	16	9	9	11	20	0	0	0	0	0	0	0	0	16	0	1	0	19	5	0	0	17	16	16	0	16	4	18	0	14	0	7	0	0	19	1	0	7	0	4	0	3	0	0	7	5.42	1
247	0	0	0	0	0	0	0	0	0	0	0	0	0	0	0	0	0	0	0	0	0	0	0	0	0	0	0	0	0	0	0	0	0	0	0	0	0	0	0	0	0	0	0	0	0	0	0	0	0	0	0.0	0

