49.97637130329737
51.6927822021386
53.05970090823677
53.22526956288306
54.23240011632588
55.09024763992662
55.24121403964023
55.518248624222664
56.10669544986801
56.54612209744533
56.533337434566654
56.37572703682162
56.51412129211222
56.54409757952668
57.487064337166125
57.23016307995172
57.02134132700999
57.420820097534765
57.622444185942534
56.58703190013868
57.261940181647354
57.94281575768421
57.617103261599
58.402403695584105
57.918756431479565
57.464062010648334
57.58375464185049
57.59472171267507
58.196076238199645
58.3400574918348
58.75492707261414
58.918817949979854
58.836858529819644
58.59217708379938
59.021900586103534
58.877734776967436
58.898136548700286
58.29937139277885
58.521302178873434
58.3241353854414
58.075505570220585
58.860699744977886
58.18459464900899
59.14589951232606
59.101908192027196
59.4287783544361
59.574012348440775
59.649467585342954
59.281256990738626
59.25713614603376
59.38624670037137

