50.399245063879206
50.29329821359438
52.331349206349174
53.85452961672472
54.44942204524086
54.970687461976674
54.791113599911526
55.391018195896244
54.2233560090703
54.80735993584427
56.54139704662351
54.23113351031469
55.027031137658334
56.104992810132174
55.56990072451745
54.666673580001124
54.93854045683314
55.23667800453512
55.473632542447874
56.63818372877607
56.71388474088823
57.519806703169074
55.47104004203306
56.81291825673358
55.60204772966097
56.691589237320926
56.1786198219125
55.71058708036061
55.617602732149805
56.224074995852014
56.00405812731598
55.94062828383384
57.7061210663127
55.77228859023285
55.692612410818
56.42387036115258
56.71198357391738
56.370119185885734
56.76780874951608
55.7377219180355
55.63730573530224
57.12954897406119
56.551075714838795
56.3419473480449
57.2304836568774
54.747386759581865
55.81722526408939
56.60033322271998
56.984368950832376
55.40035119738954
55.26381284221002
56.42196919418172
56.9268154416238
55.827768099109555
57.07925446601405
56.64215889607874
55.77972042475526
56.40053785741941
56.11467147834745
56.266592002654725
57.8291784193352
55.91418477960289
56.52359521044191
56.99594878601847
55.9981817930424
56.35058901609425
56.35888501742162
56.44409186438799
55.22976467009567
55.70229107903326
55.290602013163
55.53861788617886
56.10326447652232
57.889324428958574
57.4985481997677
56.0410444665671
56.345404015264656
55.96292378740113
57.30998700293124
55.807892262596106
55.651823737625136
55.76589375587633
55.30823101598364
54.642995409545925
54.59321940158179
55.72925308334715
56.74637741275371
55.79423842707815
54.87856728057074
54.46359438084176
55.3218848515016
56.1024003097174
57.5521265416736
56.28957883966594
56.634208561473365
57.30653033571153
56.74689591283669
56.51875587633429
56.294072507051574
56.24481499917041
56.65131906421106

