# Extinction sequence for 242 applications  and 50 platforms.
# This is the data and average for 48 different extinction sequences.
0	242	242	242	242	242	242	242	242	242	242	242	242	242	242	242	242	242	242	242	242	242	242	242	242	242	242	242	242	242	242	242	242	242	242	242	242	242	242	242	242	242	242	242	242	242	242	242	242	242.0	50
1	241	236	241	242	241	238	237	234	242	239	242	228	242	241	234	241	236	228	228	236	237	236	236	235	240	242	242	236	242	242	242	242	238	241	238	241	237	242	239	242	239	228	242	242	237	242	228	240	238.22916666666666	49
2	238	229	241	237	241	234	237	227	237	238	242	227	242	239	230	238	235	227	223	236	237	236	236	235	233	242	238	236	238	242	238	236	238	240	238	241	233	242	238	240	237	228	240	242	233	241	228	239	236.3125	48
3	232	221	241	229	241	233	237	227	237	233	242	227	241	233	224	238	235	221	223	236	222	236	236	230	232	242	229	236	238	238	237	231	238	240	230	241	219	233	233	240	237	224	234	242	229	227	228	239	233.16666666666666	47
4	232	221	241	220	241	222	236	227	234	226	242	227	237	233	223	238	231	207	223	232	222	222	236	220	232	235	229	228	238	237	235	231	237	236	230	240	219	233	233	235	237	220	234	234	229	225	220	230	230.20833333333334	46
5	232	221	241	219	241	214	227	216	226	226	236	227	237	229	217	238	231	207	223	232	221	221	225	209	232	234	229	223	231	223	234	231	223	236	225	240	211	231	231	229	237	217	231	233	229	225	213	230	226.95833333333334	45
6	223	220	241	213	241	214	226	216	221	222	235	227	237	229	211	237	231	207	223	229	221	219	225	209	231	219	223	218	231	221	226	226	223	231	224	232	210	224	229	220	232	215	231	233	221	225	213	230	224.27083333333334	44
7	223	219	241	212	232	213	226	216	219	219	230	219	237	227	211	231	231	207	214	225	221	219	224	209	231	212	223	209	231	221	226	212	223	230	217	228	210	224	229	219	226	215	223	226	221	224	209	229	221.72916666666666	43
8	222	214	233	212	222	209	218	213	216	219	230	210	237	227	210	231	224	202	203	223	221	219	222	208	226	212	223	209	230	211	225	211	222	221	217	222	210	218	220	219	212	205	214	225	214	224	209	229	218.1875	42
9	222	213	232	207	219	209	207	213	207	214	229	209	237	218	210	227	224	202	198	222	212	217	216	208	226	212	213	200	230	211	210	199	222	221	217	222	210	212	217	216	211	205	213	224	213	215	209	229	215.1875	41
10	222	213	228	207	218	206	200	212	201	214	226	209	235	218	207	221	224	196	197	217	210	209	216	208	223	205	207	200	229	211	210	189	213	217	217	222	204	210	212	206	211	204	212	219	210	215	209	221	212.29166666666666	40
11	210	210	219	194	204	206	196	205	201	210	218	196	235	217	207	221	224	185	194	217	198	209	215	202	218	203	207	200	229	211	205	181	213	217	213	216	204	203	206	205	211	203	212	219	205	215	206	216	208.5625	39
12	210	203	219	177	204	206	187	201	199	210	218	195	235	211	207	221	219	185	193	217	192	209	213	202	218	191	197	199	229	207	205	169	208	215	213	215	204	202	205	203	210	203	206	204	200	215	202	215	205.58333333333334	38
13	210	202	214	170	196	192	177	200	198	210	218	193	234	204	206	216	215	176	187	215	191	208	212	198	218	182	197	187	225	201	205	162	208	215	213	207	204	202	197	195	201	203	206	204	200	207	198	215	201.95833333333334	37
14	209	197	214	165	191	187	165	190	197	210	218	187	231	204	199	216	210	175	182	209	191	208	212	198	218	182	190	183	210	191	200	158	208	213	213	207	204	194	197	185	201	197	206	204	193	201	198	209	198.47916666666666	36
15	199	193	214	161	191	178	158	190	197	199	214	187	230	204	199	209	210	174	182	206	178	202	212	191	215	182	188	181	203	190	196	157	208	212	212	207	200	190	195	174	194	189	201	204	193	201	196	205	195.22916666666666	35
16	199	186	203	161	185	174	155	189	197	188	214	181	220	204	198	209	195	169	182	206	178	201	209	191	206	182	188	171	191	189	191	157	204	208	212	205	200	180	184	167	194	189	200	204	179	201	196	205	191.60416666666666	34
17	189	186	203	161	179	162	144	179	194	174	203	175	220	193	187	200	195	169	182	199	167	190	200	185	192	180	179	162	190	189	178	147	199	208	212	196	199	180	170	159	185	184	196	204	172	195	187	205	185.5	33
18	184	172	200	161	179	160	144	179	194	162	189	175	220	179	187	198	186	169	180	199	164	182	196	177	191	175	178	146	187	186	178	147	199	202	211	195	199	178	160	159	180	173	182	204	171	190	187	204	181.625	32
19	182	163	199	151	177	146	141	172	193	160	188	175	215	172	187	197	186	168	180	194	163	171	188	174	188	174	166	146	186	170	176	147	188	201	198	189	189	173	160	158	179	169	182	195	170	179	180	203	177.25	31
20	175	163	196	151	168	131	127	172	189	159	188	175	215	170	179	182	186	164	179	183	162	171	188	173	187	168	162	146	179	169	168	143	188	194	197	185	188	173	148	157	173	158	182	191	166	179	166	203	173.25	30
21	163	146	185	138	166	117	127	172	176	159	180	164	209	161	178	182	185	153	179	183	162	171	176	173	187	160	162	146	171	169	168	142	187	182	193	185	187	172	141	149	173	158	174	182	147	175	166	198	168.3125	29
22	155	146	180	137	159	117	127	161	176	151	180	154	204	159	178	178	185	152	172	176	153	167	176	164	179	159	161	146	171	169	168	142	187	182	179	185	171	172	141	149	173	151	174	170	146	173	153	187	164.47916666666666	28
23	143	136	180	127	155	103	127	154	176	150	170	142	204	151	166	170	185	150	172	176	142	161	174	163	178	158	158	140	162	161	167	128	178	175	168	185	171	167	133	149	173	151	174	166	131	172	153	177	159.41666666666666	27
24	129	136	180	127	142	102	127	153	175	150	158	128	196	142	161	167	175	150	172	176	137	153	157	163	171	158	154	139	159	149	159	127	163	175	160	183	156	167	124	149	173	142	173	164	114	158	153	173	154.14583333333334	26
25	122	132	172	127	141	102	126	153	169	149	155	128	188	139	161	167	161	150	163	162	128	150	154	163	166	150	152	133	159	140	155	121	162	166	160	172	145	167	117	149	173	141	173	164	100	146	152	166	149.8125	25
26	119	129	157	115	130	100	126	153	169	148	155	126	181	129	155	152	160	139	162	162	128	138	147	163	165	149	152	127	156	133	151	109	155	166	147	169	145	160	105	146	173	141	165	156	100	146	138	166	145.0625	24
27	119	124	147	115	130	85	121	148	167	147	155	126	172	111	155	152	160	139	152	155	128	138	138	161	147	149	147	126	152	133	135	95	151	158	145	169	144	152	93	146	157	139	163	153	100	139	138	158	140.29166666666666	23
28	118	124	137	115	124	78	109	148	154	147	144	125	166	110	155	152	153	139	151	153	128	120	137	147	138	141	147	126	152	121	127	82	143	158	138	166	135	151	84	146	157	139	163	153	100	138	137	158	136.125	22
29	109	123	134	100	123	70	109	145	153	147	137	116	161	110	147	152	152	139	150	152	127	120	137	136	133	126	142	105	152	119	127	82	130	148	136	152	128	140	74	135	155	139	154	141	100	135	125	149	130.75	21
30	108	123	133	93	123	70	109	145	149	143	136	112	150	110	143	148	147	139	143	144	126	112	137	136	133	126	125	105	152	104	113	82	126	148	136	139	125	132	62	124	154	139	154	135	90	134	125	149	126.89583333333333	20
31	95	119	127	82	123	70	109	145	149	143	120	112	149	100	130	139	134	130	138	144	114	104	124	127	131	119	122	105	150	96	113	82	126	141	127	134	122	132	62	113	141	129	147	124	90	125	114	137	121.02083333333333	19
32	91	119	121	78	113	61	109	141	136	143	120	110	148	99	115	130	131	118	136	143	114	104	116	126	131	119	122	103	148	95	113	79	118	141	115	127	117	130	62	112	141	127	138	123	90	117	114	123	117.22916666666667	18
33	68	119	120	69	113	61	101	140	136	133	119	98	136	99	114	130	131	110	128	143	108	99	111	113	121	119	107	99	148	95	99	79	115	130	115	127	103	116	61	106	132	127	126	122	78	117	113	123	112.02083333333333	17
34	68	119	120	66	106	60	87	132	121	121	113	90	118	99	104	122	115	97	110	142	99	99	110	110	114	107	107	99	135	84	99	68	97	130	115	127	101	115	59	106	123	111	111	122	77	114	113	121	105.89583333333333	16
35	68	119	109	64	101	46	80	132	120	112	108	83	118	97	104	122	108	97	110	142	96	86	110	110	113	107	97	99	128	84	92	68	87	122	111	125	93	103	59	106	119	94	104	111	72	107	111	111	101.35416666666667	15
36	66	119	100	64	98	46	79	123	120	112	93	83	118	82	104	122	107	97	110	133	88	83	95	105	102	107	92	90	116	84	86	68	72	120	110	115	79	83	59	91	118	93	85	96	72	107	99	109	95.83333333333333	14
37	60	119	94	63	98	41	79	123	110	112	81	82	107	82	104	109	107	97	110	120	82	83	95	105	85	105	82	86	103	84	86	62	71	105	104	115	79	72	59	69	106	80	83	95	63	97	89	98	90.4375	13
38	60	118	79	47	98	41	79	123	110	99	81	77	94	72	104	109	92	87	110	119	82	79	94	83	75	105	71	82	101	75	67	60	55	98	104	115	76	71	59	69	104	65	83	87	52	97	89	78	84.89583333333333	12
39	60	107	58	47	98	32	68	110	99	95	79	66	94	71	100	93	92	83	100	101	82	79	94	83	75	101	50	77	94	60	51	47	55	97	100	100	72	56	59	59	94	65	82	84	41	84	84	77	78.22916666666667	11
40	56	104	58	42	86	31	58	108	85	93	79	66	91	54	80	73	90	81	93	92	71	79	84	69	75	94	42	63	75	49	51	38	49	97	100	99	65	41	57	46	86	60	82	84	40	82	75	67	71.66666666666667	10
41	43	87	57	40	84	31	43	100	85	70	70	66	90	52	79	67	75	81	90	92	64	70	69	62	61	94	42	62	63	49	51	36	46	97	87	99	53	41	57	41	74	60	79	81	39	68	73	67	66.39583333333333	9
42	31	87	49	40	84	30	41	79	76	57	60	49	70	46	76	49	66	76	75	74	52	59	68	61	55	79	41	62	62	48	40	36	37	80	81	84	38	36	56	36	74	41	70	73	39	68	65	55	58.5625	8
43	25	81	40	40	83	19	35	76	55	57	49	47	66	30	71	48	61	76	64	60	52	48	58	60	41	78	40	47	62	32	40	28	36	66	78	73	38	36	56	35	72	36	55	57	39	55	64	34	52.0625	7
44	11	61	40	40	83	5	35	70	50	47	33	47	66	30	71	32	50	71	48	55	49	40	46	44	41	65	39	34	46	32	39	25	28	66	72	64	38	17	40	34	69	36	43	57	38	50	64	29	45.625	6
45	1	59	40	29	71	5	35	51	30	32	33	46	51	18	55	32	34	58	48	55	49	40	46	34	39	56	24	33	26	26	27	24	28	47	56	64	38	17	39	34	51	35	37	47	38	36	45	29	38.5	5
46	1	43	21	29	55	1	35	36	17	16	27	31	51	9	54	20	19	42	37	31	31	24	27	32	37	45	3	17	26	22	27	22	28	46	45	49	24	16	39	19	35	34	37	36	36	36	28	14	29.375	4
47	0	22	15	16	39	1	33	24	17	16	21	20	33	9	44	5	8	30	36	16	17	23	27	29	37	27	2	14	17	22	27	20	28	40	23	38	24	16	39	3	21	28	37	36	33	36	26	14	23.104166666666668	3
48	0	6	1	15	39	0	29	24	17	13	21	9	32	9	27	5	2	18	34	16	15	3	10	16	37	27	0	14	16	11	21	18	14	16	21	24	18	16	38	1	4	12	16	35	12	12	15	14	16.104166666666668	2
49	0	0	1	3	24	0	24	15	1	1	0	9	20	0	21	4	2	9	14	16	0	1	0	16	16	16	0	0	16	2	0	18	14	16	0	0	18	16	14	0	0	12	16	21	12	0	1	14	8.395833333333334	1
50	0	0	0	0	0	0	0	0	0	0	0	0	0	0	0	0	0	0	0	0	0	0	0	0	0	0	0	0	0	0	0	0	0	0	0	0	0	0	0	0	0	0	0	0	0	0	0	0	0.0	0

