51.16219008264464
51.891913790309516
52.773726570518
53.34393399232972
53.78889158969373
53.07064630259819
54.86381191595095
53.7958124020958
56.2229919516016
54.70480203100524
54.39674147896073
54.783294171663144
55.53833792470157
54.474052017501215
54.93318884027442
56.04592043428942
55.814832820180406
55.83812726192405
55.269101442229804
55.53529951925673
54.716786852482045
54.02183600713013
54.15907065305462
54.49548965591745
54.443161562145534
55.54846594285095
54.43320234429863
55.80436720142602
55.913749797439635
55.721486252903354
54.96678010046996
56.34334656727705
56.37086101658295
56.4317979257819
56.599079025549614
58.34413655269268
56.04541403338194
56.37001701507051
57.24760978771673
56.44513314967862
56.44108194241886
56.30350969588939
55.21187813968563
57.701682601415236
57.122359963269055
56.783746556473844
57.06429265921245
56.15243342516067
55.44397855560958
55.72806946470046
56.82324582725654
55.03244341813861
56.136734997029116
55.85163128612324
55.905309782315115
56.37035461567547
55.438239345324924
57.21081132177388
56.47501080321936
57.316649111435204
57.363237994922486
57.435146923783286
58.48356560254957
56.20357991681523
57.267528223410565
56.47045319505213
57.00555015394585
57.526299087127974
56.883507535245535
57.47177658942366
58.180062658672284
57.80431318532925
57.93040701128936
55.485672230324646
56.004564360179344
56.33423135094257
55.77229514395291
55.94717225733269
57.06851266677471
56.23750877761575
57.79840517474207
57.38923324150598
57.11324474693459
58.62704585966617
56.23683357640578
55.64940852374007
56.073266083292815
56.4572867714579
56.514172473397075
56.26350402419921
57.4415613352779
56.25557040998219
57.113919948144535
57.04386782261114
57.47768460001079
56.90629557608167
56.430785123966956
57.55178793280399
56.706942418840825
56.508939664019884
56.99997974396371

