49.44049341047895
51.27755678774242
53.864312118289945
53.23449051751847
53.39269929283187
53.24252651880423
55.08427756348442
55.57330172506161
55.4075591985428
55.380939944283725
55.73787233472625
53.91386745955212
54.887395531983294
54.5945837351334
54.9809814636237
54.68917416693453
55.519728383156554
55.466824708025285
55.70857441337193
55.01496705239474
55.871805689488916
56.330862262937984
57.64223722275796
56.212331243973004
57.297526250937516
54.94498687453121
56.72646790956822
56.164617486338784
56.41406835958427
55.64244481945783
54.986171381120755
56.629031393978345
54.92623620486445
56.79745258759241
56.02834029786777
55.92136103075111
56.577299635701294
56.44822136504877
56.628194310511105
56.38594235508412
56.639243812279005
55.650313404050145
55.83480660023572
57.08842280081431
58.46709927140257
57.22319323904426
55.99184345869496
56.001888460302176
55.79161309332478
56.55704221579341
56.98579636772742
57.00538412086146
56.270759669988216
54.9364486231651
55.49595521268614
56.27578217079182
57.115042055073395
56.55871638272797
56.78774241937211
57.20979990356798
56.68394406943106
55.59657264545162
57.27090699667844
56.53477579556413
54.972610628951024
57.16208614593376
56.65966864888031
58.72123781206472
56.92452185792353
57.36733901210758
57.23122924033003
57.16844798028501
57.04958212793315
55.89457435979857
55.378093860495014
56.160264652309
55.71610816457731
55.55806680595736
56.34860843244404
55.972255705560904
56.96085128040288
56.67507098467803
57.04556412729025
56.56474338369226
56.553359048537445
58.798919157827065
55.298068681024326
56.64192247937425
54.987343297974924
55.36285894139077
56.30491267545269
57.10415996999893
56.00724579449267
57.02681345762348
56.99383236901318
55.99686595949856
54.32721927568842
55.68463382620807
55.98682095789135
55.97660853959072
55.155764491589

