48.90579875360996
54.807341541267675
57.41526067791457
58.16233470132239
59.93331053351573
61.51409788721689
62.33508131934946
62.48993008055936
61.20953032375741
62.97955616355069
62.72894816841463
63.21686426508587
62.428370573035416
62.49297005623957
62.55775953792371
63.543281653746774
61.65469676242591
63.09830521355829
62.08466332269341
62.69322845417238
62.78537771697826
61.67578659370726
62.49069007447942
62.15496276029793
62.915906672746594
61.81106551147594
62.256991944064445
62.90526675786594
63.60104119167046
63.852219182246536
63.254103967168284
62.08884328925368
62.03165374677005
62.66662866697066
63.9407584739322
63.12870497036022
64.14652682778538
62.436920504635964
64.27382580939354
62.382200942392465
64.49194406444747
62.578659370725035
63.60864113087096
63.47374221006233
62.543509651922804
63.345873233014125
63.255243958048325
62.77150782793738
62.888926888584905
63.759689922480625
63.669440644474825
63.08500531995743
61.87091503267974
62.95162638698891
62.57238942088461
64.74977200182398
62.353131174950605
65.02849977200184
63.48153214774281
63.22826417388659
65.2298981608147
63.159484724122215
62.54008967928253
64.42354461164314
63.90465876272988
64.07223742210064
64.19269645842833
64.30935552515581
64.04753761969903
63.350813193494474
64.43608451132391
65.72142422860617
62.498480012159895
63.82561939504485
62.52279981760144
63.30312357501139
64.44159446724427
63.11179510563916
62.07307341541266
61.8391852865177
64.31011551907586
61.0434716522268
64.0671074631403
62.199802401580804
65.54130566955463
64.562433500532
62.17092263261893
63.727580179358554
64.25273597811218
63.859439124487
64.02435780513757
64.41404468764252
62.24787201702385
61.85324517403862
64.56376348989208
63.72701018391853
63.03541571667428
62.620269037847706
64.45242438060495
64.63463292293662
62.37897096823228

