49.94277669745586
51.64850375411872
52.56458299573272
52.66366877329444
53.846114892237885
53.7433155080214
52.58348862961163
53.97507832334036
55.09051072219522
56.55502214659971
55.83576405768918
56.43956273969643
54.968974504402304
55.97823151299085
55.4826338248798
55.27568465402689
56.17792227083669
54.90955679792579
56.46555798627995
56.036805217954964
55.72908226651542
56.58506860044293
56.50691406039001
55.95561227245719
55.98785313023279
55.90024577324043
56.31954572462594
57.13231918111597
55.766218333063264
56.924019607843135
55.47841381731756
56.87928752768327
57.42991411440607
54.86279911413602
54.89470237130666
54.91276400367309
56.70846162156323
57.18346567277048
56.128126181602134
56.64921271538918
56.81294900880464
56.834217846918364
56.21404553556961
55.05641306109222
56.25135040241992
56.71183762761303
56.65849673202615
56.95136525684652
57.753504294279686
56.2483119969751
56.678752768324955
56.840969859017996
57.302638686328535
56.81953222060175
56.184336682331335
55.870368119699684
56.45526116782803
56.34959217846919
56.40850348403825
56.72010884243506
56.70863042186573
55.96067628153192
55.586783611516225
56.68314157618972
57.98644871171611
56.082718900232265
55.36498001404423
56.13369659158431
56.192439096850855
57.21570653054611
57.759918705774325
56.87641792254091
56.78712256252365
58.09262410198238
56.73563847026413
56.49239723437586
55.623075676551615
55.84217846918384
57.62167125803488
56.33997056122724
56.477205207151705
56.832529843893475
57.503342245989295
56.63131988332524
56.76973613136713
56.75656970777291
56.319376924323436
56.86932830983634
57.04386782261116
56.81700021606439
57.144810403500244
56.941574839302135
56.80012018581538
56.42926592124452
57.659988926700166
57.4368349268082
57.00369335061849
57.10953114027979
57.71754982984929
57.30685869389078
57.768358720898824

