50.226320969978985
51.8315679387947
53.20131649590628
53.820091942194956
54.72380430405798
55.57895060623685
55.55887320477838
55.49012348440788
56.45266990291265
56.49972596304414
57.393886179589224
57.407934768019345
57.47799315466874
57.29351035747844
57.55186009574517
57.45031542212875
56.73207574605159
56.635424589503835
57.22065567536128
57.30349872488929
57.453391347143324
57.62300903762696
57.63806429242532
58.267141291217406
58.626940629054566
58.02104491969043
57.59978300747167
58.34531452731425
58.48168985727706
58.4580667531654
59.53889646995657
59.106315153684406
58.358115967965674
57.86839515010516
58.11822177978615
58.78245380519888
58.47415104469604
58.37027985325043
57.729995302223635
58.09395552771688
58.78798487763416
58.3406558990649
58.36884814997091
57.99262896514706
58.482042190506036
57.91730795042728
58.20758019775404
58.97976041340427
59.268444364905356
59.08721645563955
59.14423851281825

