49.95800149328023
51.35743321718932
52.598895249156556
53.189294010287036
53.67340025441072
53.285043692273646
54.06659615065538
54.28073668491786
54.485717051048056
53.47083955533434
55.30632984901278
53.93472429622255
54.32653752557934
53.89721945688842
54.57541756540015
54.2816008517228
54.88530778164925
55.472595542281965
54.38789336872959
55.820509097948126
56.72511890935233
54.54603589403241
54.27831701786404
54.39394253636416
55.757597754548996
56.33105884630275
56.20748299319727
54.6953639179249
55.53308721862729
54.36819036557712
55.10342348321442
54.670821580664764
54.37406669985067
56.903482937890615
55.66755157347495
55.352130689674226
55.96672612134286
55.92161661412533
55.21196283391405
55.39585753000388
57.471413362092804
56.00474946075992
56.769537083125954
56.903482937890594
55.999564459930305
57.019108456390676
55.32153918477959
55.104806150102306
56.392241856091985
56.247061832863245
55.12865715391847
56.46102953376473
57.413859852884265
54.68516674962667
56.732205077152805
56.3199975111996
56.781808251756
57.05263812842212
56.192792157513416
57.09100713456113
56.91903794037941
56.8155107571484
55.244109839057565
56.08096897295505
57.02584895746917
56.57337121840607
56.546754880814106
57.92337260107294
57.50079503346055
56.253283833858745
56.23721033128698
55.8469526021791
56.62297439300925
56.71181074055638
56.05210580167025
55.78818925944361
57.691948730711786
55.52928488468558
56.531199878325324
56.48384353741497
55.50405121398152
55.38704302859357
55.07577014545657
55.74031441845029
56.006823461091756
56.02255129694152
55.99818179304242
58.404540678059846
57.287000165920034
56.86908909905425
57.83937558763345
56.185014656269026
57.85700459045409
56.56490238371771
56.63369006139041
56.844546761794156
56.456881533101054
56.80099275482551
55.9738122891433
56.198322825064984
56.42058652729385

