49.15620915032679
56.810457516339866
59.129575163398684
60.80866013071895
60.84395424836602
61.930882352941175
61.40392156862745
61.683169934640524
63.35669934640524
63.672385620915016
60.783333333333346
61.94934640522875
62.433660130718934
62.51323529411766
62.29493464052287
62.14607843137255
62.23937908496732
63.15506535947715
63.79656862745097
62.39297385620915
62.20833333333332
61.854411764705894
63.9047385620915
63.07957516339868
63.13431372549017
62.43104575163399
63.61601307189544
64.00980392156863
63.33039215686276
62.816830065359454
62.80212418300653
62.45473856209149
62.47777777777779
61.49313725490197
62.70964052287581
62.729575163398685
62.94803921568627
63.99575163398694
62.458496732026134
64.7187908496732
62.92696078431372
64.13562091503269
63.698366013071904
63.539869281045725
63.00277777777777
61.99967320261436
61.86928104575162
64.45718954248365
63.94264705882353
64.44656862745099
64.13709150326797
62.53382352941177
63.31372549019606
63.88137254901959
63.356045751634014
63.525816993464055
63.35359477124184
63.12042483660129
64.23316993464051
64.08120915032679
63.51225490196079
62.850163398692786
62.30996732026143
63.038398692810446
63.73022875816995
63.340359477124174
63.562745098039194
63.71617647058824
63.65767973856209
63.26650326797386
62.96977124183009
64.26666666666667
64.31094771241833
64.10980392156866
63.594607843137254
63.19346405228758
63.654084967320266
63.52990196078431
63.956372549019605
63.91813725490195
63.83431372549019
63.927450980392166
63.40522875816992
62.215196078431354
63.468790849673205
63.97973856209151
63.49885620915029
64.28153594771241
63.23823529411763
62.910294117647055
63.984150326797376
64.04215686274509
63.52173202614376
62.35702614379085
63.19150326797386
63.696568627450965
63.69542483660132
63.59575163398693
62.582679738562085
63.48300653594771
63.716830065359446

