50.11944444444444
56.98333333333334
59.78174603174604
61.00436507936507
61.86944444444444
63.16865079365079
62.5952380952381
63.90039682539685
64.4015873015873
65.18134920634918
65.5579365079365
65.92857142857143
64.63809523809525
63.17499999999999
60.78690476190476
65.45714285714286
65.16388888888889
64.68452380952382
65.0845238095238
64.80833333333335
66.64880952380952
66.95912698412698
65.36269841269842
64.75119047619049
65.20357142857142
64.29484126984129
65.99761904761905
66.08174603174604
66.00476190476192
66.27261904761906
64.82857142857145
65.11031746031748
64.54722222222222
64.96309523809524
65.77658730158731
65.39126984126983
65.4968253968254
65.42380952380954
67.24880952380953
65.35000000000001
63.747222222222234
65.77896825396823
65.875
63.71865079365083
65.07023809523811
65.62976190476189
66.86031746031746
66.12619047619047
66.92499999999998
67.39920634920635
66.34563492063491

