48.90924865881313
55.94339361760964
57.42803218848517
59.28011448481831
59.648249543719935
59.72965405674465
61.534898512250436
59.85755074387477
60.638239035451555
61.18007162214477
61.02953376472541
61.33130081300815
62.375041480006644
61.91858857364082
62.137568442010945
62.63964935567724
62.69322769758311
62.060484763010884
62.1925294508047
63.13792793540182
62.508468834688344
62.378152480504376
62.71846136828715
62.70722719982302
62.71206653393067
62.53162850506057
62.45610032630937
62.2028994524639
62.40494165145732
62.669031027044944
62.15346911122174
62.871418892760346
62.7889773795697
62.177492948398886
62.625649853437295
62.516246335932756
62.30504396880704
63.433818649411
62.49118549858969
61.98219125048395
62.02107875670592
62.88870222885902
63.1534829378906
63.818545710967314
63.32925446601404
62.79744621425806
62.933811736076564
62.46197666058293
63.06464659034344
63.278095791161995
63.06844892428516
64.211568773851
63.223653282451195
62.014683922349434
62.58814501410319
64.32857695923899
64.03251341186882
62.387658315358664
63.175259941374925
63.05686908909905
62.940033737072056
62.27860046457606
64.26186328189812
62.93294756927161
62.5100243349372
64.99018306509595
63.812669376693776
64.32356479177037
63.16834660693546
63.83496488026105
62.933638902715536
62.884554228195334
62.28274846523977
62.267884796194906
62.78828604612576
62.865542558486794
63.27446629058128
64.1351764282949
62.89423289641061
62.019523256457056
62.77912587799347
63.175951274818885
63.47685415629667
62.28776063270837
63.46337315413968
62.62219318621759
62.91030639898235
63.145186936563235
63.21362894751397
63.03612908578068
63.63879901554117
63.12237293291302
63.49137215861954
62.71984403517503
63.843088048227436
63.72521569603453
61.93379790940766
62.673524694430604
62.92966373541285
62.89164039599581
62.44642165809413

