50.11288085544267
52.65857232338595
53.65126839962422
54.20657912397658
54.60608585745611
55.12109637152709
55.66941076461903
55.23294819023762
56.113093373898295
56.2253198962015
56.35812156055658
56.749245000223695
57.42037828285089
57.18323005682077
56.18718961120306
57.02125184555502
56.82041631246925
56.967512639255546
57.045719430897925
56.9040926580466
57.131616035076796
57.76022884882109
57.9689723054897
58.385609145004615
57.79927631873293
57.660887656033296
58.560836204196754
58.048582837456955
58.0004641850476
58.21170752986442
58.63232070153457
58.05572457608164
58.69704375643151
58.93986846226117
58.989748780815155
58.916088765603305
58.979391302402576
59.197021386067775
58.82623260704217
58.13643125587221
58.240050780725674
59.005844257527606
59.065192832535494
58.88332177531207
59.00897610845155
59.286698581718944
59.1498590667084
59.132963849492214
58.9362947966534
58.65900295288805
59.17409176323207

