# Extinction sequence for 721 applications  and 247 platforms.
# This is the data and average for 50 different extinction sequences.
0	721	721	721	721	721	721	721	721	721	721	721	721	721	721	721	721	721	721	721	721	721	721	721	721	721	721	721	721	721	721	721	721	721	721	721	721	721	721	721	721	721	721	721	721	721	721	721	721	721	721	721.0	247
1	721	721	720	721	721	721	721	715	719	721	721	721	716	718	716	717	721	721	721	721	721	721	721	714	721	721	720	721	721	721	721	717	721	721	721	714	712	720	716	721	720	721	721	721	721	712	714	721	721	717	719.38	246
2	716	712	720	720	720	717	721	715	719	713	721	721	716	713	715	717	721	721	721	715	721	720	721	706	713	721	719	720	721	716	721	717	721	721	720	714	712	720	712	720	720	721	713	721	716	712	714	721	721	717	717.72	245
3	713	705	720	717	720	717	721	711	719	712	721	721	712	704	715	717	720	721	721	715	713	720	721	706	713	721	718	719	721	713	717	709	719	720	719	714	707	718	702	719	720	714	711	721	709	712	714	716	721	717	715.72	244
4	711	704	720	717	720	717	721	709	718	707	717	721	712	704	715	717	720	721	721	709	713	717	721	706	713	721	718	711	720	711	715	705	718	716	714	714	704	713	696	719	716	714	710	721	709	712	709	708	721	710	713.92	243
5	711	704	719	714	720	717	721	709	717	703	715	721	709	702	708	713	720	721	716	707	708	717	721	697	713	721	718	711	720	711	713	705	718	716	711	709	704	713	696	719	716	714	709	715	704	712	708	701	713	710	712.2	242
6	704	704	719	714	716	712	720	708	717	698	715	716	709	696	707	713	719	721	716	707	708	710	721	697	713	721	717	704	720	711	713	705	713	716	707	709	704	704	696	719	716	713	709	715	703	708	705	701	711	710	710.6	241
7	700	704	719	714	713	704	716	708	710	694	715	716	709	696	707	709	716	721	715	707	704	707	721	697	713	721	717	699	716	711	707	704	713	716	705	699	699	698	691	719	716	713	704	715	703	708	705	700	705	710	708.58	240
8	699	704	714	714	710	697	713	705	709	694	708	716	705	696	700	709	716	718	715	707	703	702	716	691	708	721	713	699	711	706	707	704	713	716	704	699	699	698	685	719	716	713	704	715	702	700	705	700	704	710	706.64	239
9	696	703	705	714	710	697	713	705	709	689	703	706	702	696	696	709	716	718	715	703	696	692	716	691	704	716	713	699	711	705	706	702	713	711	704	699	697	693	685	719	716	712	698	715	697	695	705	700	704	710	704.58	238
10	696	703	705	714	706	690	713	705	707	688	702	703	694	694	691	700	715	718	715	701	696	692	716	691	704	708	704	699	710	705	706	702	713	711	704	693	690	693	679	719	716	710	690	715	697	690	702	700	704	706	702.5	237
11	696	701	705	714	706	690	713	705	703	688	702	703	687	691	687	700	715	718	715	701	696	692	716	686	695	708	703	699	710	705	705	702	713	711	704	693	690	689	675	714	713	710	684	715	697	690	702	699	701	706	701.26	236
12	692	701	704	713	702	690	713	705	703	688	701	702	687	691	683	692	715	718	711	699	696	691	715	686	695	708	703	699	710	705	704	702	713	711	701	688	690	685	675	714	713	710	683	711	697	689	695	699	701	706	700.1	235
13	687	699	704	709	702	681	713	701	696	685	700	693	687	691	683	687	715	718	710	699	696	684	715	683	694	703	701	694	710	705	704	702	713	708	701	688	690	685	674	714	709	709	683	711	697	687	691	699	701	702	698.26	234
14	687	699	704	709	702	681	709	701	694	678	700	693	687	691	683	687	709	718	705	699	690	682	715	678	694	703	692	694	710	705	704	701	704	708	701	688	690	685	674	713	708	709	683	711	697	687	685	693	701	702	696.86	233
15	685	699	704	704	697	681	709	698	694	670	693	687	686	690	683	682	702	718	705	693	690	682	712	678	694	696	692	694	703	700	704	696	697	698	701	684	690	685	674	708	708	709	683	711	697	686	684	693	693	698	694.4	232
16	680	699	704	704	687	681	709	698	689	670	689	687	685	686	679	676	702	718	700	693	689	681	708	677	693	696	692	694	700	700	704	696	690	698	694	684	690	685	674	705	708	707	675	711	691	686	684	693	693	693	692.54	231
17	675	699	704	704	687	681	709	698	686	669	681	687	685	686	673	676	698	714	696	693	685	681	703	677	693	695	691	689	692	700	704	695	690	696	694	684	690	685	674	698	707	704	674	711	691	686	684	688	693	688	690.86	230
18	675	693	704	700	687	676	709	698	686	661	681	687	685	686	666	675	694	714	690	693	685	681	699	677	693	695	691	679	692	700	704	695	690	695	694	681	690	685	673	698	707	703	674	709	689	683	684	688	688	685	689.34	229
19	671	693	704	699	687	669	709	692	680	660	676	687	685	680	662	675	694	710	690	685	685	681	699	673	693	688	684	679	692	700	704	694	690	695	684	681	689	685	665	689	703	701	674	708	689	683	684	688	678	685	687.02	228
20	667	687	704	693	680	669	699	692	679	660	676	680	685	676	662	675	694	710	690	680	682	681	696	673	693	685	684	673	692	700	703	694	683	693	680	678	689	680	664	689	693	700	673	701	689	683	682	687	674	685	684.74	227
21	660	686	703	692	673	669	699	684	679	655	675	676	681	675	657	675	694	702	683	673	676	681	696	668	693	685	683	673	691	700	703	688	682	693	680	677	688	680	664	688	693	695	668	695	685	683	682	687	667	685	682.4	226
22	656	686	703	691	673	669	699	684	679	648	675	675	681	674	651	672	687	701	683	673	676	677	690	667	689	685	683	673	691	695	702	682	682	692	675	677	688	680	660	688	692	695	668	695	679	683	679	684	666	684	680.74	225
23	656	681	703	689	673	669	699	684	679	648	671	671	676	670	651	672	682	701	675	671	676	675	690	667	689	675	680	673	688	694	702	682	682	692	673	668	685	680	654	688	685	688	668	695	679	683	679	684	662	674	678.62	224
24	656	680	698	688	673	665	698	677	679	644	671	662	676	664	651	663	678	695	675	671	671	669	690	667	688	675	675	666	688	694	702	681	677	683	673	668	683	672	646	682	685	688	667	694	679	682	676	684	657	674	676.0	223
25	647	670	697	688	672	665	698	677	673	636	671	655	676	657	644	663	678	695	675	671	671	669	682	667	682	673	675	666	688	694	702	680	677	678	668	663	681	672	646	677	685	683	665	686	679	681	676	683	656	674	673.74	222
26	647	670	697	688	668	664	698	672	671	630	667	648	676	657	643	663	677	692	675	663	667	669	680	660	677	665	675	666	687	688	694	677	677	678	663	663	681	668	643	675	684	677	665	681	679	681	675	679	656	666	671.24	221
27	647	666	691	687	668	664	693	669	671	627	667	648	676	651	643	663	677	692	674	663	661	669	678	660	677	665	675	666	687	685	694	677	677	678	663	663	681	667	643	674	683	672	665	679	679	676	675	679	656	666	670.14	220
28	647	666	691	682	668	664	692	669	671	624	667	648	676	651	641	663	677	692	670	663	661	669	678	653	677	660	675	663	680	684	692	677	673	678	662	663	680	665	643	674	683	672	660	678	679	671	675	671	656	664	668.76	219
29	646	665	690	669	668	664	691	669	671	621	660	648	676	651	635	658	676	692	663	663	661	669	678	652	677	660	672	658	675	684	688	673	667	677	657	663	680	665	643	674	674	672	654	678	679	664	671	671	656	662	666.6	218
30	646	662	690	669	668	658	691	667	671	620	660	642	675	646	635	655	676	683	663	663	660	669	678	652	677	659	672	658	675	684	688	668	666	677	657	663	680	665	643	664	674	672	654	678	679	658	671	671	645	657	665.08	217
31	642	653	690	669	668	655	691	667	671	619	660	633	675	641	626	655	676	681	662	662	660	665	674	652	674	659	671	657	673	683	688	668	658	677	657	663	675	665	643	658	674	672	649	678	679	658	664	671	639	655	663.1	216
32	642	647	686	669	668	655	683	667	664	619	659	633	675	637	626	651	675	676	662	662	657	665	668	652	673	659	669	653	673	683	688	668	658	676	657	663	670	664	643	658	674	671	649	676	679	658	664	671	639	655	661.78	215
33	642	647	686	664	663	654	681	667	662	614	659	633	674	632	625	651	667	676	662	662	657	664	668	648	673	659	668	653	667	683	688	659	658	675	655	662	670	664	643	658	674	671	649	676	679	651	664	671	638	651	660.34	214
34	642	647	686	664	661	654	681	667	662	614	649	628	671	631	620	649	667	670	656	655	657	659	659	647	673	659	668	653	667	682	688	655	658	671	655	662	670	664	643	658	673	671	644	676	679	646	664	671	631	651	658.56	213
35	642	647	681	657	660	644	675	666	658	613	649	628	671	631	620	649	666	668	656	652	652	654	659	643	670	652	668	653	666	682	683	655	658	663	655	662	669	663	641	658	673	671	644	672	668	646	664	662	631	642	656.24	212
36	642	637	671	657	659	644	675	666	658	613	649	628	670	622	614	644	665	667	652	650	650	654	658	643	665	650	666	647	660	674	683	655	651	656	654	662	669	663	640	652	665	671	644	672	668	644	663	655	625	642	653.68	211
37	641	637	671	648	659	644	675	665	657	613	649	627	670	620	613	644	658	661	652	650	650	649	658	643	665	650	666	647	660	673	676	655	651	655	654	659	669	662	637	652	665	671	644	672	668	635	663	655	625	642	652.5	210
38	641	631	668	648	651	643	668	665	656	613	641	627	670	620	599	644	651	655	652	650	645	649	658	643	665	649	658	646	660	673	676	655	651	648	649	658	662	662	637	652	665	671	636	672	660	626	663	655	625	637	649.98	209
39	641	631	668	646	651	642	668	665	649	613	641	619	664	620	599	644	646	655	649	649	645	649	656	641	665	642	658	637	660	673	676	648	651	645	648	651	662	662	637	652	665	665	636	661	660	626	663	654	625	629	648.04	208
40	641	624	668	646	646	642	668	665	649	613	641	619	664	620	597	639	645	655	649	645	636	649	656	641	660	642	658	637	660	673	674	648	645	645	648	651	659	658	637	652	656	659	631	652	659	626	658	650	625	629	646.2	207
41	635	624	668	645	646	642	667	662	649	613	635	613	661	620	596	639	645	655	649	644	629	644	656	640	659	642	658	637	660	673	674	638	641	642	648	651	659	658	630	652	654	659	624	652	659	614	656	650	625	629	644.42	206
42	634	624	663	643	646	635	667	661	649	613	632	613	657	612	588	630	637	655	649	636	629	644	656	632	659	641	658	634	660	673	674	638	639	635	648	642	655	657	630	652	654	659	624	644	658	609	651	639	625	625	641.76	205
43	627	622	653	642	644	635	667	661	649	604	632	610	657	612	580	628	626	649	644	636	629	644	656	632	659	641	658	634	660	673	670	638	639	630	641	636	646	647	630	652	654	659	618	644	658	609	651	639	619	624	639.36	204
44	627	622	653	642	642	635	663	657	648	604	629	610	657	604	580	628	626	648	638	636	628	644	652	632	659	641	654	633	652	669	670	638	639	623	641	636	646	639	620	652	654	659	612	636	657	606	645	639	619	616	637.2	203
45	622	612	653	642	642	635	657	657	648	597	628	610	657	603	570	622	626	642	635	636	625	644	651	631	659	641	654	633	652	663	665	629	634	618	641	636	646	637	619	652	652	659	603	634	657	606	637	634	619	616	634.82	202
46	622	612	648	636	642	635	656	656	648	597	628	610	652	602	570	621	625	642	628	636	622	643	651	621	656	634	654	633	651	658	664	629	634	615	636	636	638	637	619	652	652	647	603	634	652	606	637	634	616	616	632.92	201
47	618	612	642	636	636	635	656	649	647	597	628	610	650	602	570	614	625	642	628	629	620	643	651	616	651	633	652	633	649	658	664	627	634	615	636	629	633	636	610	652	652	647	603	634	650	606	637	626	614	615	631.04	200
48	615	612	641	636	631	634	656	649	647	596	627	610	650	602	564	613	624	641	628	629	620	637	651	616	651	625	652	633	648	650	656	621	634	608	636	629	633	636	610	652	646	646	603	634	649	606	637	626	607	615	629.44	199
49	613	606	640	636	630	634	656	649	647	591	626	610	650	601	564	605	623	641	628	629	620	637	651	616	651	624	652	626	648	648	650	615	634	608	632	629	633	636	610	652	646	646	603	634	649	603	637	626	600	606	628.02	198
50	612	606	635	636	630	634	656	649	647	586	618	600	650	601	563	599	614	641	627	629	619	628	651	616	651	623	643	625	647	648	650	615	634	602	632	629	633	636	606	652	646	646	603	634	648	603	637	626	597	605	626.36	197
51	612	606	635	631	625	634	656	649	647	586	617	597	640	601	563	599	614	641	623	629	619	627	651	615	651	623	632	625	640	648	650	609	633	594	632	627	633	636	606	646	646	646	601	634	648	601	637	626	597	604	624.84	196
52	612	606	631	631	625	633	656	641	647	586	617	596	640	601	554	595	614	641	623	629	619	627	650	615	651	618	627	619	640	648	650	603	624	587	632	627	633	636	606	646	646	645	600	634	644	601	637	626	596	601	623.32	195
53	607	606	631	631	622	633	656	641	640	576	613	590	639	595	553	586	614	640	618	629	619	626	644	611	650	618	627	618	636	647	639	603	614	587	631	622	633	636	598	646	645	644	599	634	644	601	637	626	596	601	621.04	194
54	607	602	631	631	622	631	650	641	640	576	613	590	639	588	553	586	614	639	618	629	619	626	643	611	650	617	619	618	630	647	634	603	608	582	628	621	633	636	597	646	645	640	596	634	644	594	637	626	596	600	619.6	193
55	607	595	627	631	622	628	647	641	638	576	608	590	633	588	547	584	608	639	618	626	614	626	639	610	650	615	619	618	630	647	626	603	607	582	628	611	633	633	597	643	645	635	596	628	644	594	634	626	596	598	617.6	192
56	603	588	627	628	622	628	647	641	634	569	608	590	633	588	547	584	606	639	618	626	605	621	639	610	650	615	616	618	630	647	622	603	607	582	622	611	628	628	597	643	644	635	596	627	644	586	634	620	596	596	615.96	191
57	603	588	626	628	622	628	642	641	629	567	608	590	633	588	547	584	600	632	616	626	605	621	639	609	650	606	616	617	630	642	622	603	607	582	615	604	628	627	597	642	644	635	591	620	638	583	624	620	596	596	614.14	190
58	603	582	622	627	614	622	636	633	628	567	602	590	633	588	541	584	594	630	611	626	605	615	635	609	650	606	608	617	630	642	613	603	606	582	614	604	626	627	597	638	642	635	586	620	637	583	624	620	590	596	611.86	189
59	599	582	622	627	614	622	636	632	628	566	602	590	633	579	538	576	594	630	610	620	602	611	628	609	643	606	608	606	623	642	612	601	605	580	614	604	619	619	597	637	642	635	586	620	636	583	619	614	588	593	609.64	188
60	599	582	622	618	609	621	629	632	623	566	602	590	632	579	538	567	594	627	600	615	600	611	628	609	640	606	596	606	623	642	612	601	605	574	614	604	616	619	597	634	635	635	578	619	631	583	619	614	588	593	607.54	187
61	592	582	622	618	608	621	629	632	619	566	592	589	630	579	538	567	587	627	592	615	599	611	628	602	636	602	594	606	618	642	602	601	605	574	612	598	616	619	596	627	635	635	574	619	631	583	619	614	588	593	605.68	186
62	592	582	621	617	607	620	628	631	619	565	590	589	630	572	528	562	587	627	592	615	599	611	627	602	629	602	586	599	612	641	602	600	605	567	612	598	616	619	591	622	635	634	574	613	630	583	618	614	588	593	603.92	185
63	591	574	621	608	600	620	620	627	608	565	590	589	630	569	527	562	587	627	587	615	599	611	620	602	629	601	579	599	611	640	593	600	605	567	612	588	616	618	591	622	635	628	574	613	630	581	613	614	587	592	601.74	184
64	590	569	621	604	600	620	619	627	608	564	590	589	630	563	527	562	587	626	587	615	598	611	620	596	629	600	579	595	610	639	593	600	605	564	612	585	616	618	591	622	635	628	571	610	630	570	612	614	582	592	600.5	183
65	590	567	616	604	589	620	619	627	605	559	587	589	630	563	526	560	586	626	586	614	598	611	618	592	629	591	574	595	604	639	584	597	604	563	612	576	616	618	591	611	635	628	571	610	630	570	611	614	574	592	598.42	182
66	589	567	616	604	581	620	610	627	605	551	585	589	625	563	526	560	581	626	585	614	598	610	609	586	629	590	574	589	604	631	579	597	601	563	602	576	616	617	591	610	635	628	565	610	630	560	610	614	573	592	596.26	181
67	580	559	613	594	581	620	608	627	598	551	576	583	625	563	526	560	576	625	581	613	598	604	598	586	629	579	571	589	599	631	579	591	594	559	602	572	616	613	591	609	635	627	565	610	619	559	603	613	573	592	593.3	180
68	580	559	612	590	572	616	608	620	596	550	576	583	625	562	526	557	576	625	581	612	598	604	597	586	629	573	570	589	599	631	579	591	594	551	602	571	609	612	591	605	627	626	564	610	619	558	596	613	572	581	591.46	179
69	580	559	612	590	572	610	602	619	592	538	576	582	625	562	526	554	569	617	579	604	598	604	597	583	625	570	570	584	599	631	572	591	594	551	602	570	608	612	586	598	627	626	564	610	619	552	596	608	571	574	589.2	178
70	580	559	609	590	565	604	595	619	591	538	569	582	616	560	523	550	564	609	578	603	598	598	596	578	625	564	565	578	591	631	565	588	588	551	601	563	608	612	585	598	620	620	552	609	612	552	596	604	571	566	585.78	177
71	580	559	609	590	563	604	592	619	591	538	569	582	610	559	523	550	559	609	578	594	592	597	589	571	619	564	565	572	591	631	564	588	584	551	600	563	608	605	578	591	620	620	550	609	612	541	590	597	571	566	583.54	176
72	580	558	604	590	558	604	592	619	588	538	569	581	599	556	522	544	559	609	578	594	590	597	589	571	619	564	559	572	590	631	564	588	584	546	593	563	608	598	577	591	620	610	550	609	610	541	590	597	571	566	582.0	175
73	578	549	596	578	557	602	583	618	586	538	569	581	595	556	520	532	556	609	578	594	590	595	584	571	619	559	559	560	590	631	564	582	584	535	593	563	596	591	576	590	617	610	549	605	601	532	590	596	570	566	578.86	174
74	578	539	596	569	553	602	580	618	586	538	569	581	595	556	520	532	556	597	578	590	589	594	584	568	608	559	559	560	590	631	561	582	584	535	593	563	596	584	569	590	617	610	544	605	591	532	583	585	568	566	576.66	173
75	578	539	594	569	551	597	580	618	586	535	568	573	588	556	519	532	555	597	571	586	584	594	584	568	608	559	559	554	587	628	561	575	577	535	593	563	596	577	569	589	616	604	543	605	591	532	571	585	560	563	574.44	172
76	578	537	594	569	551	590	577	618	585	535	564	562	588	556	514	532	554	596	571	586	583	594	584	568	607	557	559	554	587	628	561	575	574	527	589	562	592	577	562	589	611	604	534	605	591	532	561	585	560	563	572.64	171
77	578	537	585	568	551	590	571	618	585	535	564	555	579	556	514	523	554	596	568	576	583	594	584	567	605	557	559	554	586	628	553	575	574	527	588	553	587	577	560	589	604	604	534	600	591	531	554	576	560	553	570.2	170
78	570	537	578	563	546	585	571	618	585	533	563	555	579	543	514	523	552	596	566	576	576	592	578	567	605	557	559	554	586	628	553	575	568	527	580	552	581	577	554	582	604	603	534	600	586	531	542	573	552	553	567.64	169
79	570	532	577	561	546	585	570	618	585	533	563	551	574	543	514	520	552	596	566	571	576	590	577	567	599	545	559	554	585	628	553	575	568	519	576	552	581	577	554	582	604	603	534	593	581	531	542	568	552	553	566.1	168
80	570	531	577	561	546	585	570	617	585	533	559	551	574	541	514	511	552	589	559	571	576	590	570	562	599	542	554	546	573	620	553	575	567	510	569	548	577	577	546	582	602	603	533	593	574	520	542	568	545	549	563.22	167
81	570	530	577	555	538	585	561	617	585	533	557	551	574	541	514	507	552	589	559	570	575	590	570	561	592	542	554	544	565	615	553	567	567	497	569	548	577	577	546	582	602	602	517	589	573	520	536	563	539	549	560.92	166
82	570	523	577	547	538	580	556	617	572	523	552	551	572	541	511	507	552	589	550	570	564	590	557	560	585	542	554	544	564	615	553	566	567	497	567	548	577	577	537	582	602	602	517	589	567	520	534	556	539	549	558.38	165
83	570	523	569	539	538	573	556	617	562	523	551	551	572	540	502	503	551	583	543	570	559	590	557	557	585	534	554	543	560	615	551	561	565	497	567	548	575	571	537	571	601	602	513	589	564	514	534	556	530	549	555.7	164
84	570	515	569	539	538	573	556	617	562	520	549	551	565	540	496	502	551	583	531	570	559	590	557	547	585	534	554	543	550	614	545	561	562	497	567	539	574	571	528	571	594	595	504	589	564	513	534	552	529	540	553.18	163
85	570	514	568	538	537	573	556	609	561	515	548	551	565	534	491	502	545	582	531	570	559	585	557	547	577	534	549	533	540	608	545	561	561	497	567	537	572	571	521	570	591	590	504	588	560	505	534	552	529	540	550.88	162
86	565	513	568	537	537	564	555	602	561	515	543	544	565	534	491	502	545	581	523	570	553	584	557	543	576	534	549	532	540	601	544	554	561	497	558	537	566	564	520	567	591	590	503	585	560	505	534	551	529	537	548.74	161
87	565	512	568	537	532	558	555	601	561	508	543	536	563	534	491	502	538	581	519	569	553	575	557	537	568	527	548	527	538	596	544	551	559	496	558	537	566	553	520	558	590	590	496	585	560	505	533	551	527	537	546.3	160
88	564	512	568	528	532	553	550	593	561	508	535	535	563	533	491	502	538	576	517	567	552	564	549	536	564	521	541	524	538	591	544	543	553	484	558	533	566	553	517	549	587	584	496	580	560	505	529	551	524	531	543.06	159
89	552	512	565	521	532	551	550	587	561	508	533	534	563	533	483	502	538	576	517	567	552	564	549	536	557	521	538	524	538	591	540	543	553	484	557	533	566	553	512	548	587	577	496	572	559	505	527	540	524	530	541.22	158
90	552	512	565	513	532	543	549	574	561	508	533	532	557	533	483	502	530	576	517	555	552	564	542	535	553	518	533	521	538	590	535	543	553	482	555	532	556	553	507	548	579	577	496	572	559	505	519	539	524	530	538.74	157
91	544	505	558	513	532	535	549	573	561	502	533	532	557	519	482	499	525	576	517	548	552	562	538	534	553	516	533	520	537	582	528	540	548	477	552	525	550	553	507	548	573	570	495	565	559	505	509	539	523	530	535.66	156
92	542	505	558	513	532	530	548	573	561	501	533	532	555	519	482	496	524	576	517	548	551	562	537	534	553	516	531	520	537	582	527	540	547	477	552	525	550	550	507	545	573	570	495	563	559	500	509	539	523	521	534.8	155
93	542	505	551	513	532	530	548	573	560	501	529	531	554	519	482	490	519	575	516	547	543	560	537	534	546	516	531	520	537	582	527	540	546	469	552	518	550	549	507	544	565	570	494	563	549	500	509	539	523	520	533.14	154
94	532	495	549	513	532	518	548	570	551	496	521	525	554	519	482	490	519	571	516	547	535	560	533	527	545	516	525	518	537	574	522	540	539	461	552	518	550	548	507	544	564	570	494	563	549	500	503	539	522	520	530.46	153
95	532	494	548	513	532	515	548	565	551	495	516	525	554	512	482	489	509	571	507	542	535	552	528	517	545	507	525	518	532	572	510	534	534	461	552	517	542	548	505	544	564	560	492	563	548	498	502	536	522	520	527.66	152
96	526	494	548	511	531	513	537	565	545	495	516	524	550	506	482	489	509	571	507	536	534	544	528	516	537	507	525	518	521	569	499	534	534	461	548	516	541	548	499	534	559	559	492	562	545	491	494	533	520	519	524.84	151
97	526	494	548	511	530	502	535	565	545	495	515	524	538	506	482	489	509	571	507	536	528	544	524	516	537	507	518	518	516	568	499	525	530	461	547	510	539	541	499	534	552	559	490	551	544	489	494	532	520	519	522.78	150
98	522	493	548	511	530	497	532	557	545	485	515	519	530	506	482	479	505	570	504	533	528	544	524	508	537	507	518	518	516	567	498	525	530	461	547	506	539	540	498	528	543	549	476	545	544	489	494	526	520	519	520.14	149
99	522	493	546	511	530	495	528	548	538	478	515	519	529	506	482	478	505	570	504	533	525	537	524	508	537	507	518	518	516	567	498	524	530	461	545	506	539	540	493	519	543	549	473	545	532	489	493	526	514	519	518.5	148
100	522	493	545	505	530	488	523	547	538	478	514	517	529	506	482	470	505	561	504	526	525	537	517	500	537	506	517	518	509	559	488	524	530	461	545	504	536	534	491	513	543	549	473	540	529	489	493	526	513	514	516.06	147
101	522	482	543	505	530	488	523	547	538	467	506	510	528	506	477	470	505	556	504	525	519	537	517	496	537	496	517	518	509	553	488	524	524	461	543	496	533	534	491	500	543	549	472	533	529	489	493	521	513	512	513.58	146
102	522	473	532	493	524	486	522	537	538	455	506	510	518	504	477	469	505	556	504	517	519	537	517	487	525	496	517	518	509	553	488	520	522	457	536	496	528	534	482	500	542	549	472	525	524	489	493	521	503	512	510.38	145
103	518	473	532	483	518	476	520	537	537	454	499	506	518	504	473	469	505	547	504	508	519	537	517	487	518	496	508	513	509	552	488	520	522	456	523	496	528	532	482	496	537	548	462	525	512	483	493	520	503	510	507.46	144
104	518	473	532	476	518	476	520	537	529	454	498	498	518	501	473	469	505	541	500	508	519	526	517	487	518	496	508	513	509	546	488	520	522	456	523	491	528	521	481	494	536	539	461	524	499	474	491	518	503	510	505.24	143
105	518	473	532	476	518	476	515	534	523	454	498	496	517	499	473	469	490	532	500	500	518	526	517	487	517	496	508	513	509	546	487	520	515	455	515	491	528	513	476	489	536	539	456	524	499	474	490	518	496	510	503.22	142
106	513	473	532	466	518	476	514	534	518	454	498	496	517	498	473	469	490	532	497	500	516	526	517	486	517	494	508	512	509	546	480	516	515	454	513	491	520	513	476	488	536	539	449	523	499	467	490	518	496	509	501.82	141
107	503	472	532	466	518	476	514	528	518	447	498	496	517	492	473	469	489	532	497	500	516	521	517	477	512	494	508	506	509	532	479	515	507	451	499	491	520	513	476	488	530	532	449	522	499	466	484	510	491	500	499.02	140
108	501	471	526	465	518	476	507	520	518	447	497	496	503	492	465	469	489	520	492	499	516	521	517	476	511	490	508	506	509	532	479	514	502	440	490	490	515	506	474	488	529	532	449	516	496	466	484	509	490	491	496.34	139
109	493	471	526	459	512	476	506	511	516	447	497	496	493	492	449	467	480	514	492	499	508	509	512	476	511	485	508	506	507	532	479	508	494	440	485	488	509	506	463	488	529	532	448	516	496	466	484	509	490	479	493.18	138
110	492	470	526	451	512	470	506	511	516	446	496	496	493	492	449	467	480	508	487	485	498	509	512	476	511	476	505	499	507	532	479	505	494	440	485	488	504	506	462	488	515	532	448	515	496	465	484	509	488	479	491.2	137
111	492	469	526	451	512	469	505	511	512	446	496	496	493	491	449	460	480	499	487	485	490	504	511	476	509	470	505	493	507	532	478	505	494	430	485	488	504	503	460	488	512	532	446	515	496	457	481	509	488	478	489.5	136
112	492	461	526	441	506	462	505	511	504	438	489	496	487	491	446	460	466	488	487	485	489	504	503	476	509	470	502	492	507	527	476	501	494	430	485	488	493	494	459	488	512	525	446	505	490	457	470	500	488	478	485.98	135
113	492	452	517	440	506	462	505	511	504	438	482	496	486	487	439	460	466	485	483	485	489	504	503	475	508	465	494	484	507	525	476	493	494	430	484	488	493	484	456	488	512	525	439	504	490	456	463	499	485	478	483.74	134
114	489	450	508	440	506	462	504	505	504	436	482	491	486	486	436	459	466	485	483	485	479	504	500	475	504	460	493	481	506	525	476	482	494	427	477	488	492	484	455	488	505	525	438	504	490	453	457	499	476	471	481.42	133
115	489	450	508	440	499	450	504	504	498	433	482	491	486	486	436	453	466	485	483	485	472	501	498	475	504	460	493	473	506	516	476	475	493	426	477	485	492	475	454	488	502	525	429	504	490	453	448	499	474	467	479.16	132
116	489	450	508	440	499	450	504	504	498	433	482	482	484	485	435	453	463	485	476	484	472	501	498	475	504	460	487	473	506	503	476	475	493	413	470	483	492	473	447	479	494	525	424	504	490	447	448	491	474	465	476.92	131
117	489	443	495	440	499	450	504	504	491	432	482	481	484	485	435	452	456	485	475	484	472	501	487	475	504	460	475	467	506	503	467	474	493	408	470	482	492	473	447	479	494	518	424	504	490	447	445	486	470	465	474.88	130
118	484	433	495	436	497	449	504	499	483	432	474	477	473	485	433	452	449	480	475	484	471	501	479	473	504	457	470	467	506	502	457	474	493	407	462	473	480	473	442	479	494	510	415	499	481	447	445	486	470	465	471.52	129
119	483	433	495	436	497	439	504	498	476	430	474	468	473	483	427	452	440	472	469	484	471	494	475	472	501	457	468	467	497	493	457	474	492	407	459	473	477	467	442	479	484	510	405	498	481	447	445	486	470	459	468.8	128
120	468	433	495	436	495	437	498	496	476	429	474	463	473	483	427	452	439	463	455	478	466	494	473	471	496	448	468	466	487	493	449	474	492	391	451	473	469	466	433	479	484	500	394	493	475	447	445	482	470	450	464.98	127
121	468	433	495	433	495	433	498	496	476	429	474	463	472	477	427	440	428	463	455	474	466	494	468	471	489	448	460	466	482	492	449	463	489	391	451	473	459	466	433	476	483	497	394	493	469	439	436	482	470	440	462.36	126
122	468	431	495	431	494	433	489	488	467	420	472	463	472	475	426	439	427	462	455	465	460	488	467	471	488	438	460	457	482	480	439	463	489	391	451	473	459	465	433	476	483	488	394	482	464	439	435	479	470	440	459.52	125
123	468	426	484	419	488	430	489	488	467	409	471	456	464	475	426	439	427	449	454	464	460	487	466	459	488	432	460	457	474	480	439	463	489	386	447	458	459	465	433	471	482	488	394	470	453	439	424	479	470	439	456.08	124
124	461	423	481	419	488	421	489	488	467	409	470	454	455	475	426	439	427	449	453	459	460	480	466	459	485	432	460	445	474	479	439	454	489	381	447	453	454	456	433	470	481	488	394	470	453	438	424	473	469	439	453.96	123
125	452	419	481	419	488	421	480	479	463	404	461	454	454	470	426	439	422	448	449	459	460	470	466	447	485	432	449	433	474	475	438	453	481	377	439	453	449	456	433	464	477	487	393	470	451	433	424	470	468	439	450.68	122
126	444	419	476	419	477	409	467	479	463	404	461	446	447	470	426	433	420	448	447	453	460	470	454	447	485	423	440	431	474	475	426	453	481	376	438	452	439	456	431	456	477	487	381	470	451	432	424	460	467	439	447.26	121
127	444	404	475	412	473	407	460	479	463	394	452	446	446	470	426	433	409	447	447	451	450	463	454	435	473	422	440	424	462	467	426	446	481	367	436	452	438	450	420	456	467	487	381	470	451	432	412	456	467	439	443.24	120
128	444	404	472	411	473	393	460	469	463	394	442	446	435	470	417	420	409	434	447	448	445	463	454	434	472	420	427	424	455	467	421	445	477	367	436	452	438	450	420	442	467	475	381	470	442	424	412	456	467	439	439.86	119
129	444	398	471	411	473	383	460	467	463	394	442	443	433	465	415	417	409	434	447	448	445	450	454	434	472	420	427	421	442	462	421	445	477	366	435	452	438	443	420	435	467	471	381	470	435	424	412	453	462	439	437.8	118
130	444	398	465	408	473	383	455	467	463	381	427	435	433	457	415	417	409	433	447	448	444	450	453	434	472	420	424	418	438	456	420	442	477	351	435	452	438	443	412	433	456	461	369	462	435	424	412	453	455	427	434.48	117
131	444	394	465	408	472	383	455	454	463	381	427	435	433	452	403	410	409	433	447	448	442	440	450	434	471	416	424	418	438	456	420	436	477	350	424	447	436	431	397	423	454	461	369	455	435	424	410	453	446	427	431.6	116
132	444	394	465	396	472	383	453	454	463	381	419	422	432	451	403	400	398	433	444	448	442	428	450	434	461	415	424	404	435	444	420	436	477	347	423	443	436	422	395	423	454	461	364	455	434	415	400	453	437	426	428.26	115
133	444	385	465	388	472	383	453	454	463	368	419	415	432	451	401	391	398	433	438	448	442	428	450	428	461	409	421	396	435	444	420	436	474	346	422	443	436	422	389	423	446	461	364	448	434	415	400	453	437	426	426.2	114
134	442	385	465	388	472	383	453	454	463	368	419	406	422	447	401	388	388	431	437	437	442	425	450	428	460	409	419	395	435	435	419	428	474	346	410	443	436	422	389	423	438	457	363	446	423	415	400	451	434	421	423.7	113
135	441	383	465	388	459	376	451	454	463	367	419	399	422	447	400	388	388	431	437	437	432	425	448	427	459	409	419	387	435	435	419	428	458	346	397	432	436	413	379	416	438	450	362	446	423	415	390	444	434	421	420.76	112
136	440	380	455	377	453	376	451	454	463	364	409	390	415	447	397	388	388	431	428	437	420	425	448	424	459	409	413	383	434	435	419	428	458	346	382	432	436	409	379	416	437	449	362	441	415	415	390	437	434	421	417.98	111
137	440	380	452	377	453	368	451	444	463	350	395	387	415	447	397	388	387	423	428	437	420	424	441	424	459	408	413	380	434	433	418	428	449	346	382	432	436	406	369	416	425	449	350	440	415	402	390	431	434	421	415.14	110
138	432	371	452	377	453	368	450	442	451	340	387	387	413	444	396	388	387	414	427	437	409	424	433	412	459	402	403	373	427	421	418	418	449	346	382	426	436	401	360	416	423	449	349	431	411	402	378	431	434	420	411.18	109
139	432	365	451	370	453	368	450	434	447	340	376	387	403	444	395	388	386	414	427	437	407	415	433	411	459	402	395	373	418	419	418	418	449	346	372	425	424	392	360	416	415	441	348	431	407	402	377	431	430	420	408.42	108
140	432	357	451	370	452	368	444	434	447	340	376	387	391	438	395	387	386	403	426	437	406	404	433	410	459	402	395	373	418	414	418	417	436	332	372	425	419	392	360	416	415	434	348	430	401	402	377	431	429	420	406.18	107
141	424	357	445	369	445	367	444	426	445	331	376	387	389	438	387	387	386	403	424	428	406	404	421	398	457	402	395	368	418	413	409	417	427	332	368	425	419	379	360	415	410	422	347	430	390	402	375	423	429	413	402.64	106
142	424	357	445	369	436	367	444	415	445	331	376	387	389	424	387	387	386	403	416	422	401	404	420	398	457	402	394	368	411	413	409	416	424	326	360	421	418	379	348	415	410	418	347	430	390	400	360	423	429	402	400.06	105
143	424	357	445	369	423	366	436	415	439	322	367	387	388	424	387	387	386	403	415	422	401	399	417	398	456	402	389	368	411	405	396	416	411	318	360	421	418	378	347	415	410	415	347	415	390	390	360	423	429	402	397.38	104
144	424	357	443	367	423	365	436	415	439	321	367	387	388	424	386	375	386	401	415	421	401	398	417	391	456	400	389	358	411	405	396	415	399	315	349	421	418	376	347	414	410	414	347	415	387	381	355	422	429	397	395.46	103
145	424	357	433	358	423	354	436	415	439	321	365	377	387	419	386	373	386	401	414	421	394	398	408	380	455	400	389	358	409	405	396	407	399	315	339	421	417	371	346	411	409	414	347	415	387	381	355	422	422	396	393.1	102
146	424	343	433	358	423	354	435	415	426	321	364	377	385	409	373	373	378	401	405	421	394	397	407	373	455	386	387	351	400	405	394	407	388	315	339	421	417	360	346	396	409	408	347	412	379	371	354	419	422	396	389.46	101
147	422	343	433	351	423	352	435	415	422	317	355	377	376	409	368	371	367	400	403	421	388	396	398	373	455	382	387	338	396	405	389	400	375	314	339	421	406	360	338	396	408	408	332	402	379	361	345	418	422	395	385.72	100
148	408	343	433	351	423	350	423	409	422	317	354	376	375	407	356	370	367	389	403	421	375	395	398	373	446	382	387	338	394	398	389	397	367	314	339	412	396	360	327	396	400	408	332	399	379	361	345	409	419	395	382.54	99
149	408	340	421	345	423	349	418	403	420	304	353	376	375	407	351	367	367	389	402	421	375	395	398	373	435	382	386	338	394	398	389	397	367	304	338	412	395	350	327	388	400	408	332	399	379	361	344	407	411	395	380.32	98
150	407	337	416	345	417	349	413	403	411	304	342	376	375	396	342	367	357	387	391	414	375	395	387	373	433	379	375	325	384	398	388	397	367	292	334	410	384	347	327	376	394	408	331	399	379	361	344	407	411	395	376.48	97
151	403	337	416	345	415	349	413	403	409	302	342	364	375	385	342	367	346	385	391	414	375	395	387	367	433	376	375	322	384	397	387	397	366	291	325	401	370	347	327	375	394	408	331	394	379	361	344	406	397	389	374.06	96
152	402	337	408	345	415	340	399	400	409	302	342	357	375	373	340	354	343	374	391	414	360	395	384	361	430	365	375	322	373	397	387	397	364	291	325	401	370	347	327	373	384	403	331	379	377	361	337	406	388	379	370.18	95
153	402	337	407	328	407	325	389	400	409	302	331	357	375	365	338	338	340	363	391	414	355	392	384	361	430	353	375	307	373	395	376	395	363	291	308	399	359	335	327	373	384	403	328	364	365	352	337	406	388	369	365.3	94
154	392	331	407	328	407	324	378	390	403	301	331	357	375	358	337	338	340	347	391	403	345	392	369	361	430	353	363	301	373	383	373	395	351	291	308	399	358	333	314	373	384	396	315	362	363	346	337	406	381	369	361.24	93
155	392	331	395	317	407	324	378	390	403	292	331	355	371	345	330	337	337	346	378	394	328	389	369	361	420	353	362	301	373	370	373	395	351	286	308	387	357	333	314	373	384	396	315	352	363	345	322	406	381	369	357.78	92
156	389	331	392	317	407	324	369	389	403	280	331	355	371	345	322	337	337	335	378	386	324	389	369	361	416	352	358	289	372	370	373	394	351	276	302	385	352	333	314	373	378	386	312	351	363	342	322	403	381	356	354.9	91
157	380	331	392	317	407	324	363	389	393	280	328	354	369	345	318	327	333	327	369	382	313	389	369	361	413	352	348	289	371	370	373	394	351	276	302	384	348	332	314	373	378	386	312	351	363	341	318	403	381	356	352.78	90
158	365	329	391	317	396	322	355	389	393	266	328	343	369	344	318	317	333	327	369	381	309	389	369	361	405	352	348	281	371	370	370	394	346	268	302	384	341	329	314	360	378	375	312	351	363	341	318	394	373	347	349.34	89
159	364	329	385	316	396	317	355	388	389	263	328	343	369	342	317	314	326	320	368	368	309	388	368	361	403	352	347	270	362	368	363	392	345	268	301	376	341	329	314	360	378	365	312	351	356	341	318	392	373	340	346.8	88
160	362	329	382	315	396	317	355	378	386	260	316	340	363	342	317	313	326	320	368	368	301	386	368	361	397	347	347	270	362	356	363	391	345	262	301	376	340	317	314	360	365	360	312	342	346	341	317	382	373	339	343.88	87
161	362	322	369	306	392	317	351	369	382	260	316	335	363	331	308	313	311	316	368	351	298	386	368	361	389	347	347	269	361	356	360	391	338	262	290	367	339	316	306	359	352	357	312	342	346	340	303	381	373	339	339.94	86
162	358	321	369	306	392	306	350	369	382	259	306	335	356	331	308	313	298	316	360	351	298	377	356	361	381	342	347	268	361	342	360	391	326	254	290	364	339	313	306	349	352	343	305	342	345	337	303	381	364	339	336.44	85
163	358	321	369	304	391	303	349	369	382	258	306	320	356	317	308	313	298	316	360	351	294	376	356	360	381	338	347	268	353	331	360	390	326	254	290	361	339	308	294	341	352	340	305	338	345	325	297	380	364	339	334.02	84
164	353	321	369	304	378	303	342	369	372	248	294	320	356	317	308	305	284	315	355	351	280	376	356	359	374	338	347	257	337	318	348	377	325	248	289	360	339	308	282	339	352	339	305	338	344	325	288	380	354	324	329.4	83
165	353	311	361	304	378	296	330	363	362	248	294	320	356	317	308	293	284	315	352	351	264	373	356	358	374	338	347	257	331	318	347	368	325	245	289	351	337	308	278	325	352	339	304	330	339	325	287	372	354	324	326.22	82
166	342	299	361	291	375	296	330	363	351	248	294	320	344	317	308	292	278	315	352	345	253	368	356	348	366	337	347	257	331	317	342	356	322	245	289	351	336	308	271	322	349	339	303	317	336	317	287	362	354	322	322.58	81
167	341	294	361	291	375	296	325	350	338	248	294	316	344	317	308	280	278	315	352	343	253	368	356	348	366	337	347	256	321	306	327	356	322	245	277	341	335	296	271	321	349	339	300	308	335	306	287	350	354	322	319.3	80
168	341	292	359	291	375	296	325	350	338	235	294	308	344	317	301	280	278	303	352	343	253	356	356	345	366	334	347	256	313	306	321	356	321	243	277	341	335	285	259	311	349	339	299	307	334	303	287	341	350	319	316.62	79
169	341	292	354	291	375	296	325	349	338	230	286	308	344	317	301	279	271	303	345	330	252	346	356	342	355	334	340	256	313	303	311	356	321	243	277	340	324	285	246	301	348	339	297	302	334	293	276	341	340	319	313.3	78
170	338	278	354	287	372	296	314	338	332	230	282	308	344	317	301	278	271	300	333	327	252	346	356	338	351	325	331	256	309	303	297	356	321	243	277	340	323	284	245	301	348	338	297	293	334	293	259	340	339	319	310.28	77
171	338	278	354	276	371	288	312	331	332	230	277	301	337	315	300	267	262	296	326	327	252	334	343	338	347	323	319	255	308	291	297	356	310	242	277	340	323	268	244	301	348	324	297	282	334	284	259	337	339	317	306.14	76
172	336	277	354	263	369	287	301	331	331	229	277	301	337	307	300	253	262	296	315	311	244	334	330	338	347	314	319	255	295	291	297	354	310	242	268	340	312	268	244	301	335	324	283	279	326	284	258	327	327	313	301.92	75
173	328	269	354	263	369	286	301	331	331	229	277	301	326	306	300	253	262	296	315	310	244	333	328	329	344	314	319	252	295	291	295	354	310	230	268	340	302	266	244	299	335	324	275	279	326	283	250	327	327	313	300.06	74
174	325	261	354	263	369	273	289	329	326	226	271	290	324	305	290	253	261	291	315	310	244	333	320	329	334	313	318	250	294	279	295	354	308	230	268	339	302	252	231	290	335	318	275	276	319	283	250	323	327	313	296.54	73
175	317	260	346	258	357	273	277	317	326	226	270	290	314	303	275	253	261	291	312	310	244	333	320	327	332	310	318	250	294	279	295	353	308	227	267	339	302	252	231	285	330	315	275	265	319	275	247	308	327	304	293.34	72
176	305	251	345	257	357	273	277	312	325	226	267	290	314	299	265	253	261	291	310	308	244	331	317	327	332	310	318	236	292	279	282	343	305	227	267	339	302	252	226	285	330	298	274	265	319	273	247	308	327	304	290.9	71
177	304	239	341	245	345	259	277	310	325	226	267	289	314	299	265	253	260	286	309	308	244	331	313	324	322	307	318	233	291	269	272	341	298	217	267	339	302	242	226	281	324	297	274	262	309	266	236	308	327	304	287.3	70
178	304	237	341	245	345	259	277	310	325	213	265	287	313	296	264	253	245	275	309	295	243	331	312	316	318	296	318	220	280	253	272	341	283	215	267	337	302	242	224	281	324	297	274	252	308	266	230	295	327	304	283.72	69
179	297	237	330	237	345	259	275	295	325	210	257	287	304	282	264	253	243	273	296	295	235	331	312	316	310	296	318	220	280	248	272	341	283	201	259	323	292	241	211	281	317	295	257	252	298	266	223	294	322	303	279.22	68
180	297	237	330	236	338	259	264	283	325	210	244	277	303	272	263	241	243	269	295	294	235	327	307	316	302	286	306	219	280	248	272	339	283	201	259	323	290	241	211	279	307	295	246	252	292	266	223	294	313	293	275.7	67
181	283	237	319	236	336	258	251	283	325	210	244	274	302	263	263	239	243	269	278	294	222	324	296	316	292	286	305	219	278	237	264	335	271	185	256	310	290	227	211	276	307	295	245	241	291	266	208	293	313	293	271.18	66
182	273	226	316	227	336	258	246	283	323	210	243	274	302	261	253	238	243	258	275	281	222	312	289	316	292	286	305	219	278	237	264	335	270	185	256	310	279	227	211	276	307	295	245	226	283	266	208	293	302	288	268.16	65
183	272	221	315	223	320	257	231	283	323	210	243	273	292	248	253	237	243	258	275	272	222	312	278	309	292	277	304	219	278	237	253	322	259	185	256	307	278	227	210	276	307	295	231	226	273	266	203	290	302	282	264.5	64
184	272	221	315	222	315	247	219	283	311	207	240	259	292	247	249	234	243	257	260	272	222	312	278	309	292	275	291	219	278	222	251	322	259	170	256	299	278	227	202	272	303	295	231	226	273	264	203	290	289	277	261.0	63
185	272	217	315	220	314	247	218	283	311	200	225	259	283	235	249	234	243	257	260	272	221	312	277	295	292	267	279	208	278	222	251	312	250	170	255	286	278	226	188	272	303	287	231	226	268	264	202	290	289	274	257.74	62
186	272	217	313	220	303	246	218	281	308	199	223	256	273	220	249	234	243	246	259	258	212	304	272	295	291	267	273	197	275	222	251	312	250	169	242	277	278	226	183	259	301	287	228	226	258	260	201	289	289	263	253.9	61
187	272	208	298	217	303	246	212	281	308	199	213	255	273	205	249	218	240	243	259	250	211	295	266	286	291	267	273	197	261	219	251	304	242	169	241	277	273	226	183	259	301	287	228	215	255	259	198	279	276	251	249.78	60
188	272	208	291	217	294	246	197	273	297	199	213	255	258	205	249	217	240	243	244	249	211	291	256	286	291	267	271	197	261	219	247	304	242	153	231	277	264	213	183	241	301	287	228	207	255	248	194	279	276	241	245.76	59
189	272	204	291	217	294	234	192	256	291	199	213	253	258	205	235	217	240	243	244	249	201	291	256	279	291	267	269	197	261	218	247	303	240	140	222	269	264	212	180	240	296	278	228	191	255	248	194	279	276	241	242.8	58
190	272	190	288	217	294	226	184	255	291	199	199	249	249	205	231	217	240	234	244	246	201	291	256	279	291	267	269	190	251	213	247	289	231	132	221	269	264	212	180	239	292	272	228	191	255	237	194	272	266	241	239.4	57
191	257	190	285	217	285	226	171	254	280	184	198	249	243	204	217	217	240	231	241	246	201	281	248	279	290	267	269	190	251	213	242	289	224	132	220	255	264	195	173	239	291	272	228	191	255	233	192	271	251	236	235.54	56
192	243	190	284	217	285	225	171	246	280	184	198	249	230	194	217	206	236	225	238	246	198	281	246	276	290	263	261	190	251	203	242	281	223	131	220	251	264	186	159	239	279	267	218	183	255	233	192	270	251	236	232.06	55
193	243	190	283	210	285	224	171	246	265	184	188	249	229	194	216	195	236	225	228	239	198	272	246	275	289	253	261	190	242	192	242	281	221	131	220	247	253	186	159	239	267	267	218	169	255	232	192	270	251	235	229.06	54
194	240	190	274	197	285	224	171	244	265	173	185	248	224	194	215	195	228	225	227	239	198	271	246	263	289	248	260	190	230	192	231	269	220	131	220	241	252	186	156	235	267	256	207	160	242	225	192	260	250	231	225.22	53
195	240	190	272	197	282	212	171	237	253	156	185	238	222	193	215	184	228	221	227	236	198	258	238	250	289	248	253	190	229	192	231	258	216	131	220	240	245	186	156	235	265	256	198	160	235	208	192	245	240	230	221.02	52
196	228	190	269	183	281	212	154	237	246	154	172	229	219	193	215	184	228	220	213	236	194	244	233	250	274	248	253	177	226	180	219	247	213	131	219	239	242	186	156	226	265	244	191	146	235	206	180	235	228	230	215.6	51
197	215	190	254	183	270	212	154	237	243	148	172	229	218	193	215	171	228	219	200	221	181	231	228	250	261	248	240	177	226	179	219	247	213	130	219	239	242	185	156	226	262	244	190	136	235	204	180	235	228	227	212.2	50
198	215	189	242	179	255	212	154	237	242	148	171	229	218	193	215	171	224	204	200	221	181	231	227	247	247	232	240	176	226	176	214	240	213	124	204	239	241	185	153	226	249	244	190	136	235	204	180	233	228	212	209.04	49
199	215	174	242	178	255	211	154	225	238	148	171	225	203	192	215	171	213	204	200	220	181	222	211	231	247	232	240	175	226	173	214	236	203	124	194	239	224	182	153	226	249	244	190	135	235	203	179	219	228	210	205.58	48
200	214	173	242	178	251	210	144	212	225	148	158	224	203	177	214	171	213	194	200	217	181	207	211	231	231	232	240	175	226	165	214	234	203	124	194	239	224	182	142	226	241	233	190	130	235	202	176	219	219	197	201.82	47
201	204	164	242	173	251	193	143	209	225	148	158	224	187	177	214	168	206	194	200	204	170	193	210	219	218	223	225	175	224	160	202	219	203	124	179	239	224	173	142	211	230	232	190	120	235	202	168	206	219	197	196.32	46
202	204	150	240	173	251	193	133	201	225	148	151	224	187	177	214	168	204	180	200	199	168	190	210	219	214	221	225	168	216	160	191	219	192	124	179	239	214	173	142	211	230	230	190	119	233	197	167	203	219	197	193.64	45
203	202	149	239	171	243	190	133	192	222	140	151	211	172	177	213	164	203	180	186	191	168	190	208	219	200	221	225	166	206	160	181	211	178	123	179	239	214	173	142	203	226	229	190	118	231	197	167	200	218	196	190.14	44
204	202	140	237	169	234	186	118	184	207	140	151	202	159	177	210	154	203	180	186	191	168	190	195	219	191	209	224	166	194	152	173	197	178	123	170	225	211	164	141	203	226	229	185	118	231	182	167	186	218	196	185.22	43
205	202	140	237	157	231	186	118	184	202	139	151	191	159	177	210	154	192	180	183	191	153	190	177	219	191	209	219	166	185	147	173	186	178	123	166	223	209	164	137	201	225	221	185	117	219	177	153	186	204	196	181.66	42
206	202	140	225	149	216	177	108	177	189	133	146	180	159	177	210	154	192	167	180	189	142	189	176	207	191	199	207	163	173	137	161	171	178	123	157	223	192	163	137	200	225	205	185	116	218	167	148	185	203	195	176.12	41
207	192	140	225	136	216	177	107	164	172	133	146	177	147	168	210	137	192	167	180	189	125	189	161	207	191	195	207	155	165	137	161	171	169	123	156	223	192	163	125	199	219	194	185	116	218	154	144	169	193	195	171.52	40
208	192	140	211	133	216	172	107	164	172	133	146	175	147	156	210	135	192	156	180	180	117	185	153	207	191	195	206	141	153	137	161	171	169	123	156	213	192	154	124	193	207	182	181	116	218	154	144	154	190	187	167.82	39
209	192	140	200	122	201	172	107	163	171	133	137	163	133	156	209	135	190	144	180	170	102	185	153	206	191	195	200	141	153	125	161	171	156	121	156	213	183	138	120	180	207	168	177	115	209	137	144	138	190	173	162.52	38
210	192	127	187	119	187	172	107	144	168	133	137	149	133	156	197	135	181	140	172	170	102	184	150	206	191	195	199	141	152	125	161	171	146	121	156	212	182	138	116	169	200	164	177	111	196	137	144	138	189	173	159.04	37
211	192	111	187	119	172	172	107	129	154	131	137	149	133	156	197	134	177	140	169	170	102	184	150	206	174	195	199	141	152	125	154	158	146	120	142	202	179	138	116	161	200	150	177	99	181	134	142	137	189	173	155.24	36
212	188	111	172	116	162	172	107	117	137	130	137	134	133	156	197	134	177	140	169	169	102	183	150	206	174	195	199	132	152	125	140	158	146	120	142	193	178	138	115	159	190	142	166	99	181	131	142	120	189	173	151.96	35
213	187	111	172	116	161	158	107	117	137	121	137	115	118	156	197	134	177	139	169	169	101	183	147	202	165	195	191	132	152	124	137	142	146	111	142	184	167	137	115	159	182	141	159	99	181	131	142	120	184	173	148.84	34
214	187	111	169	116	157	150	107	100	137	121	137	115	104	155	197	133	177	139	169	163	101	183	145	200	165	187	179	132	152	109	137	142	146	111	126	183	167	134	106	142	165	132	156	98	181	131	141	120	184	165	145.28	33
215	187	111	168	100	154	142	107	100	137	119	127	115	104	142	197	133	176	130	155	162	87	183	144	198	163	171	179	132	150	108	123	142	146	97	126	168	166	134	106	129	165	114	156	87	174	131	141	120	184	165	141.1	32
216	172	111	162	100	154	142	107	90	137	110	127	114	104	142	192	119	164	115	155	162	87	173	132	198	163	171	165	132	148	108	119	134	146	97	110	154	166	119	105	122	165	114	155	83	168	131	141	111	172	165	136.66	31
217	172	111	162	100	154	142	104	90	122	109	115	114	104	125	192	119	164	113	139	162	87	163	132	198	151	156	165	131	146	108	105	133	139	97	110	154	166	119	105	122	165	112	137	83	153	130	141	101	172	156	133.0	30
218	171	111	162	100	136	129	91	89	117	109	102	105	104	113	178	119	161	108	130	153	87	163	129	198	139	142	165	123	146	108	102	120	127	97	110	136	165	109	87	122	150	101	137	82	153	130	141	101	156	156	127.4	29
219	168	111	162	87	122	126	90	89	117	109	102	105	104	102	178	119	161	105	129	139	86	160	128	194	139	142	153	123	146	105	91	116	126	97	100	123	146	91	84	120	149	101	124	82	152	125	136	101	156	156	123.54	28
220	167	111	162	81	120	126	80	87	117	108	101	104	104	102	173	115	146	90	129	139	86	160	117	194	137	131	144	123	146	105	91	104	126	97	91	113	146	91	84	120	149	101	112	82	151	125	121	101	155	145	120.2	27
221	151	110	162	79	120	126	80	86	117	96	99	104	104	101	156	113	146	88	118	139	83	160	116	192	137	126	138	118	138	89	91	104	126	97	88	97	146	86	82	107	149	98	107	79	150	123	112	101	138	145	116.36	26
222	151	110	149	60	120	123	80	85	117	82	79	103	104	100	138	111	146	80	118	139	82	145	110	192	124	126	138	118	134	89	91	103	108	97	85	93	133	73	74	100	149	98	107	77	149	123	112	91	122	145	111.66	25
223	135	107	138	42	118	121	74	84	106	82	66	102	104	100	125	100	131	80	101	124	76	145	107	192	124	126	138	113	134	86	91	103	96	97	85	93	133	73	74	83	148	97	107	77	135	114	112	91	117	145	107.04	24
224	135	107	132	42	103	111	73	81	106	82	48	102	100	90	125	100	131	80	96	117	59	143	107	192	116	126	121	110	134	86	90	103	96	97	85	92	132	73	74	67	134	88	107	74	131	114	100	91	109	131	102.86	23
225	134	93	114	42	102	111	72	64	106	67	48	90	88	81	125	100	115	80	96	117	59	133	107	192	116	115	106	110	119	86	89	92	96	97	85	74	132	71	56	65	134	75	107	74	125	106	100	91	109	131	97.94	22
226	124	85	101	42	102	109	72	64	106	67	48	89	87	78	115	88	115	79	84	99	59	131	107	177	116	103	106	110	119	86	89	92	93	85	73	74	128	71	56	65	115	75	107	74	125	106	100	91	105	114	94.12	21
227	115	73	101	42	102	97	72	64	106	67	48	78	87	73	98	76	100	79	84	90	57	117	89	163	111	85	106	91	118	86	81	92	93	85	73	73	119	65	56	62	115	75	101	74	118	96	100	87	97	114	89.02	20
228	114	72	88	42	86	97	71	63	95	54	29	78	83	73	98	67	100	78	74	90	56	117	73	148	97	85	106	90	106	86	81	92	92	82	59	55	109	65	55	62	105	56	91	74	106	96	100	82	97	114	83.78	19
229	113	61	88	42	86	84	71	63	95	54	29	78	78	73	98	66	86	77	74	90	56	106	72	134	82	85	106	90	88	86	81	92	75	74	57	54	109	50	55	62	105	56	91	57	100	94	82	82	97	114	79.96	18
230	108	61	88	42	85	84	71	63	95	54	29	65	65	73	90	66	69	77	70	88	53	104	68	119	82	84	106	87	88	83	78	92	74	63	57	54	89	50	55	62	90	55	77	57	99	81	69	82	97	97	75.9	17
231	108	61	80	42	83	83	68	63	94	54	29	64	65	73	85	66	69	59	70	87	47	104	53	119	82	84	106	86	87	83	78	89	74	46	39	54	73	33	55	49	76	36	77	57	82	80	69	70	93	96	71.6	16
232	92	60	80	42	83	81	60	58	89	49	29	64	62	73	81	66	68	59	70	77	47	93	53	107	68	84	105	86	87	75	78	89	74	32	38	54	61	33	55	37	61	35	77	57	81	67	69	58	93	87	67.68	15
233	90	60	80	41	65	64	60	53	88	49	29	63	62	72	81	61	63	58	70	77	47	92	41	98	51	77	102	78	75	72	60	89	74	25	36	42	46	33	55	36	61	35	61	43	67	50	66	57	90	87	62.64	14
234	77	60	64	41	54	64	42	53	77	32	29	63	58	58	80	45	63	52	55	77	42	92	22	84	40	76	102	69	63	72	58	89	74	25	36	42	38	31	55	36	61	35	61	40	57	44	58	57	81	87	57.42	13
235	71	58	50	31	53	46	40	53	76	30	29	51	57	50	80	45	58	52	42	76	42	73	8	83	40	76	83	69	60	72	58	75	59	25	36	42	38	26	37	21	60	33	49	40	57	34	50	53	72	84	52.06	12
236	70	56	50	31	52	41	40	53	76	27	29	42	43	50	80	45	44	52	25	75	42	73	8	71	40	61	83	55	49	71	57	59	56	25	18	36	38	16	37	21	60	33	49	39	42	34	41	52	72	84	48.06	11
237	70	56	40	31	42	40	39	39	76	27	21	37	42	47	63	41	44	52	25	75	40	55	8	71	40	61	83	52	30	57	57	49	55	25	18	36	38	10	31	21	60	28	34	39	41	34	40	49	72	84	44.5	10
238	54	56	40	21	24	34	39	39	59	26	21	34	42	42	63	31	44	40	24	60	40	55	7	59	40	53	81	47	30	56	47	49	49	25	18	36	38	10	30	21	59	28	34	30	41	34	40	46	72	83	41.02	9
239	34	42	22	21	24	16	39	38	55	11	21	26	32	41	51	13	30	27	18	59	40	37	7	47	40	53	71	47	30	56	45	48	37	24	18	35	38	10	30	21	56	23	18	28	41	24	38	29	72	82	35.3	8
240	16	41	18	21	24	15	39	33	55	10	18	20	14	41	51	13	22	9	18	49	37	33	7	38	39	36	53	44	30	40	27	48	34	24	18	35	38	10	30	16	40	23	18	28	41	24	38	29	59	64	30.56	7
241	1	39	18	19	24	12	39	18	54	0	18	7	14	24	50	13	15	6	18	38	19	17	2	37	33	23	45	34	26	35	27	43	18	24	1	35	38	10	30	16	25	9	18	28	26	24	38	29	54	64	25.1	6
242	1	35	18	14	24	12	39	16	38	0	17	0	9	24	50	3	15	6	18	38	19	17	2	37	33	21	45	34	26	35	27	43	18	24	0	35	38	10	30	16	12	6	18	10	26	18	21	29	38	50	22.3	5
243	1	33	9	11	19	12	34	14	28	0	12	0	9	18	42	3	15	6	0	22	19	3	2	37	33	21	45	32	26	35	27	42	18	23	0	35	32	10	12	6	12	5	5	0	21	18	7	16	35	39	18.08	4
244	0	33	9	2	1	12	34	8	10	0	0	0	9	18	42	3	6	5	0	22	19	3	2	34	20	12	44	14	26	34	27	26	18	4	0	19	32	0	3	5	7	5	2	0	21	18	7	16	16	34	13.64	3
245	0	30	0	1	1	9	31	0	10	0	0	0	3	18	23	2	6	5	0	21	19	3	2	20	2	12	35	0	6	16	11	19	18	4	0	0	32	0	3	5	2	5	2	0	18	16	7	5	16	24	9.24	2
246	0	18	0	0	0	0	13	0	9	0	0	0	3	18	3	0	3	5	0	6	9	1	0	17	0	12	19	0	1	5	11	19	18	0	0	0	15	0	3	0	0	0	2	0	0	16	5	5	16	13	5.3	1
247	0	0	0	0	0	0	0	0	0	0	0	0	0	0	0	0	0	0	0	0	0	0	0	0	0	0	0	0	0	0	0	0	0	0	0	0	0	0	0	0	0	0	0	0	0	0	0	0	0	0	0.0	0

