49.92113887521814
51.43584738937857
53.013511699700224
53.43465057491831
54.70997382667437
55.13918281061251
55.45935304908055
55.76922173504541
55.855101561451406
56.53584850789674
56.417252024517886
56.779573620867076
57.12590599973152
56.87855129524404
56.566014943402976
56.655815176054766
56.559068945461036
56.0594716120084
57.11139881884477
58.12761733255785
57.8183470538231
58.034841841528326
57.11030826361241
57.25591696120976
58.37222048230508
58.317295646727175
58.827602791821384
58.456886716477975
58.77545747393853
58.34469374972034
58.69097579526644
59.31559549908284
59.57029886805964
58.31067961165051
58.30480179857723
58.2625385888774
58.90127958480609
59.116051854503205
59.19784908952622
59.35946378238107
59.05727931636173
59.05362176188983
59.129887924477664
59.372483334078986
58.598491118965576
59.359625967518234
59.443716164824835
58.348189119055014
58.8768287772359
58.20499082815088
58.98861348485532

