50.27666369578132
56.16256144331011
57.60242802355101
60.14962458812728
60.35927456382002
60.650286285313015
60.85639145465348
60.45920434289419
60.89977313239346
61.641312861232635
61.861766056284786
61.531930265219025
63.565805109922756
62.46269513314968
63.323914276454374
63.466888132663534
63.3494031221304
64.02207232755362
63.665228488089454
64.42837465564737
63.994557878247704
64.20235105061307
64.74993923189112
63.905768919137884
63.41354723707666
63.56479230810782
64.97056122724574
65.01478690649816
64.66047507157133
64.2138294711824
63.93665937449361
63.96451142440447
64.92194674012855
63.8034759358289
64.40457381299626
64.13398692810459
63.22465969859019
64.2276710959866
64.41689623507807
64.68343191270999
63.69257413709287
63.71181737157673
64.39225139091452
64.02291632906609
63.576945929887096
62.6301450332199
64.5907605466429
64.81914735591205
65.55444147355912
64.03034354237562
64.14698455139632
64.70757035596607
65.3063050288986
65.55528547507154
64.61169178415167
65.47797493653107
64.18412061794415
64.62063820018365
63.63163722789393
65.5990047534165
63.60868038675525
64.24049991897587
65.07606141630208
64.69440393237187
64.12419651056015
65.7738818667963
64.66334467671363
63.6074987846378
63.58842435045643
64.9162075298439
63.561078701453035
64.7931521093286
64.96499081726353
64.4827283530492
64.54501566466806
64.0173459190839
64.83417058283368
65.13395992005616
65.32335385945012
65.21295846162157
65.77810187435855
65.60558796521364
64.50433479176797
65.67715929346944
65.4091044131151
65.48455814832822
64.20657105817533
65.05242937395344
64.98777885809972
64.84598660400799
65.04787176578621
66.03839194079836
65.753457030195
65.02710932857993
64.92042753740613
65.65909766110302
65.49772457192243
65.59647274887917
65.1250135040242
64.7382920110193
65.40420920434289

