# Extinction sequence for 721 applications  and 247 platforms.
# This is the data and average for 50 different extinction sequences.
0	721	721	721	721	721	721	721	721	721	721	721	721	721	721	721	721	721	721	721	721	721	721	721	721	721	721	721	721	721	721	721	721	721	721	721	721	721	721	721	721	721	721	721	721	721	721	721	721	721	721	721.0	247
1	721	721	721	720	721	721	721	719	721	721	720	720	721	721	719	721	721	721	721	721	721	721	721	721	721	720	721	721	715	718	721	721	717	716	721	721	721	721	721	721	721	721	721	721	721	721	721	721	719	721	720.44	246
2	721	719	720	720	720	721	721	718	721	720	720	716	720	720	719	720	720	721	721	719	721	721	719	721	721	720	721	721	715	718	720	721	717	715	721	721	720	721	721	721	721	721	721	721	720	721	721	718	719	719	719.9	245
3	717	717	720	720	720	721	720	718	719	720	720	716	720	720	719	718	718	720	721	719	717	720	712	721	721	720	721	721	713	717	717	720	717	714	721	721	720	720	721	714	720	721	721	721	720	721	719	711	717	719	718.82	244
4	717	717	720	720	720	721	720	718	719	720	719	715	720	719	719	718	716	717	719	718	714	719	712	718	721	719	720	721	711	717	717	719	715	714	721	721	720	717	718	712	718	721	720	721	717	719	719	708	717	718	717.92	243
5	717	717	717	720	720	721	719	717	719	719	719	715	720	719	719	718	716	715	719	718	714	716	711	715	721	719	720	721	710	717	713	716	715	714	721	719	720	717	716	712	718	720	720	721	715	719	719	705	716	718	717.24	242
6	717	717	717	719	718	717	719	715	719	719	719	711	720	719	719	718	716	715	719	718	714	715	710	714	721	719	720	721	708	715	713	713	714	711	721	715	720	717	714	712	714	719	719	721	708	718	719	702	716	718	716.24	241
7	714	715	717	719	717	715	719	714	718	719	719	711	719	719	718	718	716	715	718	718	714	715	710	713	720	719	720	714	708	714	713	713	714	710	721	715	719	717	713	705	713	718	719	718	708	715	719	702	716	718	715.42	240
8	714	714	715	719	717	715	719	712	716	716	719	707	714	719	718	715	714	715	718	718	714	715	710	713	719	715	720	714	706	714	713	713	714	710	721	715	719	717	712	702	711	718	719	718	704	715	718	700	715	718	714.52	239
9	713	714	715	719	717	715	718	712	716	716	719	706	714	719	718	715	714	715	718	712	714	714	710	711	717	715	720	714	706	714	710	713	714	710	720	715	718	717	711	702	711	715	719	718	704	715	717	700	713	718	714.0	238
10	713	712	714	719	716	715	718	712	714	716	719	705	714	718	716	715	714	715	717	710	711	714	710	708	716	715	720	713	704	714	703	713	714	706	719	715	718	717	707	702	710	714	719	716	704	711	717	695	713	717	712.94	237
11	711	710	714	719	715	715	716	711	714	716	719	705	712	718	716	714	713	714	717	710	711	714	710	706	714	715	718	711	704	711	703	711	714	706	718	715	718	717	707	701	707	714	719	716	704	707	717	694	713	715	712.18	236
12	711	710	710	719	715	712	716	711	714	716	718	704	712	717	716	713	709	714	717	709	711	714	710	703	714	715	718	711	704	711	702	711	714	705	716	714	718	717	707	701	705	713	719	716	704	707	714	694	712	714	711.54	235
13	708	710	710	719	715	711	716	711	714	716	718	704	710	716	716	709	708	714	716	705	711	714	710	703	713	715	718	711	704	711	702	711	713	702	716	714	718	717	705	700	703	710	719	716	704	707	708	692	712	713	710.76	234
14	708	709	710	717	715	710	716	710	711	716	718	704	710	716	716	709	708	710	715	705	710	714	710	703	713	715	717	711	704	710	698	710	713	701	716	714	718	717	704	700	702	710	718	716	702	707	705	692	712	713	710.16	233
15	708	709	710	716	714	710	715	708	711	716	718	703	710	709	714	708	707	708	713	705	703	714	710	702	711	715	717	711	704	710	696	710	713	700	709	714	718	717	704	700	702	708	716	716	702	707	704	692	712	712	709.22	232
16	708	709	710	716	710	707	714	708	711	711	718	703	708	709	714	708	707	707	713	705	703	712	709	699	711	714	717	709	704	710	694	710	713	700	709	714	717	717	704	700	701	704	716	715	698	707	704	689	710	712	708.36	231
17	708	708	709	712	703	707	714	707	711	706	718	702	707	709	714	708	707	707	713	705	703	706	709	699	708	714	717	709	704	709	694	708	713	699	708	714	714	717	703	699	700	703	715	715	696	706	704	689	709	711	707.4	230
18	707	705	709	711	703	704	714	707	711	704	718	702	707	708	714	707	707	706	713	705	702	705	709	696	708	714	717	709	704	709	694	708	713	699	708	714	714	717	703	699	700	703	715	715	693	705	700	689	709	711	706.88	229
19	707	705	707	711	695	702	714	707	711	703	718	701	707	708	713	707	707	703	713	704	702	705	709	696	708	714	717	709	704	708	692	708	713	698	707	712	713	717	703	699	700	703	715	715	693	704	700	689	708	711	706.3	228
20	705	700	705	710	691	701	714	706	709	703	715	701	707	708	712	704	706	702	711	704	702	702	709	695	707	714	717	708	704	708	691	708	713	696	707	712	713	712	698	699	700	703	715	712	690	702	700	688	707	711	705.14	227
21	701	699	704	710	689	701	713	706	709	703	714	698	707	707	706	704	706	702	710	704	702	702	704	691	707	714	716	708	703	708	691	708	713	695	706	712	713	712	698	699	698	703	713	709	688	701	700	688	706	711	704.24	226
22	700	699	702	710	688	700	709	705	709	700	714	698	707	706	705	704	706	702	710	701	701	702	704	691	700	714	716	708	703	708	691	707	713	695	706	712	713	712	694	697	698	703	713	709	688	701	700	686	704	710	703.48	225
23	700	699	700	710	687	700	709	705	703	698	714	697	707	702	700	702	706	702	710	701	701	702	703	691	700	714	716	707	703	708	688	707	712	695	706	712	711	712	692	693	698	703	713	708	686	701	700	684	704	710	702.64	224
24	700	697	700	710	687	697	706	704	703	690	712	697	707	700	700	702	705	694	709	697	701	702	703	691	699	714	714	707	703	701	688	707	711	690	704	712	711	711	692	692	698	703	713	708	686	701	700	681	704	710	701.48	223
25	700	697	698	710	685	697	706	703	701	690	711	697	701	700	700	700	704	693	709	693	700	699	696	691	699	714	714	706	702	701	688	707	711	690	700	710	711	711	692	691	696	703	713	708	686	701	700	673	704	709	700.42	222
26	699	697	698	708	685	696	706	702	701	690	707	697	699	700	700	698	700	689	702	693	699	699	695	691	697	713	711	706	701	701	688	707	710	689	700	710	704	711	691	690	696	703	710	708	686	700	700	671	704	709	699.34	221
27	698	697	694	708	685	695	705	702	700	690	707	694	699	700	700	697	692	689	700	692	699	699	695	690	696	711	711	705	699	700	688	706	705	689	699	709	704	709	691	690	696	703	705	708	686	700	700	671	702	709	698.38	220
28	698	697	692	705	683	695	705	702	700	689	706	694	699	700	698	694	692	687	699	692	698	699	695	690	696	711	706	705	699	700	688	706	705	689	697	707	703	709	691	675	696	702	705	708	686	700	699	671	702	709	697.48	219
29	698	696	692	704	681	695	705	702	700	689	705	694	698	700	694	694	692	686	695	691	696	699	695	690	696	710	706	705	695	700	688	706	702	686	697	705	702	708	691	675	695	702	705	707	682	700	699	671	701	708	696.66	218
30	697	694	692	704	681	694	704	702	699	689	705	689	698	700	692	693	690	684	695	690	696	699	695	690	694	706	704	705	693	699	688	705	702	676	697	705	701	707	691	670	692	702	705	707	682	696	699	671	700	708	695.54	217
31	696	694	691	702	681	693	704	700	695	688	705	689	696	700	692	693	690	680	693	690	696	699	695	690	693	706	703	704	693	699	687	700	702	676	696	703	701	707	689	667	692	702	705	706	682	696	699	671	699	706	694.72	216
32	694	694	688	695	680	692	703	700	694	688	705	686	693	699	692	691	690	680	693	690	696	698	695	690	691	706	703	702	685	699	687	700	701	675	696	697	698	707	689	666	691	702	705	705	682	694	699	669	699	705	693.58	215
33	694	692	687	695	679	692	703	699	690	688	705	678	693	698	692	691	690	680	692	688	694	698	695	690	689	706	703	702	684	699	687	698	701	675	694	697	698	705	686	666	690	698	703	705	676	693	699	669	697	705	692.56	214
34	693	692	687	690	674	692	699	698	690	687	705	678	693	696	691	691	690	679	691	686	693	698	695	690	689	706	702	700	683	699	686	697	700	674	694	695	697	704	686	666	690	698	703	705	676	693	698	669	697	705	691.8	213
35	690	692	687	690	674	692	696	693	690	683	705	678	689	696	691	690	690	679	689	684	688	698	694	690	688	706	696	696	683	699	684	697	699	672	694	694	697	704	685	659	683	698	697	704	676	692	698	666	696	705	690.32	212
36	690	689	682	690	671	692	696	693	690	683	705	676	688	696	690	690	690	677	689	681	688	697	694	686	686	706	694	696	683	698	680	697	697	672	694	694	695	703	683	656	683	697	696	704	675	691	697	666	693	701	689.2	211
37	684	682	681	686	666	692	695	693	689	682	705	675	688	693	688	687	690	676	688	679	688	697	694	686	684	704	694	695	678	698	680	697	696	670	689	694	693	702	681	653	682	694	696	704	675	689	697	666	692	701	687.76	210
38	683	682	676	686	662	691	695	689	689	681	701	675	687	691	686	687	689	676	688	679	688	696	690	686	684	704	694	681	678	698	679	696	696	669	689	694	693	701	678	652	682	694	696	704	670	689	697	666	692	700	686.58	209
39	681	675	674	686	661	690	695	689	689	681	697	674	687	689	683	687	689	674	687	676	685	695	690	686	684	702	694	680	677	697	677	696	696	666	688	692	691	700	676	652	682	694	696	704	669	689	697	666	692	700	685.54	208
40	681	675	673	686	661	689	695	688	689	680	695	673	687	689	683	687	689	673	686	675	684	692	690	685	684	702	694	679	670	695	677	695	696	664	685	692	684	700	676	647	682	694	696	704	669	689	697	664	692	698	684.6	207
41	680	675	672	684	661	689	694	688	689	679	692	673	686	689	682	687	689	671	684	674	684	692	690	684	684	702	693	679	670	694	675	692	695	664	685	692	684	699	675	647	682	694	696	704	669	688	697	650	690	698	683.72	206
42	680	675	672	683	661	688	692	688	688	678	690	672	683	689	682	687	689	671	680	673	683	690	690	682	684	702	693	677	669	694	675	683	695	662	685	689	684	699	675	645	682	694	695	703	668	686	697	650	690	697	682.78	205
43	680	670	672	683	661	688	690	686	688	678	689	672	683	687	681	687	689	670	680	669	683	690	689	681	684	702	693	677	668	691	675	683	695	662	685	685	684	699	675	644	681	692	688	703	668	684	694	650	690	697	681.9	204
44	680	668	671	683	661	688	689	683	688	678	689	672	683	685	681	687	687	670	679	669	682	690	689	681	683	700	692	677	668	689	675	681	693	661	685	682	682	699	670	643	678	692	688	703	668	684	694	650	690	697	681.14	203
45	679	668	671	683	661	687	688	683	688	677	685	671	680	684	681	687	686	669	679	665	678	683	688	681	683	698	692	677	668	688	675	681	690	660	682	680	682	698	670	642	678	690	688	703	667	684	694	650	686	697	680.1	202
46	679	668	669	683	661	687	688	682	686	676	684	671	678	684	680	687	686	667	678	663	677	683	685	681	683	698	690	676	666	688	675	680	688	653	681	679	681	696	670	639	677	689	688	699	666	684	693	647	686	693	678.96	201
47	679	667	669	678	659	687	687	680	686	674	684	670	678	684	680	687	686	667	677	663	674	683	683	681	682	698	690	674	664	686	672	680	688	653	679	679	676	695	670	638	676	688	684	698	665	681	693	647	686	693	677.96	200
48	679	667	669	678	659	685	687	680	684	674	682	668	677	684	680	687	686	667	677	663	668	683	683	674	682	697	689	674	664	686	672	680	688	653	679	675	676	693	670	635	676	686	684	698	661	681	693	646	686	693	677.16	199
49	677	667	669	676	659	682	687	680	684	672	682	666	677	680	678	687	686	666	675	663	668	683	682	673	678	695	689	674	664	686	672	680	688	653	678	670	668	688	669	635	675	684	683	696	661	681	690	644	685	692	675.94	198
50	669	666	665	673	659	681	687	680	684	672	682	664	677	680	678	687	686	665	675	663	668	683	681	673	678	695	689	674	663	683	672	679	688	652	678	670	667	688	669	633	675	683	683	695	661	681	690	644	685	692	675.3	197
51	669	665	662	673	659	680	687	679	682	666	682	660	677	678	675	687	686	663	672	661	668	683	680	671	677	693	689	672	663	683	671	679	688	649	676	670	665	686	668	632	673	683	682	695	659	681	690	644	685	692	674.2	196
52	665	659	660	672	654	679	687	674	680	666	681	660	673	674	671	684	685	661	671	661	668	683	679	671	677	693	688	672	663	683	671	678	688	649	676	670	663	686	668	631	673	680	682	692	657	680	690	644	685	692	672.98	195
53	662	659	650	672	654	679	686	674	680	666	680	660	673	674	671	683	685	661	671	661	666	683	679	671	677	693	687	671	663	683	670	678	688	649	676	670	660	686	668	630	667	679	681	692	652	680	689	644	685	692	672.2	194
54	661	658	650	672	654	679	685	674	678	664	678	659	672	674	671	681	685	660	666	659	665	681	679	668	677	693	687	671	663	682	669	677	688	648	676	670	659	678	668	627	667	677	679	692	652	678	689	637	683	691	671.02	193
55	655	654	650	672	654	679	684	670	675	663	678	655	672	674	671	680	683	658	666	659	665	681	679	668	676	691	686	671	661	682	669	677	686	648	675	666	659	678	668	626	667	677	677	691	652	677	688	637	681	691	670.04	192
56	654	652	650	672	650	679	683	670	674	663	678	654	672	673	667	673	683	657	664	659	665	681	679	668	673	691	682	671	661	682	669	673	686	648	675	665	659	672	667	626	667	677	677	691	649	675	687	635	677	691	668.92	191
57	654	652	650	672	646	679	680	668	671	663	676	654	671	673	667	670	681	656	664	657	664	678	679	665	671	691	678	664	661	679	669	672	685	646	675	663	657	672	667	626	666	677	677	691	648	675	685	635	676	689	667.7	190
58	654	652	646	671	645	677	678	668	671	662	676	654	670	672	665	668	679	656	661	655	664	678	679	665	671	691	677	663	661	678	667	672	684	645	675	659	656	672	666	626	666	677	677	691	648	674	685	634	676	689	666.92	189
59	654	652	646	670	645	677	678	668	671	661	675	654	669	672	665	665	675	656	657	655	661	678	679	664	671	691	675	663	660	678	663	671	683	645	675	658	652	672	665	626	665	675	677	691	646	674	685	634	676	688	666.12	188
60	653	649	646	666	645	677	674	666	671	657	674	654	669	672	660	665	675	656	652	653	660	678	679	664	670	686	673	661	658	678	661	671	681	645	675	658	652	669	665	626	663	675	673	690	645	671	685	634	676	687	664.86	187
61	652	645	646	666	644	677	674	664	669	657	672	652	666	668	656	665	675	656	651	653	657	676	678	659	668	685	670	658	657	678	658	669	679	645	674	658	652	665	660	623	658	674	673	690	641	671	681	634	674	687	663.2	186
62	652	639	645	666	644	677	672	659	667	655	672	651	666	668	656	665	675	652	651	653	650	676	676	659	668	685	670	657	655	676	655	669	672	645	674	658	648	662	660	623	654	672	672	688	641	669	681	634	674	685	661.86	185
63	652	639	644	666	640	677	672	658	664	652	672	649	664	668	656	660	674	649	651	653	650	671	676	658	668	683	668	657	655	674	655	669	672	645	674	657	647	662	660	623	649	672	669	688	637	669	681	632	670	683	660.68	184
64	651	637	644	665	640	677	672	654	663	652	672	646	664	667	654	660	674	649	649	652	649	671	676	658	667	682	668	657	655	673	652	666	670	645	672	656	645	658	660	623	649	671	666	687	637	669	681	631	670	683	659.78	183
65	650	636	644	664	638	677	672	652	662	652	672	644	663	667	654	657	673	648	647	650	649	670	676	655	666	681	668	657	650	673	651	665	668	645	672	656	641	658	659	623	648	664	664	687	636	666	681	631	670	677	658.58	182
66	645	634	643	664	638	675	672	652	662	650	669	644	663	666	654	657	664	634	647	648	645	664	676	654	664	680	668	655	650	673	651	665	668	645	671	655	641	658	655	620	648	664	664	687	636	664	681	631	670	677	657.22	181
67	644	634	643	664	638	675	666	652	660	650	663	642	663	666	651	657	664	634	646	648	645	664	675	653	659	680	667	655	647	673	650	663	667	644	671	654	641	657	653	620	647	658	662	687	636	659	679	630	666	677	655.98	180
68	644	633	643	664	636	673	661	652	660	645	663	642	662	666	651	657	662	633	644	645	642	664	675	653	658	680	667	655	647	673	648	662	667	644	671	651	641	656	653	620	647	658	661	686	636	659	678	624	661	675	654.96	179
69	644	633	643	664	634	673	660	651	660	645	662	642	662	665	650	657	648	632	642	642	642	662	675	653	655	680	666	655	645	673	646	661	667	644	669	649	635	641	652	620	647	655	661	685	636	655	678	624	657	675	653.44	178
70	642	633	643	664	633	671	659	651	655	645	662	639	661	665	650	657	648	632	642	641	642	658	675	653	654	679	664	655	645	670	646	661	666	643	667	649	634	641	652	620	646	655	658	685	634	655	678	624	650	675	652.54	177
71	640	630	642	664	632	671	656	651	655	645	660	639	661	665	647	657	643	630	642	641	642	658	675	653	654	679	663	654	643	670	646	660	658	641	667	645	631	637	652	616	646	655	657	684	634	655	678	624	650	675	651.46	176
72	638	629	639	663	629	669	654	649	655	645	659	639	661	665	642	655	642	627	642	641	640	658	674	653	653	677	660	654	638	670	646	654	657	641	665	645	626	636	652	616	644	655	657	682	633	654	678	624	650	675	650.2	175
73	638	627	639	662	629	669	654	649	655	642	658	639	660	663	642	655	642	624	642	639	640	658	674	651	653	676	654	649	638	669	645	654	653	635	665	645	625	636	646	614	641	655	657	682	633	654	676	620	650	675	649.02	174
74	636	626	638	662	626	669	654	649	655	641	658	639	658	658	641	653	642	624	635	634	639	658	674	651	648	676	653	643	635	669	643	654	653	634	665	645	625	633	645	613	639	650	657	680	633	654	674	620	648	675	647.68	173
75	636	626	638	662	626	669	651	649	652	641	657	638	658	656	641	650	642	623	632	631	637	654	673	651	646	676	653	636	633	669	643	654	653	634	665	645	621	632	645	613	634	649	656	680	633	649	670	616	648	675	646.42	172
76	632	625	638	660	625	665	651	649	651	641	653	635	654	656	638	649	637	622	632	627	637	653	672	650	646	675	653	635	633	668	640	651	652	632	665	640	617	632	645	609	634	643	656	678	630	649	667	616	648	675	644.82	171
77	632	625	637	660	623	665	650	649	651	639	653	635	652	652	638	648	636	618	632	626	636	651	672	649	646	674	653	633	633	667	639	651	652	631	658	639	612	631	645	607	628	643	656	676	630	648	665	616	648	673	643.66	170
78	629	625	632	660	622	665	649	648	645	638	651	633	652	652	638	648	636	611	632	624	636	649	672	649	644	673	652	631	630	667	634	651	651	631	658	637	610	628	642	606	626	643	653	674	628	646	662	616	648	670	642.14	169
79	627	625	629	659	620	665	649	644	644	638	650	633	652	650	635	648	633	609	629	623	636	649	671	643	643	671	649	631	628	667	632	645	651	631	654	637	607	628	639	605	624	641	653	673	628	645	661	616	647	667	640.68	168
80	623	624	629	659	619	665	648	641	644	636	650	633	651	649	631	647	633	608	628	623	636	649	670	642	639	670	649	631	625	666	632	645	644	631	654	635	603	626	639	605	619	641	651	673	628	643	661	616	647	663	639.48	167
81	623	623	626	657	619	664	648	640	643	630	650	628	644	649	629	645	632	608	628	619	634	649	670	641	638	669	644	626	625	664	632	641	644	628	651	635	603	624	630	604	618	640	648	670	625	640	658	616	645	662	637.58	166
82	623	623	626	657	619	660	642	633	643	630	647	626	642	649	629	640	632	605	627	619	633	649	670	641	635	669	644	626	625	664	631	640	644	625	651	633	603	621	630	602	617	638	644	668	625	640	650	616	645	662	636.26	165
83	621	615	626	653	617	653	640	629	642	626	647	625	640	648	628	637	629	605	627	618	633	646	669	641	635	668	644	626	625	660	631	638	638	625	651	631	603	620	630	601	617	633	644	667	623	640	650	614	640	662	634.62	164
84	621	614	621	653	610	653	638	628	642	626	646	625	640	648	624	636	627	605	623	616	633	646	669	641	633	666	640	625	620	660	630	635	637	623	645	631	598	619	629	599	612	629	644	667	622	640	650	612	635	660	632.92	163
85	621	608	620	652	610	650	638	627	642	625	645	625	639	648	623	636	625	605	619	616	631	646	668	637	633	666	637	623	614	659	627	635	636	623	645	630	598	617	629	597	611	629	643	667	622	640	646	610	631	660	631.68	162
86	621	608	615	651	610	649	636	625	642	624	639	625	635	645	623	636	625	605	619	609	625	643	667	636	631	664	637	623	612	655	627	635	632	623	644	629	598	617	627	597	611	629	643	667	620	635	644	609	630	660	630.24	161
87	619	608	613	651	610	649	636	625	642	619	639	624	635	641	621	631	621	601	610	609	621	641	666	636	630	664	637	614	608	655	619	632	630	621	641	624	598	617	627	597	609	629	643	665	620	635	644	609	629	659	628.48	160
88	617	604	612	650	608	644	636	625	641	617	639	619	635	640	617	630	620	601	610	608	620	640	666	630	630	663	637	614	606	654	619	632	630	618	641	622	595	617	623	595	609	629	639	663	620	634	643	602	625	655	626.88	159
89	617	604	611	644	602	643	636	625	640	613	635	618	634	640	617	630	620	601	607	600	618	640	665	630	630	651	637	614	606	654	618	630	630	615	641	622	594	617	619	595	604	629	633	662	615	630	640	601	625	654	625.12	158
90	617	603	609	644	587	636	636	623	640	610	635	618	629	640	615	630	619	601	607	600	614	634	665	630	630	648	636	614	604	651	616	630	626	613	635	614	593	617	612	595	604	625	631	662	615	626	640	601	624	654	623.16	157
91	617	602	608	644	583	635	635	622	640	600	635	618	625	640	615	629	617	601	607	600	612	634	665	630	625	648	633	614	602	647	612	628	626	613	635	614	592	615	611	591	596	625	629	657	614	619	640	597	624	652	621.46	156
92	617	601	608	644	583	635	632	622	638	598	632	618	625	635	611	627	617	601	606	599	612	632	664	630	625	648	633	610	601	647	610	622	626	613	633	613	589	615	611	591	596	625	629	655	613	618	636	597	624	652	620.38	155
93	616	601	607	642	582	634	631	621	638	594	631	618	625	633	611	624	617	596	602	599	610	632	664	628	625	646	630	610	596	645	609	622	623	613	633	607	588	614	608	591	595	620	625	655	612	617	634	596	624	651	618.9	154
94	615	601	606	642	580	632	627	621	637	589	631	615	622	628	602	620	616	596	602	599	610	632	664	625	625	643	630	609	591	645	609	622	616	613	631	606	587	605	607	590	595	619	625	653	610	617	631	592	623	648	617.08	153
95	615	601	605	639	580	631	623	621	635	589	631	615	618	628	599	620	612	595	599	598	610	630	663	619	621	641	630	609	591	645	609	621	613	612	631	601	587	602	605	590	595	619	623	649	610	617	630	590	623	648	615.76	152
96	614	601	603	636	577	628	619	618	635	584	622	611	618	625	599	617	609	591	597	595	599	619	658	619	618	640	630	609	591	641	605	621	612	612	629	599	582	602	605	590	595	617	622	648	610	613	628	590	620	646	613.38	151
97	611	599	601	636	576	628	619	617	631	582	622	609	618	625	593	602	606	587	590	589	598	618	658	616	617	636	630	609	590	636	605	615	608	612	629	597	582	600	604	590	585	617	622	648	609	613	628	590	618	645	611.32	150
98	610	594	601	621	576	628	618	615	631	582	622	602	615	625	590	602	604	586	590	587	598	617	657	611	616	636	630	609	590	631	600	610	603	610	627	591	582	600	604	583	580	617	622	637	604	611	627	590	615	638	608.9	149
99	610	592	601	621	573	621	618	614	631	581	621	601	615	625	589	601	602	586	590	583	598	614	654	606	616	633	628	606	587	631	599	608	597	602	626	590	581	599	602	582	580	615	620	637	602	606	627	589	615	631	607.12	148
100	610	587	601	621	572	620	618	608	631	581	617	600	615	624	588	601	602	586	590	583	598	609	654	597	615	633	625	603	587	629	593	608	597	598	626	590	581	594	602	581	576	615	620	635	599	605	626	589	614	631	605.7	147
101	610	585	601	621	572	620	616	608	629	581	616	600	615	624	587	600	600	586	589	583	596	608	651	593	611	631	624	602	584	627	587	602	593	598	625	590	581	592	598	581	576	609	620	629	599	605	626	587	612	631	604.22	146
102	609	584	601	621	571	620	613	606	629	580	614	600	615	624	583	599	600	580	588	582	594	608	645	590	609	631	622	601	581	627	587	597	579	595	619	589	579	590	598	580	573	609	618	627	590	604	626	584	610	631	602.24	145
103	607	583	600	620	571	620	612	601	629	576	610	598	615	620	583	598	598	580	587	582	589	606	644	587	607	631	621	598	581	625	587	594	578	591	619	589	579	590	598	576	573	608	618	620	588	602	625	583	610	626	600.66	144
104	607	579	600	616	571	620	612	601	628	576	604	598	614	614	579	595	597	579	581	577	589	603	644	587	607	631	621	598	581	624	587	594	578	591	619	589	579	590	597	573	572	607	616	620	582	599	622	583	609	625	599.3	143
105	606	577	589	615	571	620	609	601	624	576	603	590	614	614	578	595	593	575	578	574	589	601	644	587	607	630	621	598	581	618	585	592	577	591	619	587	579	589	597	573	572	601	615	620	582	595	622	582	601	625	597.64	142
106	604	576	589	615	570	617	608	596	621	576	597	590	614	614	575	595	591	573	575	569	589	601	642	587	607	629	619	598	581	618	585	592	576	589	619	587	579	589	595	571	572	599	614	617	582	587	619	580	597	622	596.14	141
107	603	576	589	615	569	613	608	596	617	576	596	589	614	614	575	587	586	568	575	568	589	601	640	586	606	626	619	595	574	609	585	585	573	588	619	582	576	586	595	571	572	599	611	617	575	587	619	574	596	620	594.18	140
108	599	571	588	613	567	613	607	596	616	576	596	586	612	614	571	587	583	566	575	565	589	599	639	585	604	626	610	594	573	607	585	585	573	585	612	582	576	586	589	571	572	595	611	617	575	587	617	569	590	619	592.46	139
109	599	571	587	613	562	613	607	595	612	576	596	586	612	612	571	579	583	560	575	565	589	599	634	583	604	621	608	590	573	607	582	578	571	585	606	577	576	584	586	569	570	595	608	617	575	587	617	569	589	613	590.72	138
110	598	569	585	612	561	611	606	594	612	572	594	581	610	612	566	579	581	560	568	561	586	599	633	583	604	606	608	589	573	607	581	577	570	580	605	577	576	584	583	568	567	592	608	614	575	586	609	568	589	613	588.84	137
111	597	568	585	609	561	611	603	592	609	572	591	580	609	612	565	576	581	560	568	556	583	599	633	579	598	604	605	589	573	605	572	573	570	578	605	577	574	584	583	563	567	592	605	614	574	585	609	568	589	611	587.32	136
112	597	565	579	609	556	607	603	592	609	571	591	579	606	612	565	572	580	555	566	553	583	595	633	571	593	599	600	589	572	605	572	569	570	578	602	576	573	584	580	561	559	591	600	609	574	585	605	568	588	607	585.16	135
113	596	565	579	604	553	607	603	588	601	569	591	578	606	607	563	567	580	552	566	553	583	592	632	571	591	597	594	588	571	605	567	567	569	578	595	572	573	582	574	557	557	590	600	609	566	581	599	568	588	607	583.02	134
114	596	565	579	604	552	606	602	586	600	569	589	574	598	604	561	567	573	546	566	549	583	589	632	570	585	596	587	588	571	602	567	567	568	577	595	571	572	578	574	557	557	584	600	604	566	580	598	568	588	606	581.32	133
115	596	565	573	600	550	606	600	584	600	569	588	570	598	594	561	566	573	546	566	547	583	589	632	570	585	595	579	588	569	599	566	566	562	573	592	571	567	573	571	556	557	584	600	602	566	576	593	565	588	606	579.5	132
116	592	565	568	600	550	603	600	581	596	569	587	565	595	594	558	565	573	546	565	542	583	584	632	569	585	590	579	588	564	593	566	563	562	572	592	570	563	573	567	553	553	580	597	602	565	575	587	564	588	606	577.58	131
117	592	564	568	596	549	599	600	577	593	569	587	562	592	592	546	565	567	543	565	542	581	581	629	569	585	586	578	581	561	593	565	562	561	572	592	570	561	573	567	553	552	576	597	602	565	573	584	564	586	602	575.78	130
118	589	563	565	596	547	599	598	577	592	569	586	561	586	588	546	563	563	543	559	542	580	577	625	565	585	586	576	579	557	592	560	559	561	570	590	566	561	569	564	548	548	575	595	596	564	570	584	563	585	600	573.64	129
119	589	562	562	596	545	598	594	574	592	569	585	561	586	585	545	563	563	542	555	539	578	576	623	559	585	586	576	572	557	591	560	552	559	569	582	565	560	569	564	541	545	575	590	596	559	568	580	563	584	597	571.72	128
120	589	560	562	591	544	594	594	570	592	567	585	561	584	584	544	563	557	542	554	532	572	571	623	559	583	583	576	570	555	591	555	545	558	563	581	565	560	566	564	540	545	571	585	596	555	563	580	558	578	592	569.44	127
121	585	559	557	591	536	593	592	570	592	567	582	561	579	575	540	563	554	540	554	532	572	566	623	557	579	579	571	570	555	590	550	539	557	560	577	564	558	562	564	540	545	568	585	591	555	561	580	558	569	584	567.02	126
122	585	559	552	591	536	591	592	569	592	566	575	560	579	570	539	563	553	540	554	528	570	563	620	554	579	579	571	567	551	589	545	537	557	560	574	564	556	562	557	540	544	567	583	589	554	556	576	558	569	584	565.38	125
123	585	559	544	591	532	591	591	565	588	563	574	559	578	563	539	563	553	540	552	528	568	563	620	551	575	577	571	566	550	589	545	537	557	555	574	559	553	558	551	538	538	567	582	589	551	547	570	557	565	584	563.3	124
124	581	554	536	588	527	589	584	561	588	563	574	559	573	558	535	563	551	540	551	526	567	563	620	547	575	575	570	565	550	583	545	531	557	550	573	558	552	555	549	537	538	567	582	589	551	546	566	556	562	581	561.22	123
125	581	554	535	585	527	589	584	561	588	555	570	559	568	555	529	562	546	535	549	522	563	562	618	544	574	575	570	558	549	582	543	530	551	550	573	552	552	554	548	535	536	566	581	589	543	546	565	556	560	577	559.12	122
126	580	554	530	585	524	589	584	560	588	555	567	558	561	554	529	562	542	534	548	522	561	561	616	544	572	570	570	554	543	581	538	529	551	549	565	548	549	550	548	535	535	562	581	585	541	545	565	553	559	577	557.26	121
127	570	554	530	584	524	585	579	560	588	549	565	558	559	554	526	562	542	531	545	522	559	560	608	541	571	567	569	551	543	581	538	527	546	543	562	548	549	549	546	535	535	558	581	584	539	542	562	550	559	574	555.28	120
128	570	554	528	583	518	583	574	557	587	548	565	558	555	552	522	560	537	530	541	522	558	560	606	541	566	563	569	542	542	580	538	520	544	543	560	546	533	549	542	535	527	558	581	581	539	542	562	550	559	567	552.94	119
129	565	549	522	576	517	581	574	553	585	548	559	557	554	552	522	556	537	530	532	521	556	554	605	541	558	563	562	542	539	579	537	513	542	542	560	537	532	546	542	535	527	557	581	580	538	540	562	548	559	567	550.68	118
130	565	547	522	575	515	580	572	553	579	547	554	557	551	550	522	554	536	528	532	516	555	554	601	535	558	561	562	538	537	579	532	509	539	542	552	537	526	546	540	527	521	552	575	580	538	540	557	548	545	566	548.14	117
131	559	547	522	567	515	577	569	550	577	547	554	556	543	544	517	550	535	528	524	515	555	554	593	534	553	556	543	536	534	579	532	509	536	534	548	537	525	542	540	523	521	552	572	580	538	539	555	541	545	562	545.28	116
132	558	547	519	558	512	571	569	546	577	545	551	551	543	529	517	548	531	528	517	514	545	542	588	534	549	556	538	536	530	578	531	509	534	527	548	537	524	542	537	518	516	550	570	580	537	534	555	539	545	562	542.44	115
133	554	546	516	551	512	571	563	546	577	545	548	546	539	528	517	544	529	527	511	510	545	540	582	534	543	552	537	536	526	578	524	504	528	521	541	537	524	542	537	518	516	550	569	580	535	532	555	537	542	561	540.12	114
134	551	545	516	551	511	571	560	546	575	545	548	546	534	528	512	544	523	527	507	510	544	539	579	530	542	552	537	533	511	578	524	504	524	521	534	537	520	539	533	518	513	549	566	580	530	532	545	532	542	558	537.92	113
135	551	545	514	547	509	571	557	546	575	545	547	543	534	521	508	543	521	523	507	510	542	535	579	530	542	551	536	530	507	577	518	504	524	520	531	537	517	535	533	518	512	544	559	577	520	532	542	532	536	558	535.9	112
136	547	538	509	542	505	564	556	542	574	541	546	543	534	521	508	541	518	518	507	508	540	535	579	526	539	551	528	529	503	571	516	500	524	520	530	536	511	531	529	514	510	540	559	577	519	530	541	531	536	554	533.42	111
137	547	532	504	536	500	558	556	542	573	539	546	541	527	514	503	536	509	518	503	508	536	531	579	526	539	548	526	528	503	571	512	499	524	516	527	532	510	530	527	514	503	536	559	577	519	528	540	531	536	554	531.06	110
138	546	526	499	536	500	557	555	542	569	534	540	540	525	507	500	536	502	516	499	508	536	528	576	523	535	548	522	526	503	571	503	498	520	516	526	532	510	527	527	512	500	536	557	577	512	528	536	526	532	551	528.62	109
139	539	526	496	531	498	555	555	542	567	517	539	539	518	505	499	533	501	513	498	499	534	525	568	523	535	545	518	523	497	571	501	497	512	514	524	527	506	522	527	512	495	526	557	577	511	527	533	526	532	551	525.72	108
140	529	521	490	528	498	552	554	535	564	513	537	539	516	499	491	533	499	510	497	496	534	510	568	522	534	539	511	523	496	571	494	497	511	507	523	526	499	517	523	511	488	524	557	572	502	527	533	526	529	549	522.48	107
141	527	515	487	528	498	548	551	531	563	508	532	539	516	498	481	528	498	507	493	496	518	509	563	516	529	533	509	520	496	570	491	495	501	507	523	524	490	507	520	508	488	517	556	572	499	527	533	524	529	541	519.18	106
142	527	515	487	528	496	548	548	530	563	503	531	539	516	497	477	527	492	507	493	486	516	508	561	510	529	528	499	520	493	570	487	494	501	507	520	523	488	507	517	508	483	517	555	569	494	527	528	517	529	533	516.96	105
143	525	510	484	526	494	541	542	526	563	499	530	535	511	497	477	525	492	505	488	474	516	499	555	510	529	528	498	517	483	565	484	494	500	507	520	522	486	505	514	506	475	516	549	564	490	525	528	513	523	533	513.96	104
144	525	504	475	526	489	540	542	523	557	498	527	534	506	490	475	522	488	499	484	474	512	494	550	510	527	527	496	512	478	559	484	492	496	507	520	522	484	505	508	498	475	512	549	557	489	522	525	511	519	531	510.98	103
145	523	500	467	523	481	534	542	514	550	494	523	528	505	487	475	520	488	497	483	472	511	488	544	506	525	522	496	509	478	559	479	483	496	501	516	522	484	505	505	494	473	509	548	556	481	522	519	511	519	531	507.96	102
146	518	500	467	516	480	534	537	513	549	494	513	528	504	480	471	514	487	495	482	472	505	487	544	506	524	522	496	509	475	558	475	477	496	491	514	520	484	501	504	491	473	507	548	550	481	522	514	511	519	531	505.78	101
147	518	500	464	516	476	534	536	513	546	486	513	524	498	480	471	508	482	495	480	472	505	487	544	502	524	522	496	505	466	558	475	469	490	490	514	514	483	501	504	491	470	500	543	550	480	521	514	509	514	526	503.58	100
148	516	500	464	514	476	534	535	507	543	486	513	524	496	475	471	504	481	495	479	471	502	481	544	501	516	515	496	504	466	553	475	469	488	488	514	514	483	495	500	486	470	500	540	550	477	517	504	505	510	520	501.34	99
149	512	493	464	513	472	533	523	507	543	483	513	518	493	475	470	496	476	495	479	458	502	480	540	501	516	515	493	503	458	553	466	469	484	488	514	514	478	494	500	484	470	499	536	550	477	516	504	503	508	520	499.02	98
150	512	486	448	513	472	533	523	499	539	477	509	518	485	475	469	495	476	488	473	458	495	479	540	499	516	511	490	495	458	546	462	469	484	488	508	514	478	494	499	482	467	498	532	547	462	516	504	499	508	520	496.16	97
151	512	481	441	511	472	533	518	499	539	476	508	518	479	474	461	489	468	479	472	451	494	474	536	497	514	508	486	491	454	545	457	466	482	488	508	514	478	494	497	480	451	497	532	544	462	514	503	499	507	517	493.4	96
152	506	480	440	507	472	531	518	499	536	476	502	518	473	474	452	486	460	479	470	451	494	473	527	497	514	503	485	491	449	538	453	464	476	488	501	514	469	494	497	480	451	497	532	534	462	513	498	493	507	513	490.74	95
153	505	478	440	505	466	527	517	489	517	476	499	508	473	471	449	481	460	477	462	448	493	473	519	496	513	498	485	487	449	533	445	463	474	487	501	514	463	494	493	475	450	490	518	530	461	512	479	489	507	513	487.04	94
154	499	478	438	502	466	527	511	486	517	470	495	508	463	465	433	481	453	471	455	448	485	473	514	476	511	498	479	487	443	533	433	463	472	483	501	514	462	488	484	468	444	479	518	529	452	511	479	488	505	513	483.02	93
155	499	470	432	500	462	521	511	486	515	469	495	501	457	464	431	478	446	468	455	433	485	466	510	474	509	488	479	486	442	527	433	463	468	483	501	512	457	488	484	466	440	479	511	529	448	511	479	488	500	513	480.24	92
156	496	464	423	495	462	516	507	479	513	463	495	501	455	461	422	474	445	459	448	433	485	462	509	473	508	481	478	485	442	525	432	460	468	482	499	512	457	481	480	463	434	474	510	526	448	511	474	487	500	507	477.28	91
157	496	464	423	485	456	516	506	479	513	462	485	497	452	457	422	472	439	459	445	433	478	455	509	467	508	481	476	482	442	522	431	457	468	482	497	506	457	475	480	462	434	467	502	523	446	510	473	484	500	506	474.82	90
158	489	462	420	483	456	511	505	476	508	462	485	497	452	457	422	469	439	450	444	433	478	453	509	457	508	476	476	476	440	516	428	450	461	479	496	506	456	475	476	462	434	463	492	516	443	510	472	482	500	505	472.3	89
159	489	461	416	480	456	511	502	476	508	460	481	497	452	455	419	465	438	450	444	433	478	452	508	457	506	466	473	473	435	516	428	445	455	475	483	506	450	475	476	456	427	461	492	509	438	510	466	473	495	505	469.64	88
160	486	458	413	471	449	511	497	470	497	460	481	496	447	454	419	460	434	444	444	428	477	440	508	457	506	461	470	471	433	516	421	445	454	469	483	502	450	474	471	456	419	456	485	506	438	510	466	473	495	505	466.72	87
161	476	455	407	462	439	509	497	461	489	457	479	496	444	454	419	456	432	436	440	427	473	440	502	457	498	461	470	468	433	511	420	438	444	469	482	502	450	473	464	456	417	453	474	506	434	490	462	471	492	500	462.9	86
162	474	451	404	462	439	509	497	461	489	452	476	487	441	454	413	449	432	424	435	426	473	438	501	452	495	460	461	468	427	511	415	435	444	458	482	501	449	468	453	449	416	452	469	504	427	490	457	464	490	497	459.62	85
163	466	448	404	462	439	509	491	458	488	449	476	481	441	454	413	449	432	423	435	418	472	437	497	451	490	460	461	468	425	511	415	434	442	458	475	498	439	466	445	437	415	452	462	502	414	490	452	456	489	495	456.88	84
164	459	446	404	462	436	509	490	458	488	449	476	481	441	454	412	449	429	422	435	416	465	430	496	451	487	455	457	462	423	510	396	428	438	456	470	490	439	459	445	428	413	449	462	502	412	480	450	448	489	486	453.84	83
165	451	443	404	462	435	509	490	450	488	446	469	478	439	452	411	447	429	419	427	416	458	430	488	450	480	454	452	461	423	510	388	428	430	455	468	489	434	448	440	422	409	449	452	499	409	479	450	448	488	478	450.68	82
166	450	428	404	462	435	502	490	449	488	446	468	475	439	450	400	446	428	418	419	414	454	427	488	435	474	450	448	454	418	510	384	425	428	446	463	488	432	448	439	420	409	443	446	492	407	477	445	447	485	475	447.36	81
167	448	426	404	454	435	498	486	449	483	439	463	475	439	450	400	446	426	418	417	410	450	422	478	432	464	449	441	453	417	506	378	425	428	446	458	488	422	448	420	412	407	443	439	492	397	477	437	447	483	469	443.88	80
168	448	425	403	454	427	498	486	446	483	439	459	468	439	443	394	438	426	418	415	406	441	416	470	431	464	449	431	445	417	506	372	416	418	442	458	469	417	447	420	412	404	443	431	492	397	477	433	447	483	469	440.64	79
169	447	416	398	450	417	492	486	446	476	439	456	467	436	442	387	438	425	418	415	405	441	409	467	429	464	442	419	442	414	503	371	415	418	442	450	461	416	442	410	410	404	442	417	482	391	474	426	447	483	459	436.92	78
170	439	416	398	445	417	487	480	441	475	431	456	466	436	438	382	433	425	408	415	404	441	406	462	422	462	439	419	432	410	492	362	409	409	436	446	453	413	436	409	404	404	436	417	480	389	474	420	439	481	457	433.02	77
171	429	409	398	445	417	482	469	441	466	423	456	455	434	438	381	427	419	402	411	403	437	405	456	422	456	438	419	432	400	490	361	397	407	433	446	448	402	436	400	394	403	426	411	480	389	469	410	439	472	449	428.64	76
172	425	408	389	440	417	473	467	441	457	423	452	455	428	436	381	427	419	401	407	402	437	405	455	419	446	430	416	430	400	486	361	396	407	424	442	448	396	436	400	388	394	417	407	472	389	469	404	439	468	438	425.34	75
173	423	408	389	432	414	471	458	439	455	415	452	451	420	426	380	420	418	400	400	398	434	397	442	418	446	430	412	424	394	481	361	395	403	414	441	443	395	432	398	379	393	415	403	461	380	467	404	435	466	429	421.22	74
174	418	400	386	431	412	471	458	437	449	412	443	450	404	426	379	411	417	400	400	391	428	392	436	406	446	423	408	417	391	481	353	395	402	404	441	434	386	426	391	378	392	410	403	461	378	460	399	435	463	426	417.2	73
175	416	391	385	431	401	466	450	437	449	411	442	450	404	426	377	401	414	400	397	388	428	391	430	404	446	418	407	417	390	475	348	395	397	398	439	432	384	426	390	370	392	410	394	458	375	460	396	435	460	422	414.46	72
176	410	382	385	430	396	465	448	433	449	411	442	446	396	426	370	396	407	398	395	385	421	389	430	403	446	418	394	413	387	472	348	394	394	389	439	423	384	424	379	364	391	405	393	454	370	459	388	435	460	421	411.14	71
177	410	380	385	430	395	459	448	431	449	400	437	435	388	421	360	389	405	398	395	378	420	387	430	402	444	418	387	413	386	463	348	394	386	389	438	417	384	415	374	359	391	405	384	447	370	459	377	430	452	421	407.66	70
178	401	378	383	428	388	453	443	431	448	400	431	431	387	414	349	389	402	392	390	377	414	383	423	402	437	418	384	413	381	461	336	393	386	389	437	407	380	415	374	358	391	405	381	445	368	458	376	430	452	412	404.48	69
179	394	378	382	421	388	443	443	427	442	394	431	422	386	413	349	381	397	392	381	376	408	383	418	401	430	407	384	410	371	459	336	378	386	389	437	401	376	402	373	357	380	405	372	443	361	448	370	428	442	403	399.96	68
180	392	370	380	421	380	443	442	425	437	386	430	413	386	404	348	379	394	384	379	373	401	373	417	393	430	402	384	403	363	457	336	378	374	388	430	401	363	395	373	346	373	400	372	438	361	446	370	428	441	393	395.9	67
181	381	356	378	419	379	443	436	425	437	384	430	403	375	402	346	374	394	383	372	371	397	373	416	392	429	397	381	403	362	456	332	378	366	388	424	401	363	388	373	342	373	400	363	431	358	438	362	428	439	389	392.6	66
182	381	353	369	413	379	432	425	424	436	384	422	398	374	399	345	374	383	382	364	358	391	371	413	391	420	395	373	389	360	452	327	378	366	386	424	398	362	388	373	338	373	392	357	427	352	432	357	420	438	382	388.4	65
183	381	353	368	413	374	432	415	410	436	384	422	386	367	399	343	373	382	382	361	358	390	371	403	390	418	395	373	384	354	451	320	378	363	386	424	393	361	388	372	326	366	390	349	418	352	427	351	420	438	378	385.36	64
184	379	349	368	412	372	425	405	399	436	370	417	379	359	399	343	365	374	381	361	358	390	362	395	384	416	393	369	384	354	446	319	378	355	385	421	393	361	383	372	326	362	387	347	407	343	427	351	416	428	371	381.52	63
185	378	342	356	401	360	418	404	398	433	369	411	370	359	391	340	356	374	374	353	355	390	362	393	377	413	382	368	381	354	439	318	378	343	377	409	393	361	373	366	326	362	386	347	400	343	419	337	416	423	371	376.98	62
186	368	341	351	395	360	409	399	389	428	369	407	370	359	387	340	349	373	374	345	353	390	356	392	377	403	368	358	381	354	435	316	370	342	374	409	391	358	368	360	321	348	385	344	390	338	419	328	415	422	362	372.8	61
187	359	341	340	386	343	399	397	388	418	369	396	363	359	378	337	339	373	373	340	343	390	348	384	371	401	362	347	380	353	430	310	365	342	367	404	391	353	367	357	310	342	377	341	390	337	414	327	407	420	355	367.66	60
188	348	337	339	386	340	396	397	383	418	361	387	363	357	373	334	339	368	370	331	335	380	344	379	367	401	359	347	371	346	425	305	362	342	367	403	391	351	367	349	305	330	377	341	390	335	410	318	397	420	355	363.92	59
189	338	337	327	386	331	386	397	383	412	355	384	361	357	361	325	339	368	365	319	333	380	338	377	367	393	356	341	363	341	424	301	362	339	358	396	387	351	366	337	297	330	377	341	390	326	404	317	397	412	353	359.7	58
190	338	337	321	374	330	375	397	377	406	353	374	360	346	352	313	329	362	357	307	333	379	338	372	367	392	346	341	351	331	424	297	355	337	350	392	387	343	358	337	291	329	375	332	382	325	398	316	387	410	353	354.72	57
191	326	334	318	369	328	375	396	377	399	353	374	355	346	344	311	329	362	357	307	333	366	334	362	360	391	344	341	343	329	416	297	355	330	348	381	387	333	349	330	291	318	373	325	381	312	389	316	385	397	349	350.5	56
192	326	333	317	351	315	375	395	366	390	341	365	350	344	339	310	318	357	356	294	331	366	326	362	360	379	334	336	339	329	415	297	352	323	347	377	383	331	348	330	290	315	364	314	378	300	388	315	376	397	347	345.82	55
193	315	330	317	348	306	375	384	357	382	329	365	342	334	339	308	318	355	351	293	329	356	324	358	353	366	330	328	338	329	413	296	343	315	338	366	383	331	342	323	290	303	362	305	377	299	386	315	372	386	345	340.98	54
194	315	327	312	341	306	367	383	349	378	319	365	338	325	339	306	313	355	342	293	323	356	320	358	350	360	320	327	335	329	401	290	342	315	338	357	374	331	337	323	285	297	353	305	376	299	376	315	362	382	344	337.06	53
195	314	326	302	340	305	360	382	346	373	318	365	336	324	327	304	298	344	334	293	323	356	319	351	343	352	320	317	335	318	394	288	341	315	338	345	368	331	335	311	277	297	353	296	368	290	369	314	362	374	335	332.52	52
196	311	326	287	332	305	359	375	346	370	317	364	324	324	316	304	298	341	333	285	323	349	319	343	338	352	306	317	326	314	388	275	333	315	335	345	368	326	326	299	277	297	353	296	354	290	365	312	360	369	323	328.2	51
197	300	326	278	324	303	358	372	330	361	317	364	320	317	315	302	291	341	320	285	313	349	319	340	337	341	304	311	326	313	379	275	320	310	327	345	368	318	325	285	261	288	351	290	351	288	358	304	359	357	321	323.14	50
198	290	324	271	317	301	350	367	329	350	307	363	317	315	314	294	284	335	318	276	313	339	319	329	336	341	303	299	325	300	368	275	314	310	321	345	367	318	323	281	254	276	351	288	343	288	357	301	358	347	320	318.62	49
199	286	319	261	314	289	348	357	316	343	294	351	305	315	298	287	279	326	316	273	306	333	316	327	329	340	303	287	325	292	360	275	311	310	321	337	357	317	313	278	254	276	340	288	343	281	347	301	358	347	317	313.32	48
200	286	319	261	310	285	348	356	310	334	294	341	298	314	294	287	268	325	314	266	301	319	315	324	329	333	302	276	313	292	360	275	300	299	321	331	357	306	310	264	254	276	340	280	334	280	338	300	358	346	304	308.94	47
201	275	319	257	305	285	347	352	304	323	289	341	298	312	294	279	259	325	314	256	295	319	310	324	329	324	302	276	313	291	352	275	292	297	320	322	350	295	310	263	240	271	339	274	328	272	337	300	350	337	291	304.64	46
202	273	313	256	305	284	333	351	293	321	283	334	295	312	294	271	258	316	314	243	290	319	310	312	320	324	292	274	306	283	350	275	292	283	307	321	347	294	309	260	228	271	322	265	319	266	332	300	339	331	278	299.36	45
203	267	305	245	298	282	328	347	293	308	280	334	294	312	291	265	254	315	309	242	289	318	310	308	308	309	283	274	306	280	350	261	283	273	300	319	339	282	298	260	228	262	320	264	308	256	323	299	339	331	278	294.54	44
204	267	293	243	296	278	315	346	281	308	278	331	294	308	289	253	243	314	300	236	280	305	301	295	307	306	283	260	306	270	349	249	271	261	294	308	339	271	290	260	217	261	317	255	301	255	312	297	326	327	278	288.48	43
205	266	293	243	295	277	302	333	281	301	267	318	294	308	285	252	238	310	295	236	268	305	301	286	302	305	282	258	303	270	339	249	269	259	282	295	338	262	287	259	215	261	317	253	300	255	312	291	321	317	277	284.64	42
206	262	291	243	292	272	297	332	268	301	256	309	293	296	276	252	229	300	294	235	259	291	299	286	289	303	282	255	293	263	339	246	259	257	281	279	324	262	279	259	211	261	316	251	297	252	310	284	319	307	268	279.58	41
207	262	286	242	291	258	286	316	256	301	244	297	285	295	274	241	227	295	287	235	255	281	286	286	289	292	281	246	281	262	339	246	249	257	278	273	324	261	279	245	211	252	314	249	291	243	299	275	311	307	258	273.96	40
208	247	275	241	291	253	285	312	253	301	242	292	285	295	274	241	224	287	272	235	253	266	278	276	289	288	269	232	272	260	338	240	249	247	276	267	322	253	279	242	204	252	312	241	291	243	289	263	297	299	258	269.0	39
209	246	270	230	291	251	271	311	252	293	228	290	282	294	272	240	223	287	270	230	252	266	274	263	289	288	254	231	268	260	336	238	238	241	276	267	307	244	279	241	200	241	310	237	290	233	289	252	285	283	254	264.34	38
210	245	270	215	288	240	269	309	252	291	227	290	266	294	272	232	211	282	269	217	252	253	265	260	276	287	244	228	266	247	321	228	238	228	263	256	302	235	279	238	200	240	303	225	281	233	289	241	285	282	253	258.74	37
211	239	254	212	274	234	267	298	243	279	219	290	256	287	262	228	211	275	258	207	252	250	250	249	275	276	238	211	260	233	319	225	225	226	258	256	291	231	279	222	200	236	286	225	278	225	286	241	277	271	251	251.9	36
212	232	252	201	272	224	265	286	232	279	219	288	255	275	252	228	211	269	258	205	251	249	250	237	266	276	226	197	251	224	318	225	224	216	257	253	281	226	267	222	200	225	272	224	278	225	286	228	276	259	251	246.86	35
213	231	252	200	270	211	250	284	231	275	217	277	251	274	239	228	201	255	255	205	251	249	238	236	254	268	222	184	237	214	309	217	214	200	257	252	281	212	267	221	200	222	255	222	265	213	280	228	268	258	240	240.8	34
214	217	239	200	270	206	235	284	231	272	209	258	251	268	239	227	198	241	255	199	240	249	235	232	254	260	216	171	237	201	297	207	198	199	249	251	281	212	254	204	192	222	241	219	264	213	279	220	257	258	237	234.96	33
215	217	238	198	270	195	233	273	222	263	208	257	234	268	237	226	198	231	242	198	230	246	223	230	250	260	197	158	223	193	297	196	194	199	235	237	270	210	241	200	191	211	230	219	264	204	274	214	255	248	231	228.76	32
216	207	238	187	257	195	233	262	205	251	208	246	232	267	225	213	198	231	236	198	230	239	215	230	237	258	194	156	222	193	296	183	192	198	235	230	267	208	231	200	174	211	230	211	256	204	261	208	255	235	227	223.5	31
217	199	229	184	249	192	233	262	187	251	208	236	222	267	213	213	189	229	234	192	230	235	215	223	228	255	184	156	218	185	281	173	189	188	234	227	256	205	221	200	161	208	222	208	254	202	247	208	255	235	227	218.38	30
218	197	226	184	241	191	221	249	185	238	204	234	222	260	208	212	188	217	231	181	228	227	206	223	228	255	184	155	218	185	271	173	189	188	221	214	256	189	220	190	144	208	204	208	238	202	246	208	254	235	225	213.62	29
219	194	225	184	228	189	221	235	183	237	190	219	210	244	208	207	188	217	231	165	228	227	204	212	227	240	182	154	218	185	271	173	173	177	220	202	254	185	220	188	144	191	204	206	236	201	232	196	244	233	211	208.26	28
220	193	216	169	218	189	205	223	183	228	180	215	193	233	208	191	188	217	221	162	221	212	191	212	225	239	179	148	217	185	257	172	172	163	220	197	254	178	218	176	144	190	193	206	225	199	231	194	237	219	210	202.32	27
221	181	215	154	203	187	203	223	180	228	180	214	193	232	208	191	187	203	220	162	220	212	190	202	213	233	176	148	204	185	245	169	171	163	210	197	254	178	206	176	142	189	181	202	213	199	215	181	223	204	209	197.48	26
222	181	210	143	203	187	187	220	179	228	168	212	189	229	207	183	173	193	213	162	205	206	177	202	198	218	165	141	204	176	241	161	171	163	196	197	239	178	192	174	142	185	180	189	199	199	204	173	220	190	194	190.92	25
223	171	195	135	201	187	185	220	178	227	153	197	188	220	199	183	167	193	213	146	205	206	159	192	196	208	161	123	193	158	233	153	168	148	196	185	227	178	188	167	140	184	179	189	199	184	204	163	219	181	194	184.76	24
224	170	195	122	194	184	168	212	163	226	145	184	177	219	197	166	164	191	202	146	205	197	159	175	194	193	160	108	177	157	218	152	168	142	178	183	227	173	186	167	140	170	178	188	195	184	202	158	205	167	193	178.48	23
225	169	190	122	185	179	153	194	163	214	134	181	161	210	180	166	151	189	188	134	205	197	158	160	183	181	146	107	176	142	217	151	168	140	165	169	224	162	183	167	124	166	178	174	184	172	189	144	197	167	189	170.96	22
226	159	177	109	185	161	149	185	163	214	133	179	161	200	179	158	138	178	184	133	199	187	155	148	175	178	144	105	176	131	217	149	151	130	149	153	212	161	183	165	122	166	177	168	167	166	181	137	185	167	188	164.74	21
227	159	176	108	185	161	149	173	145	200	117	163	144	200	162	154	137	178	178	132	195	175	144	148	162	162	136	92	165	131	214	149	145	130	130	151	202	158	174	165	107	162	166	167	153	155	170	128	185	162	181	157.7	20
228	143	176	107	172	147	132	156	145	187	116	148	141	199	149	153	129	164	172	114	188	162	144	128	148	160	134	74	165	131	214	134	145	114	130	142	198	156	174	151	107	148	166	153	135	140	169	128	185	161	167	150.02	19
229	143	173	103	163	132	129	142	136	172	116	135	132	185	148	153	114	164	157	99	172	149	140	126	148	148	116	74	158	116	213	122	144	114	114	126	186	153	160	134	99	148	151	150	134	139	168	127	178	145	153	142.02	18
230	143	173	87	159	116	120	142	135	159	116	118	130	172	136	146	102	151	146	98	161	149	140	122	144	147	97	74	146	101	201	118	139	99	114	125	173	144	157	133	99	147	146	150	133	136	155	125	176	128	153	135.62	17
231	140	173	87	146	113	120	142	132	159	115	117	119	159	122	133	91	136	144	95	149	148	140	122	126	131	94	74	146	99	197	118	138	84	113	124	164	132	141	128	87	132	146	135	133	122	155	125	162	120	153	129.62	16
232	131	156	79	130	96	120	126	132	146	99	98	108	156	120	133	83	120	144	76	149	138	140	122	116	126	94	67	146	97	195	118	126	66	109	113	164	127	122	128	86	122	139	126	116	122	147	122	153	103	140	121.84	15
233	115	145	79	115	94	109	123	122	143	86	98	108	155	110	115	81	119	140	76	145	135	139	109	116	118	94	66	142	96	186	106	118	59	90	105	163	109	104	113	86	117	133	110	116	121	131	121	149	102	121	115.06	14
234	115	129	78	114	94	108	108	122	132	86	92	107	151	92	115	79	109	122	76	134	133	123	103	101	103	94	65	142	92	177	106	118	56	72	87	150	108	102	110	86	108	115	94	112	102	112	105	133	85	107	107.28	13
235	115	111	73	96	93	103	107	120	132	86	74	102	149	76	112	74	90	108	59	117	118	104	86	96	88	83	65	125	73	162	104	117	56	65	86	149	89	95	105	67	90	115	78	110	102	111	99	117	66	106	98.48	12
236	99	91	73	79	91	100	90	120	124	67	56	84	135	71	109	73	75	89	59	117	117	91	86	95	77	78	65	123	72	161	104	117	55	63	86	132	81	95	105	66	88	106	73	108	99	102	99	99	65	89	91.98	11
237	80	91	63	79	91	83	90	101	115	67	55	83	117	55	109	68	75	80	47	98	116	83	85	78	66	61	62	123	72	141	99	106	50	62	83	123	74	80	105	55	73	104	72	103	87	87	97	92	65	83	84.68	10
238	66	90	63	79	91	82	73	86	98	67	55	77	102	52	106	67	70	80	40	84	115	65	68	62	63	45	60	118	72	133	97	86	36	45	83	104	70	63	95	55	62	104	71	87	70	86	92	90	53	67	76.9	9
239	49	89	63	73	91	64	54	67	95	67	51	61	96	51	93	47	50	80	39	83	99	64	58	45	44	45	57	108	55	114	81	80	26	41	77	92	66	63	84	55	61	89	69	87	51	75	92	73	53	54	68.42	8
240	46	87	51	71	79	64	46	60	95	66	31	57	95	47	93	47	31	80	39	72	88	61	41	45	32	45	53	91	53	95	64	60	26	40	76	81	46	59	66	38	44	73	64	68	31	59	76	53	35	38	59.16	7
241	45	69	33	56	79	61	42	55	77	46	28	40	75	47	76	47	29	75	38	61	87	43	41	45	30	31	53	91	53	82	46	46	26	38	58	65	36	58	66	32	32	56	63	49	31	46	63	50	35	18	50.98	6
242	45	68	28	43	61	42	26	40	60	41	8	40	65	45	57	47	28	73	38	49	77	43	40	44	27	25	43	75	37	64	27	26	25	38	58	51	21	55	60	28	31	54	63	49	12	26	62	37	31	18	43.02	5
243	25	51	28	24	42	41	22	31	43	22	7	40	52	45	57	27	25	73	24	45	58	26	40	38	7	6	43	57	37	64	21	25	5	20	42	35	1	40	54	28	31	36	52	30	12	24	58	31	29	5	33.58	4
244	6	48	8	10	40	32	5	31	38	14	3	20	40	45	37	23	7	54	24	30	39	14	39	20	5	3	26	54	34	46	21	21	5	20	42	29	1	39	52	25	24	26	33	29	7	9	57	15	9	5	25.28	3
245	0	29	6	10	21	12	4	22	18	7	2	20	21	40	20	22	7	39	22	11	19	0	21	4	5	3	6	40	14	26	21	20	5	13	35	29	1	24	38	24	4	25	20	10	3	7	39	12	7	0	16.16	2
246	0	10	5	6	11	12	0	20	13	1	0	20	8	20	20	20	2	20	20	0	19	0	10	1	5	1	5	20	9	7	2	2	2	2	15	11	1	20	19	17	4	20	0	0	3	1	20	1	2	0	8.54	1
247	0	0	0	0	0	0	0	0	0	0	0	0	0	0	0	0	0	0	0	0	0	0	0	0	0	0	0	0	0	0	0	0	0	0	0	0	0	0	0	0	0	0	0	0	0	0	0	0	0	0	0.0	0

