50.36260122589593
58.57049460874227
61.403835398863606
63.90566976869043
64.86364144780993
66.65683862019594
66.825209162901
67.38362377522259
67.51094470046081
67.98226030155251
68.6964173862467
68.63304214576529
68.62283566730791
68.25309270278737
68.7740872891593
68.54174309874276
69.03545143394034
68.77697306608206
69.11501163258912
69.153891324773
69.26296362578856
69.19906268175916
68.93193816831469
68.83448727126307
69.29030580287234
69.0995928593799
69.33394478994228
69.33189790165987
69.49139859514113
69.24533577915973
69.43364950114086
69.48885396626548
69.71930786094585
70.16195584090198
69.83253545702651
69.48700841125674
68.93182631649593
68.87599548118651
68.70470001342225
69.28398058252421
69.62664422173506
68.98808778130736
68.99602926043575
69.00022370363737
69.27614536262362
69.16619502483113
69.41282828508794
69.02771688067646
69.25632522034812
69.24281911323877
69.34890497069482

