51.14283333333333
50.618499999999976
51.769833333333324
52.832166666666694
52.98766666666664
53.904166666666676
53.41366666666666
53.75966666666664
54.95949999999999
54.39099999999999
54.175666666666665
52.87616666666669
53.02899999999998
54.20966666666664
55.27916666666667
55.27683333333332
55.51283333333332
54.55733333333333
55.459333333333326
54.68583333333334
54.88900000000001
55.741166666666665
54.89816666666667
55.047666666666686
55.05000000000003
54.10033333333332
54.95633333333334
54.93983333333333
55.49533333333333
54.11950000000001
54.6635
56.31800000000001
55.22166666666665
55.53283333333333
55.69633333333333
56.435333333333325
56.342333333333336
56.08983333333333
55.59083333333332
55.48649999999999
55.99633333333335
55.87200000000002
55.66000000000001
55.74433333333334
55.92733333333333
56.06149999999999
54.296500000000016
54.50899999999999
54.27316666666666
55.58249999999999
56.525333333333336
54.46733333333334
55.03633333333333
54.42500000000001
55.310833333333335
55.25050000000002
55.93983333333333
56.141666666666666
56.039666666666655
57.80516666666667
56.19733333333335
56.384166666666665
56.03766666666663
55.57716666666666
54.56616666666666
55.597333333333346
55.98049999999999
54.39816666666665
55.9225
56.237
55.73616666666666
56.91799999999999
55.172333333333334
56.16216666666667
55.42466666666667
55.58516666666667
56.84916666666666
56.45466666666666
56.98133333333334
55.585666666666675
56.704333333333324
57.18600000000001
56.392333333333355
55.88133333333333
55.72516666666668
56.54783333333332
55.748666666666665
56.542166666666645
57.01283333333335
57.11900000000002
55.62350000000001
56.79616666666666
55.592833333333346
58.110166666666665
55.02683333333332
55.46116666666665
54.10516666666667
55.702833333333324
56.924833333333346
56.316999999999986
57.267499999999984

