51.65925672594619
53.49046207630338
58.50300197598418
60.71496428028576
61.85628514971879
61.984344125246984
59.39447484420125
60.524205806353535
63.133644930840575
62.2516719866241
62.609249126006986
62.23514211886305
63.02876576987385
63.28621371029032
63.43042255661954
63.21933424532604
63.277283781729764
62.80152758777929
63.71295029639762
63.267403860769086
62.59290925672594
65.03153974768203
62.64800881592948
64.99696002431982
64.71861225110197
62.57466940264478
64.32094543243653
63.386152910776694
62.706718346253254
61.99650402796779
63.762729898160806
62.22355221158229
62.34591123271013
61.222070223438195
62.24977200182396
63.41503267973857
63.73271013831887
62.967016263869894
61.710176318589426
65.18372853017176
63.65253077975376
62.21918224654202
62.84674722602218
63.53891168870649
62.9434564523484
62.92407660738715
62.73445812433502
61.684146526827774
61.37330901352789
63.427382580939366
62.251671986624125
62.67517859857119
62.539519683842535
63.13611491108071
63.191404468764254
62.85377716978263
61.93038455692357
63.031805745554024
64.55578355373156
62.82907736738107
62.31684146526827
62.87638698890409
63.57938136494909
63.105905152758815
63.35974312205502
63.487232102143174
63.52010183918527
63.02496580027359
62.94136646906823
61.32846937224501
62.978606171150616
64.88638090895273
63.56304149566804
63.65348077215385
63.84385924912602
63.30996352029186
62.561179510563925
63.33846329229367
64.43475452196384
63.59287125702995
63.75493996048031
62.950866393068864
62.27219182246541
63.285453716370284
62.299551603587176
61.92354461164311
64.07394740842075
63.454932360541115
62.49601003191974
63.01318589451284
63.140674874601
62.69113847089224
63.97818817449461
62.44452044383646
63.77279981760143
63.40097279221764
61.53689770481835
62.16997264021889
61.765655874753
61.90815473476212
63.75075999392007

