# Extinction sequence for 721 applications  and 247 platforms.
# This is the data and average for 50 different extinction sequences.
0	721	721	721	721	721	721	721	721	721	721	721	721	721	721	721	721	721	721	721	721	721	721	721	721	721	721	721	721	721	721	721	721	721	721	721	721	721	721	721	721	721	721	721	721	721	721	721	721	721	721	721.0	247
1	721	719	721	721	721	721	721	716	719	721	721	721	721	721	721	721	721	721	718	719	721	721	721	720	721	721	719	721	721	721	720	721	721	721	721	721	720	721	721	721	721	721	721	721	721	721	720	718	720	716	720.42	246
2	721	718	721	721	721	721	720	716	719	721	721	721	721	721	720	721	721	721	716	718	721	721	720	720	721	721	719	721	717	721	720	721	721	721	721	721	720	721	720	717	721	721	720	721	720	721	720	717	720	713	719.98	245
3	718	718	717	718	721	721	719	712	719	720	721	721	721	721	720	720	721	721	714	717	721	721	716	718	721	720	719	717	714	721	720	721	721	720	721	721	720	721	720	717	721	721	718	721	720	721	720	714	720	713	719.18	244
4	718	718	717	718	718	721	719	709	719	720	720	721	721	721	717	720	717	720	713	717	718	721	716	718	720	718	718	717	712	720	720	721	718	720	721	721	720	721	720	717	717	721	718	721	720	721	716	714	719	707	718.3	243
5	717	718	714	716	718	719	719	709	715	713	720	721	720	721	716	720	717	720	713	717	718	717	716	718	720	714	718	713	712	720	720	720	716	720	721	721	720	721	720	717	717	716	718	721	720	721	715	714	719	706	717.44	242
6	717	713	714	712	718	718	719	707	714	713	720	717	720	720	714	720	717	715	713	715	718	717	716	718	718	714	718	712	712	720	720	720	716	718	721	721	720	720	720	717	715	716	718	721	720	721	715	714	717	706	716.7	241
7	717	713	714	712	718	715	715	707	714	713	720	717	720	720	714	720	717	714	711	715	718	717	716	718	716	714	718	712	710	717	720	720	716	718	717	718	718	720	720	717	715	716	718	720	720	721	713	714	717	706	716.12	240
8	715	713	714	711	718	715	715	707	713	713	720	717	719	720	714	719	717	714	707	715	716	713	711	717	716	714	718	712	709	717	719	720	716	716	716	718	718	718	720	715	715	716	718	717	720	717	712	714	716	706	715.32	239
9	713	712	710	710	716	713	713	707	713	713	718	717	719	720	714	719	717	714	704	714	716	712	711	716	716	714	718	712	706	715	719	720	716	716	716	717	715	718	720	715	715	716	718	715	720	715	712	713	716	705	714.58	238
10	713	712	708	708	715	713	713	707	712	713	718	715	718	720	712	719	717	714	703	714	716	709	711	714	715	714	718	712	705	715	719	719	714	715	716	717	712	715	717	715	715	716	717	715	720	715	711	713	716	705	713.9	237
11	713	711	708	707	713	713	713	707	712	713	718	715	718	717	712	718	716	713	702	713	716	709	710	712	715	714	713	712	705	715	719	719	714	714	716	717	712	715	717	715	715	712	717	715	720	714	711	712	716	705	713.36	236
12	713	710	707	707	713	706	713	704	708	712	717	713	718	717	711	718	716	713	702	713	716	709	706	712	715	713	711	712	705	715	715	719	712	714	715	716	708	714	716	715	715	711	717	712	720	714	711	712	716	705	712.44	235
13	712	709	707	706	713	706	712	704	708	712	717	713	717	717	711	716	715	713	701	711	716	708	706	709	715	713	710	712	705	715	706	719	711	713	715	716	708	709	716	715	712	710	717	712	719	714	711	711	714	704	711.62	234
14	711	709	707	706	713	706	709	704	708	712	715	712	717	712	711	715	715	713	701	707	716	708	701	709	715	713	710	711	705	715	703	719	711	713	713	716	708	709	716	714	712	710	717	712	718	712	711	711	713	703	710.94	233
15	711	709	707	705	712	706	709	704	708	712	714	711	717	712	709	715	715	713	701	706	716	708	700	709	715	713	709	711	705	714	702	718	709	713	713	716	708	709	714	712	712	709	716	708	718	712	711	711	713	703	710.46	232
16	711	706	707	705	712	706	708	703	708	712	713	710	717	712	705	715	715	713	701	706	716	708	700	709	714	711	709	710	705	707	701	715	709	713	713	716	708	709	714	710	712	709	716	708	718	706	711	709	713	703	709.74	231
17	710	706	707	704	712	706	707	702	707	712	712	710	714	711	702	715	715	713	701	706	716	706	696	708	714	711	709	710	704	706	701	713	708	712	711	716	706	707	714	710	711	707	716	708	718	705	710	709	713	700	708.94	230
18	710	706	705	704	712	706	705	702	707	712	712	709	710	711	701	715	715	713	700	706	716	706	695	708	710	711	709	710	701	702	701	712	706	707	709	716	705	707	714	710	706	706	716	708	717	705	710	708	713	700	708.1	229
19	710	706	704	704	711	701	704	702	707	712	711	708	710	711	701	715	715	713	699	705	716	702	694	708	707	710	704	709	698	701	700	712	706	702	708	715	703	705	714	710	706	705	716	708	717	703	708	707	713	700	707.12	228
20	709	706	704	704	711	701	704	702	707	712	711	703	710	710	701	715	714	713	697	705	715	702	694	707	707	710	700	707	692	701	699	712	706	701	708	715	703	701	714	710	706	705	715	708	715	703	708	706	709	700	706.36	227
21	709	700	704	704	711	698	704	702	706	710	711	703	709	710	696	715	714	713	697	704	713	701	694	707	706	708	700	707	692	700	699	711	702	701	708	714	703	701	711	710	706	704	715	707	715	700	707	702	709	700	705.46	226
22	709	699	704	704	711	698	704	702	705	710	711	698	709	710	696	715	714	713	697	704	711	698	694	704	702	708	700	707	692	700	692	711	701	701	708	710	703	701	711	710	706	700	712	707	714	697	707	702	709	700	704.62	225
23	709	699	703	704	711	698	704	702	702	707	709	698	707	710	696	714	713	712	697	704	711	698	694	704	702	708	699	706	691	699	691	711	701	699	708	709	703	701	711	710	705	700	711	706	714	695	707	702	709	700	704.08	224
24	707	699	702	703	711	697	701	702	702	706	709	698	707	709	695	714	713	712	697	704	711	698	691	702	702	705	699	706	691	699	691	711	700	699	703	709	703	701	711	710	703	700	709	706	713	695	706	701	708	700	703.42	223
25	707	697	702	699	709	694	701	702	702	706	708	698	707	709	695	714	713	712	697	704	710	698	691	702	701	705	698	706	690	699	690	711	700	699	703	707	699	701	709	706	702	700	709	703	713	695	706	699	708	700	702.72	222
26	707	697	700	699	705	692	701	699	701	702	708	696	703	709	693	710	713	710	696	704	706	697	689	701	700	705	689	706	685	699	690	706	700	697	703	707	699	700	709	705	702	700	707	699	713	695	705	699	706	700	701.28	221
27	704	697	700	695	705	692	701	698	700	702	708	696	700	705	693	705	712	710	694	701	703	697	689	701	700	703	689	703	685	699	686	706	698	697	703	706	699	700	709	705	702	695	706	699	711	695	705	699	705	699	700.24	220
28	704	694	700	695	702	691	701	692	700	702	707	696	696	705	693	705	712	710	694	701	703	697	686	701	698	703	688	703	684	699	686	706	698	697	701	706	699	695	709	705	702	695	704	693	708	695	702	699	705	699	699.32	219
29	702	694	700	695	702	690	700	690	699	701	707	694	694	705	692	705	712	710	692	701	703	697	686	701	696	700	683	702	684	699	684	706	698	696	700	703	697	695	709	704	701	694	703	693	706	693	702	699	705	699	698.46	218
30	702	694	700	695	702	688	700	688	698	699	707	694	691	705	692	702	712	710	692	697	699	697	686	701	693	697	683	701	684	696	684	706	698	696	699	703	696	694	709	703	701	694	699	693	705	693	701	698	705	698	697.6	217
31	702	694	700	693	702	687	699	688	697	698	707	694	691	701	692	699	712	710	691	697	699	691	686	701	692	697	683	701	684	696	683	706	698	696	695	703	695	690	707	701	696	691	699	693	704	693	701	696	705	698	696.68	216
32	702	693	700	693	702	687	695	687	697	698	707	694	690	699	692	698	712	710	689	693	698	676	686	700	692	697	683	700	683	696	683	705	698	695	691	703	694	690	707	701	696	691	699	693	703	693	697	693	705	698	695.68	215
33	702	693	700	693	693	683	695	686	694	696	707	687	687	699	692	696	707	710	689	692	698	676	685	700	692	697	683	700	682	694	678	705	698	694	690	701	694	690	707	699	696	691	698	693	702	693	688	688	705	696	694.28	214
34	702	693	700	693	692	682	695	686	692	696	702	686	686	699	691	696	707	710	689	692	698	676	685	700	692	697	683	700	681	694	677	703	698	694	689	699	694	689	707	699	693	691	698	693	702	690	686	688	705	695	693.7	213
35	697	691	700	693	691	679	693	686	692	693	702	683	683	699	691	696	707	708	689	691	697	674	685	700	692	697	679	700	681	692	677	702	698	692	689	699	694	687	706	699	693	689	698	693	702	690	685	686	703	695	692.76	212
36	697	688	700	691	691	679	693	686	692	693	702	682	683	699	691	696	707	708	689	690	697	673	684	698	689	697	675	700	681	692	675	701	694	692	689	698	692	687	706	699	693	686	691	693	702	689	685	686	701	695	691.94	211
37	697	688	700	691	689	679	693	686	692	693	702	677	683	697	688	696	707	701	688	690	696	673	680	698	689	696	675	699	677	690	675	700	692	692	689	698	691	684	706	699	693	686	684	690	702	689	685	682	701	694	690.84	210
38	696	686	699	691	689	676	691	686	692	693	702	677	682	695	688	696	707	701	685	689	696	666	679	698	689	694	675	699	677	690	675	700	687	692	689	698	689	673	705	696	688	686	684	686	701	689	685	678	701	693	689.58	209
39	696	686	699	691	689	675	688	681	691	690	702	677	682	695	688	696	707	701	685	689	696	666	679	698	688	688	673	698	675	688	675	700	685	691	689	697	689	669	705	696	684	686	684	686	700	689	684	677	697	693	688.66	208
40	696	686	699	687	689	673	685	680	691	690	701	677	682	695	686	695	702	697	683	689	696	666	676	693	688	686	669	698	674	686	674	696	685	691	689	694	688	669	705	695	682	686	683	674	700	688	683	677	697	693	687.28	207
41	695	686	699	686	687	673	685	680	691	690	701	677	679	695	686	694	699	697	682	688	696	666	675	693	688	686	669	696	674	686	673	696	685	691	688	693	687	669	705	694	678	685	683	674	699	687	683	676	697	693	686.7	206
42	694	686	699	686	687	673	685	678	691	690	698	676	679	695	686	694	694	695	682	684	696	666	675	693	688	686	667	696	669	686	672	691	681	691	683	693	686	668	705	694	676	685	683	668	697	685	683	676	697	684	685.44	205
43	694	686	698	684	684	672	685	677	691	690	698	676	670	695	686	692	694	695	681	678	695	666	674	688	686	686	667	695	664	683	672	691	679	691	683	693	681	668	704	692	674	684	677	668	695	685	683	676	693	684	684.06	204
44	693	683	697	679	684	670	685	677	691	690	697	676	669	695	686	689	694	695	681	677	689	664	674	688	686	686	663	695	664	683	671	691	679	689	681	693	680	667	704	692	671	681	675	668	694	685	679	675	693	681	682.98	203
45	691	683	696	679	683	668	685	674	690	688	697	676	669	693	685	688	693	695	680	676	689	664	673	688	685	683	663	694	664	683	671	689	674	687	681	693	680	665	702	686	671	680	675	667	693	683	679	674	680	675	681.6	202
46	691	683	696	679	683	660	685	674	690	687	697	670	669	691	683	682	693	692	680	676	688	662	673	688	684	682	663	689	664	682	671	689	670	685	681	693	679	665	702	686	670	679	670	667	690	678	679	673	680	671	680.28	201
47	690	680	696	679	681	660	684	671	689	687	696	670	665	688	683	682	692	692	678	672	687	659	671	688	684	682	663	687	664	679	671	689	670	685	681	692	679	664	702	686	668	679	670	666	688	678	679	673	680	667	679.32	200
48	690	680	691	679	673	660	682	669	689	686	696	670	664	688	680	682	692	692	678	671	687	659	671	688	681	682	663	683	664	679	669	689	670	684	680	692	679	664	702	685	666	679	670	666	688	678	677	673	680	667	678.54	199
49	688	680	688	677	673	659	682	669	689	685	695	667	664	688	680	677	690	691	677	666	686	654	669	688	681	680	661	681	662	679	666	686	669	682	679	691	678	662	702	685	664	679	667	666	688	677	677	673	679	667	677.26	198
50	686	680	675	677	673	657	680	668	689	685	695	667	661	688	680	674	689	690	677	665	686	648	669	688	675	680	661	679	662	678	666	686	669	681	679	690	678	661	700	685	664	679	666	666	683	677	677	665	679	666	675.98	197
51	686	680	675	677	672	657	678	664	689	684	691	665	661	688	678	671	686	690	677	665	684	646	669	685	671	676	661	676	662	678	665	686	668	680	678	689	675	661	700	685	664	679	666	666	683	677	670	665	679	666	674.88	196
52	684	678	674	675	672	655	677	654	689	684	691	664	661	688	678	669	685	690	677	665	684	643	669	685	670	676	657	676	660	674	663	684	667	679	678	687	675	656	700	685	663	679	665	664	682	677	665	662	679	666	673.6	195
53	684	677	668	675	667	652	677	651	689	682	691	663	661	682	678	669	683	690	676	665	683	643	668	685	669	676	657	672	658	674	656	684	667	673	674	687	672	656	700	680	662	677	665	658	682	675	665	657	676	665	671.92	194
54	684	677	668	673	666	652	676	649	689	682	691	661	661	681	678	667	683	690	676	665	682	643	667	684	669	676	655	671	658	674	656	682	667	673	672	685	672	656	700	680	660	677	659	658	682	673	664	656	676	660	671.12	193
55	682	677	665	669	662	652	676	649	689	678	691	660	661	681	678	667	682	690	676	665	677	643	667	684	669	675	647	671	655	673	656	682	667	673	672	685	672	656	699	675	659	674	659	658	678	673	664	652	676	659	670.0	192
56	682	677	659	669	662	652	673	649	689	677	690	660	661	681	677	663	682	689	672	656	677	640	666	678	669	673	647	667	649	672	656	682	667	668	671	685	671	653	696	673	659	669	659	657	676	673	662	652	674	656	668.34	191
57	680	676	658	669	662	652	672	646	689	677	687	657	660	681	676	655	678	687	672	656	675	640	666	678	669	671	644	667	648	670	656	682	666	666	670	684	669	653	696	670	659	669	659	657	675	673	660	646	673	653	667.08	190
58	680	676	658	669	661	649	672	641	689	677	687	655	657	681	674	654	676	684	667	653	672	639	661	678	667	668	644	662	648	670	656	678	665	666	667	682	669	653	696	664	659	669	658	654	670	672	659	646	673	653	665.56	189
59	675	676	658	664	659	649	670	640	689	676	684	655	655	681	670	654	676	684	667	653	672	638	658	675	659	666	643	659	648	665	656	678	665	664	667	682	665	653	696	658	659	665	657	648	670	671	657	646	673	652	664.0	188
60	674	674	656	664	657	649	670	640	682	676	683	655	655	681	665	653	676	683	667	653	672	637	654	669	657	664	643	659	648	665	656	678	665	659	667	682	662	652	696	656	656	665	657	646	667	670	657	646	673	652	662.86	187
61	671	673	655	660	656	649	670	640	681	675	678	655	654	681	665	653	675	677	666	649	667	637	654	669	657	663	640	653	639	665	656	678	665	659	666	682	662	652	696	656	650	662	657	642	662	670	656	645	671	651	661.3	186
62	671	670	649	660	656	648	666	640	679	671	678	649	654	681	662	653	675	677	666	649	667	636	647	669	657	657	636	652	638	665	655	678	664	657	665	679	661	652	696	655	650	661	656	636	662	665	656	643	671	651	659.82	185
63	670	670	649	660	656	634	664	640	678	671	678	647	654	679	661	653	675	675	665	649	663	636	647	669	656	657	628	651	638	665	654	678	664	656	665	679	660	651	696	655	650	661	656	634	658	665	653	639	670	651	658.66	184
64	665	668	648	660	656	634	661	634	678	666	672	647	654	679	661	650	673	675	664	649	662	635	647	664	653	657	628	651	638	664	652	678	664	656	665	678	660	651	696	651	650	659	656	632	658	664	651	638	670	651	657.46	183
65	665	668	648	653	656	634	661	630	673	666	671	642	650	679	661	650	672	675	661	647	662	632	646	661	651	657	628	646	638	664	651	672	657	652	663	674	658	650	696	651	650	658	652	630	657	663	651	637	668	648	655.7	182
66	665	668	645	653	655	634	661	624	672	664	671	641	645	679	660	646	672	675	661	641	662	632	646	661	650	657	628	645	638	664	651	671	657	651	661	673	658	650	694	649	649	658	652	630	654	663	650	636	668	648	654.76	181
67	665	668	644	652	652	634	661	623	671	664	671	640	645	678	657	643	670	672	658	641	661	631	638	661	648	656	623	645	638	663	649	671	657	649	661	673	658	650	692	647	649	657	651	627	654	663	650	636	666	647	653.6	180
68	665	668	643	651	652	632	661	622	671	663	670	638	645	678	657	642	666	666	657	641	661	631	636	661	647	656	622	645	638	663	646	671	657	649	661	668	658	643	690	647	648	657	649	627	654	663	650	636	665	647	652.68	179
69	663	668	641	651	648	627	661	622	670	663	670	638	645	677	654	642	659	666	657	641	661	631	631	660	647	655	622	645	637	656	646	668	657	649	661	668	658	643	690	647	645	657	649	627	654	663	648	635	665	644	651.64	178
70	663	666	640	651	648	622	658	616	669	661	668	638	640	676	654	641	657	665	654	640	661	631	631	660	647	651	622	642	637	656	645	668	657	643	659	668	658	643	687	643	645	657	645	627	654	658	648	635	665	644	650.28	177
71	662	661	636	648	647	622	658	613	669	658	668	637	628	676	649	641	657	665	648	637	661	631	631	660	646	651	621	637	637	654	645	668	655	641	659	667	657	635	686	641	645	657	643	627	648	654	648	635	663	644	648.54	176
72	661	659	636	646	646	617	652	612	667	658	667	636	628	671	647	641	657	665	648	633	661	630	628	660	646	651	619	629	637	650	644	668	653	640	659	666	653	631	685	633	644	655	640	627	644	654	646	633	661	643	646.74	175
73	657	659	636	639	646	616	649	611	663	657	667	635	627	667	644	637	653	663	648	633	660	630	628	660	641	651	613	629	637	650	644	668	652	638	659	666	653	631	685	633	643	654	637	624	644	653	646	630	661	642	645.38	174
74	656	659	636	639	640	616	645	611	662	657	667	630	626	667	640	637	652	663	648	633	659	630	626	658	640	650	613	624	636	650	644	667	647	638	659	664	652	630	685	632	643	654	637	624	643	653	643	630	655	639	644.18	173
75	653	659	636	637	639	616	644	608	661	657	667	630	626	662	639	637	651	661	646	632	659	630	626	658	640	650	613	624	636	647	644	667	647	638	654	660	652	630	684	631	643	654	637	622	643	648	643	630	654	637	643.24	172
76	652	659	636	637	639	613	642	608	661	657	663	630	626	656	639	634	646	660	641	627	659	630	625	655	639	650	613	621	635	647	644	666	645	635	654	657	645	624	684	631	639	652	636	622	643	648	643	630	652	634	641.68	171
77	651	657	631	636	638	613	642	605	660	657	661	630	621	656	639	632	646	659	638	627	657	627	624	651	639	644	613	620	635	647	644	664	644	633	654	657	643	623	684	629	639	652	632	622	642	648	639	623	650	632	640.2	170
78	651	650	631	635	638	613	642	601	658	656	661	629	621	656	634	632	639	657	636	620	657	627	624	647	639	638	613	619	634	645	644	660	644	631	651	657	640	622	684	628	638	652	631	622	640	648	638	623	648	630	638.68	169
79	651	648	626	635	632	609	642	601	658	655	660	628	617	655	629	632	639	657	633	619	657	625	624	647	637	638	612	619	629	644	643	659	637	631	651	657	638	622	679	627	638	652	626	622	639	648	637	623	648	630	637.3	168
80	650	646	625	635	632	609	637	591	658	655	658	628	616	654	629	628	639	654	632	619	655	625	624	644	636	632	610	617	627	644	643	657	637	625	651	652	637	622	679	623	637	652	626	622	639	646	637	620	648	630	635.84	167
81	650	645	625	635	627	609	636	589	654	655	655	626	611	654	628	628	638	654	632	619	655	624	623	642	635	631	610	613	627	644	642	656	637	625	651	652	637	619	676	617	631	652	625	620	638	642	632	619	648	630	634.46	166
82	650	645	625	634	626	608	631	589	650	655	655	625	611	650	628	628	638	651	628	617	655	623	616	642	635	631	608	608	627	643	641	656	637	621	649	651	637	617	674	616	630	650	619	620	638	640	630	619	648	627	633.04	165
83	650	644	624	634	622	607	631	588	647	655	655	621	609	650	628	623	637	651	628	617	653	621	616	642	631	631	603	604	627	643	640	656	636	621	647	647	635	615	673	616	629	650	618	620	638	637	630	619	648	625	631.84	164
84	650	640	624	633	619	607	631	581	644	654	653	620	609	648	628	623	637	651	628	617	651	621	616	638	627	631	602	604	627	638	639	655	631	620	646	647	634	610	673	612	629	650	614	619	637	637	628	619	644	624	630.4	163
85	648	640	623	632	616	606	627	579	639	651	650	620	605	647	621	623	632	651	626	617	651	621	612	637	624	622	602	604	627	638	638	653	631	619	644	645	631	610	673	604	629	650	614	617	631	636	628	619	643	624	628.6	162
86	647	640	615	631	613	605	623	578	639	649	650	620	603	643	621	617	629	650	623	617	651	619	610	637	624	622	602	603	627	638	637	652	631	619	643	639	627	610	670	604	627	648	614	612	631	636	627	619	643	624	627.18	161
87	647	638	614	625	612	603	623	577	638	646	643	619	602	642	621	617	629	639	623	615	651	618	609	634	619	622	601	603	627	638	636	646	624	619	641	639	627	610	670	603	627	647	613	612	631	636	626	617	643	618	625.6	160
88	647	635	612	625	612	602	622	577	638	645	642	618	596	640	617	612	621	639	621	614	649	612	608	633	619	622	601	601	627	633	635	642	623	618	637	634	627	604	670	603	626	645	613	611	629	636	625	617	643	617	623.9	159
89	641	635	612	625	610	602	621	577	638	645	642	617	596	639	617	606	621	639	621	609	649	605	605	631	619	622	601	593	621	633	633	636	618	618	634	633	626	602	669	601	617	641	613	611	627	636	624	617	643	617	622.16	158
90	639	634	609	622	607	602	620	573	637	645	642	617	596	639	617	606	621	635	621	608	649	604	598	628	619	622	593	590	618	633	632	636	618	618	634	633	625	599	663	601	617	638	608	606	626	636	622	617	643	617	620.66	157
91	639	632	605	620	602	602	616	573	636	645	638	613	594	639	617	601	621	634	621	605	649	603	594	627	615	621	593	590	616	633	626	632	617	615	634	629	625	596	658	601	617	637	608	605	623	636	620	617	643	615	618.96	156
92	631	632	599	620	601	602	616	573	636	645	637	612	593	639	617	596	619	633	620	605	644	602	590	626	613	617	591	590	616	633	622	632	616	615	633	627	621	592	658	601	612	637	607	604	619	636	614	617	643	614	617.36	155
93	631	629	596	620	601	600	614	572	636	645	637	611	592	639	616	596	618	633	620	603	643	598	590	626	612	617	589	587	616	632	622	630	614	615	633	627	621	592	657	597	612	637	607	602	619	636	613	612	643	613	616.42	154
94	628	629	596	618	601	598	613	567	631	645	637	610	591	639	614	594	618	633	620	600	641	597	589	621	612	617	589	587	614	630	614	630	613	610	629	627	618	590	657	597	612	636	606	602	618	630	613	607	642	613	614.86	153
95	626	629	596	618	595	596	613	560	626	645	637	610	591	639	613	591	618	632	620	600	639	593	589	621	610	614	589	585	613	630	614	628	611	605	629	626	618	589	653	597	610	633	598	602	617	625	613	607	640	613	613.32	152
96	622	629	591	614	589	596	613	560	624	642	633	610	589	637	613	591	614	629	620	594	636	593	588	621	610	609	586	583	606	629	613	623	609	605	629	613	617	588	653	597	610	633	598	601	617	625	613	606	640	613	611.48	151
97	620	626	589	606	589	596	605	560	618	642	633	609	583	634	612	584	611	629	619	589	636	591	585	615	609	609	586	577	604	626	613	619	609	605	626	613	613	587	653	596	608	629	598	595	615	623	610	604	639	613	609.2	150
98	619	626	589	606	587	595	604	559	610	641	633	606	583	630	612	584	610	626	619	589	631	591	585	613	609	607	581	577	601	618	612	615	609	605	625	612	612	587	653	596	608	629	597	595	615	621	610	602	638	612	607.88	149
99	612	621	589	605	581	594	599	551	610	641	632	601	583	630	612	582	608	626	618	588	630	591	585	605	609	607	581	572	600	618	611	614	608	600	621	612	612	581	646	596	608	629	595	595	615	620	610	601	636	611	606.04	148
100	607	618	581	605	581	592	599	551	608	640	625	598	582	630	612	582	607	624	618	586	625	589	583	602	603	604	577	568	600	617	611	610	605	600	619	609	611	581	645	596	608	628	594	594	609	617	610	601	636	606	604.08	147
101	607	618	581	604	579	592	591	551	608	639	624	597	580	627	610	580	605	624	617	585	623	588	583	600	597	603	576	566	597	617	610	609	601	600	614	607	611	580	645	596	608	626	594	594	607	612	608	599	636	604	602.6	146
102	607	613	581	604	579	592	591	551	605	639	618	594	573	625	610	579	599	623	610	583	623	588	583	600	589	602	573	561	597	615	605	605	597	600	612	606	610	579	640	591	608	626	591	590	607	596	607	599	635	602	600.26	145
103	600	613	581	604	573	590	587	549	605	637	614	592	571	625	607	579	599	623	608	582	622	586	583	595	589	594	569	561	596	613	605	601	597	595	612	602	610	579	640	591	608	623	588	590	602	596	607	599	634	602	598.56	144
104	600	613	581	603	573	590	581	549	603	637	614	591	568	622	607	579	596	623	607	580	620	586	576	589	576	594	567	559	592	610	605	601	597	588	607	598	607	579	639	585	606	623	585	589	600	594	606	597	633	602	596.54	143
105	598	613	578	601	568	587	580	549	603	637	613	590	566	622	604	578	592	623	600	580	620	580	576	588	574	592	567	559	589	610	601	600	594	588	601	598	607	570	639	585	601	622	584	583	598	594	604	597	630	601	594.68	142
106	596	611	574	601	558	587	578	546	603	637	613	590	566	619	602	578	592	620	596	579	616	575	576	585	571	589	567	559	584	610	599	597	588	582	595	598	606	570	635	585	600	616	583	583	596	593	604	596	626	595	592.5	141
107	595	610	574	601	557	587	578	541	600	631	602	589	566	619	602	576	587	619	593	574	615	574	575	585	571	589	567	559	582	608	599	597	579	577	592	592	606	567	634	580	599	614	582	580	596	593	603	596	626	594	590.64	140
108	595	605	574	601	557	587	577	540	597	630	602	587	565	617	598	572	587	619	592	574	605	571	570	585	570	585	567	559	582	605	598	597	579	577	590	591	606	567	634	576	599	610	582	576	595	585	603	595	624	592	589.02	139
109	594	602	574	596	553	586	577	540	596	629	601	587	565	617	595	571	587	616	589	570	605	570	570	578	568	585	566	559	578	599	598	595	578	576	586	589	603	564	634	576	599	610	581	574	591	585	602	588	623	590	587.3	138
110	589	599	565	594	552	586	569	530	596	626	592	586	563	616	594	567	581	609	584	570	605	560	569	575	568	585	566	559	577	599	595	595	576	576	586	588	603	563	634	575	599	601	581	573	591	580	599	587	622	590	584.9	137
111	589	599	560	594	552	581	569	530	596	626	592	584	563	616	592	566	581	606	580	570	605	552	565	571	568	580	565	555	570	593	593	593	576	568	579	583	603	561	634	575	599	601	576	573	591	580	599	586	622	589	583.02	136
112	589	596	559	594	551	579	568	528	596	626	589	581	552	616	592	566	581	605	580	568	605	550	564	571	567	580	562	555	570	593	593	590	576	562	579	583	586	558	633	567	598	599	576	570	591	579	597	586	618	589	581.26	135
113	588	596	556	594	546	579	567	527	594	626	584	581	552	615	592	565	579	602	578	568	604	546	558	568	564	580	561	549	564	588	585	590	572	560	576	583	586	558	631	566	595	596	572	570	585	569	595	586	616	584	578.92	134
114	585	595	556	591	542	575	567	523	594	621	583	576	552	613	591	564	578	598	578	567	602	541	558	568	556	579	559	549	564	588	581	590	564	560	575	583	584	558	629	566	594	592	563	570	579	564	587	585	616	584	576.74	133
115	585	590	547	591	541	571	565	523	594	619	583	575	552	609	588	564	575	598	574	567	600	539	557	568	554	578	559	547	563	584	575	589	561	558	574	579	579	554	627	564	594	590	563	569	578	563	580	581	609	579	574.52	132
116	580	582	547	589	538	570	563	515	589	619	577	570	549	609	581	560	575	598	566	559	598	539	557	568	552	578	554	547	562	580	575	589	558	558	574	579	578	554	626	564	594	585	562	569	577	563	580	573	604	578	572.22	131
117	579	580	546	588	535	563	562	510	587	617	577	570	548	609	581	560	560	598	566	558	596	533	554	565	549	578	553	547	562	579	572	587	554	556	574	578	577	551	626	560	594	582	562	567	570	563	578	573	604	577	570.3	130
118	579	579	546	582	534	563	562	509	587	617	574	564	546	609	580	560	556	597	559	558	596	533	551	565	543	578	552	547	560	579	566	587	552	556	572	578	577	551	623	552	588	582	557	565	570	563	576	571	596	572	568.38	129
119	576	576	546	582	534	562	554	507	587	617	567	563	545	607	580	556	555	597	553	558	596	531	551	565	540	578	544	542	560	575	566	587	552	556	564	573	570	550	623	550	587	582	555	565	568	557	576	570	596	570	566.42	128
120	576	576	544	581	534	561	554	507	583	613	566	562	542	604	576	555	555	595	553	556	595	530	551	565	535	576	544	542	560	571	561	587	542	549	564	573	566	546	619	546	587	582	550	561	567	557	568	557	596	565	564.1	127
121	566	574	544	581	530	561	554	500	583	611	564	562	541	602	575	551	553	594	553	556	594	518	549	564	528	575	541	539	554	569	558	587	542	549	564	573	565	536	614	546	587	577	550	561	567	557	563	557	592	565	561.92	126
122	565	574	544	581	530	553	554	500	581	601	559	562	540	602	574	551	551	591	552	556	587	518	549	562	526	564	535	538	550	569	557	587	538	549	564	569	565	535	614	538	581	571	542	561	567	557	562	552	592	565	559.7	125
123	565	574	544	575	528	549	543	500	580	597	554	560	540	601	572	544	551	589	546	555	587	509	549	562	526	560	530	538	547	562	549	584	538	546	564	568	564	533	613	538	580	569	542	560	567	557	556	551	590	565	557.42	124
124	563	574	538	572	528	547	537	500	578	597	549	560	540	601	564	539	550	585	538	555	587	505	549	561	525	553	521	537	547	561	547	582	538	544	559	568	559	533	612	537	580	567	541	559	563	556	551	551	589	565	555.24	123
125	561	574	529	569	518	546	536	500	577	597	547	560	540	601	564	538	550	585	538	547	582	502	543	558	525	553	518	535	547	561	546	582	536	544	559	568	555	531	610	534	578	564	541	559	555	553	551	549	585	559	553.2	122
126	561	574	529	565	515	538	531	500	567	590	546	560	539	601	564	532	545	583	538	544	582	494	543	554	525	549	517	518	547	561	546	581	532	544	555	568	555	529	609	534	578	564	541	552	555	553	546	546	585	558	550.86	121
127	561	565	528	561	515	537	525	500	567	575	546	560	539	601	564	532	540	576	530	540	582	494	543	553	524	541	509	518	543	554	546	578	532	543	553	568	553	529	608	534	574	559	540	545	555	544	536	545	578	552	547.9	120
128	561	562	520	561	512	537	520	498	562	575	546	552	539	600	564	528	539	575	529	534	582	494	540	549	524	538	507	517	543	553	545	572	528	542	553	565	552	529	607	534	574	553	525	545	555	542	533	538	570	552	545.5	119
129	556	561	518	561	512	532	516	497	560	567	539	551	537	600	562	528	539	571	518	534	582	494	537	547	524	538	507	517	543	553	539	571	522	542	553	565	550	521	607	530	574	553	523	540	551	542	528	538	561	550	543.22	118
130	552	560	517	559	512	531	516	494	560	567	539	546	535	600	559	513	533	571	515	534	580	494	527	545	523	537	507	514	543	553	539	569	521	542	552	565	549	517	604	530	571	553	521	539	551	539	528	538	561	550	541.5	117
131	552	558	517	557	512	530	513	494	556	564	538	545	527	598	559	511	532	571	510	534	576	490	524	545	523	535	507	513	541	546	533	560	519	533	551	565	549	513	603	524	570	551	519	535	544	536	524	537	560	550	539.08	116
132	552	558	506	556	511	524	507	487	556	556	533	545	527	595	558	510	532	566	509	531	575	486	519	545	519	531	507	513	539	532	528	554	519	526	551	560	549	509	599	524	569	551	514	535	543	535	523	537	559	550	536.4	115
133	552	558	506	556	506	523	507	479	556	556	532	545	527	590	554	508	532	562	504	522	575	484	515	541	512	530	507	511	534	532	526	552	517	526	551	558	543	509	599	523	569	550	509	533	540	530	520	532	559	540	534.04	114
134	551	555	506	551	504	523	507	475	556	556	532	536	518	587	554	503	531	552	501	521	575	479	514	539	508	530	505	507	528	529	519	551	511	522	550	555	533	509	597	516	563	549	500	533	535	530	516	526	559	536	530.86	113
135	542	554	503	551	504	523	507	469	551	556	532	536	517	585	549	498	531	552	501	521	570	479	509	529	508	530	500	507	528	529	519	551	510	518	542	553	533	502	597	516	550	543	495	528	528	528	513	526	559	535	528.34	112
136	541	552	501	551	503	523	506	466	549	556	529	530	517	584	543	498	531	550	500	521	569	472	500	527	503	522	494	503	528	527	513	551	507	516	542	553	533	501	588	516	547	542	492	528	528	527	512	524	558	530	526.08	111
137	540	551	501	550	494	514	504	466	549	555	528	530	515	582	543	491	529	548	499	518	569	472	496	527	495	521	491	497	526	526	507	546	497	511	541	551	533	495	581	516	547	542	488	528	520	527	508	523	558	525	523.42	110
138	535	551	493	550	494	514	503	459	549	554	527	530	515	577	540	491	528	546	499	515	566	471	489	523	495	514	491	496	525	519	507	544	495	505	536	542	530	488	579	509	544	541	486	525	520	527	507	514	558	524	520.8	109
139	535	551	493	547	487	512	497	455	549	546	524	529	515	570	538	489	525	545	498	510	555	468	489	520	494	513	489	492	525	516	505	544	494	505	535	539	529	488	578	509	535	541	478	524	510	526	504	512	556	524	518.24	108
140	531	551	488	543	484	512	497	455	548	545	524	526	512	564	535	487	518	539	492	510	552	460	488	519	492	510	482	491	523	516	501	537	493	505	530	539	528	484	578	502	535	540	474	516	505	526	504	511	555	520	515.54	107
141	530	544	483	540	484	512	495	454	548	537	523	519	505	564	534	480	514	531	491	509	552	458	488	519	491	509	476	491	523	511	501	531	493	502	523	539	523	481	572	497	535	538	466	507	499	516	502	511	554	520	512.5	106
142	519	544	483	540	483	509	492	453	547	527	518	519	503	562	533	477	514	527	491	507	552	458	488	519	491	502	474	491	523	502	496	529	488	502	523	538	523	481	570	495	532	533	466	506	499	516	498	504	548	511	510.12	105
143	513	544	483	540	481	509	492	453	546	523	518	517	502	562	529	477	502	526	486	504	552	455	486	519	488	500	473	491	520	502	495	523	486	497	523	535	521	481	568	484	532	533	463	497	494	516	489	499	545	511	507.7	104
144	511	544	483	534	478	509	489	448	537	522	508	511	502	562	523	477	497	526	483	504	550	455	479	512	488	496	470	488	514	498	494	522	485	497	523	535	515	476	560	472	532	530	462	497	490	516	485	498	539	511	504.74	103
145	503	543	483	531	477	504	487	446	537	522	507	505	502	556	523	475	495	525	483	504	550	454	477	512	488	495	470	481	514	496	494	518	485	497	516	534	511	473	557	468	532	526	462	495	490	514	485	498	529	504	502.66	102
146	501	541	482	528	475	504	486	446	528	516	507	505	502	555	521	474	490	521	478	504	550	448	477	512	488	495	468	481	514	492	494	516	483	479	512	533	511	473	551	468	531	526	454	492	485	513	483	498	527	499	500.34	101
147	499	537	482	526	474	504	483	441	527	513	502	502	499	554	518	463	487	515	478	503	545	442	474	509	488	495	458	479	511	484	494	512	483	479	512	529	510	473	547	468	528	526	453	490	479	513	478	495	520	499	497.6	100
148	498	533	482	526	468	504	480	439	524	506	492	497	491	551	518	451	481	515	478	500	543	440	473	506	488	495	457	478	509	484	490	511	474	477	509	527	500	470	540	463	522	523	451	490	478	507	476	483	520	494	494.24	99
149	498	532	475	526	466	503	480	439	517	505	492	494	491	550	515	451	480	505	476	500	539	440	473	500	486	495	456	468	508	484	490	511	472	475	500	520	500	469	539	463	520	522	448	487	467	507	476	482	514	492	491.96	98
150	494	532	472	509	466	503	478	437	517	498	490	494	491	542	515	451	480	504	472	497	531	433	472	499	483	490	453	465	508	473	487	510	467	474	500	520	500	469	538	463	519	514	447	487	467	499	471	482	514	488	489.3	97
151	494	523	472	506	464	503	478	437	517	493	478	494	491	541	512	447	475	499	472	495	523	428	470	499	477	489	444	459	504	473	480	500	465	474	499	516	500	461	535	458	519	512	442	487	467	495	466	477	509	486	486.1	96
152	479	516	469	506	464	501	475	437	517	490	478	491	486	536	512	447	468	495	464	495	518	427	469	498	476	489	442	459	503	467	480	499	465	474	499	508	491	461	534	451	517	512	437	486	461	494	459	477	509	479	483.34	95
153	471	516	468	506	458	501	469	435	517	490	478	487	477	535	511	442	465	495	464	485	518	419	460	497	476	487	437	453	495	466	475	498	463	474	498	508	484	458	534	445	515	512	435	482	460	493	459	469	507	469	480.32	94
154	469	516	468	503	447	497	469	434	517	489	474	487	477	535	509	442	457	494	464	483	518	416	460	494	476	486	436	453	494	463	469	490	460	474	497	508	481	455	534	444	514	508	434	482	459	487	453	462	505	464	478.14	93
155	457	505	467	503	447	490	469	434	516	489	474	475	473	532	499	441	454	489	464	483	517	415	459	493	475	482	432	447	493	459	468	490	460	468	489	500	474	448	533	435	513	507	431	474	452	486	450	462	500	464	474.74	92
156	457	499	466	503	445	487	468	434	511	488	468	469	469	531	498	441	447	484	463	482	514	415	459	492	475	480	425	440	493	451	468	487	460	466	477	500	470	445	531	429	504	505	430	474	448	480	449	459	497	463	471.92	91
157	456	497	463	498	441	486	459	434	509	488	463	466	469	528	498	441	445	484	462	472	512	405	459	492	475	475	419	437	493	447	467	484	460	466	472	492	465	441	530	429	496	501	428	472	446	475	440	454	497	454	468.84	90
158	455	491	463	498	441	486	459	432	504	487	463	458	469	527	497	437	434	482	459	468	511	400	459	492	475	475	419	437	488	447	461	474	456	465	465	482	465	441	525	425	496	499	427	471	446	475	440	451	496	454	466.54	89
159	455	491	462	491	439	485	459	426	504	487	459	456	469	517	497	436	426	480	448	461	506	400	459	490	472	474	413	435	487	447	456	465	455	464	465	479	463	440	518	425	496	499	421	470	446	475	440	450	494	454	464.12	88
160	451	488	462	481	439	481	457	425	501	486	447	454	463	512	493	432	425	479	448	461	505	398	457	487	464	473	413	435	486	439	454	456	454	464	465	477	462	438	518	423	495	499	421	470	445	472	440	450	489	450	461.68	87
161	451	488	462	480	437	481	456	425	494	485	445	440	461	511	493	432	424	471	442	459	500	395	454	480	463	473	413	434	485	439	449	447	453	459	463	470	459	438	515	420	495	495	420	466	445	471	435	442	489	450	459.08	86
162	451	479	456	480	431	481	456	422	494	477	445	429	455	510	491	430	423	463	442	451	499	395	451	480	454	467	403	434	475	439	446	446	453	455	462	468	450	435	513	420	491	495	413	462	439	464	431	439	487	440	455.44	85
163	450	478	445	473	430	481	455	422	494	477	441	425	447	505	491	420	423	461	441	444	499	390	450	480	451	465	403	430	470	434	436	437	452	455	455	468	449	427	513	419	490	482	413	459	439	464	429	435	481	436	452.28	84
164	446	472	442	472	430	471	455	420	488	475	439	425	441	493	490	420	416	461	426	443	495	386	450	480	444	465	403	425	470	427	436	431	452	453	455	458	443	417	512	419	488	473	413	459	434	459	428	431	476	434	448.82	83
165	442	470	440	469	428	471	446	414	485	474	438	425	441	490	487	420	416	460	425	436	495	386	437	480	442	463	396	425	470	419	435	429	450	450	453	454	437	416	506	418	487	469	408	459	433	458	428	428	475	432	446.3	82
166	442	459	440	469	428	471	446	407	484	467	436	422	439	480	480	420	414	460	422	429	488	386	437	478	442	459	396	423	462	419	430	427	450	449	448	451	436	415	501	416	477	462	397	453	432	458	428	427	475	418	443.1	81
167	440	456	438	463	428	463	444	407	484	467	436	418	431	475	480	416	413	460	416	428	488	385	437	478	442	459	396	411	462	412	422	427	449	446	448	447	436	408	499	416	474	457	397	451	431	456	428	427	468	417	440.74	80
168	430	447	437	462	426	461	440	406	480	464	435	416	422	465	479	416	410	460	415	424	488	385	436	478	442	459	396	410	452	412	422	426	445	445	437	442	429	408	497	414	468	456	397	450	431	452	427	422	468	417	438.12	79
169	425	447	433	462	423	460	439	403	480	458	432	414	422	465	473	408	410	453	415	424	482	385	433	474	441	459	389	409	443	411	419	417	445	441	437	437	425	405	491	414	463	452	397	448	431	451	418	419	460	413	435.1	78
170	425	446	430	462	415	455	439	403	480	458	423	412	420	463	472	405	410	452	415	422	475	382	427	467	441	455	389	407	442	411	411	411	436	433	430	437	425	405	490	414	462	451	396	441	427	448	418	418	460	400	432.32	77
171	419	427	429	460	414	450	438	403	479	452	415	406	420	463	472	397	410	452	411	421	475	379	427	460	437	454	389	399	440	409	407	410	436	432	430	436	423	400	490	413	459	451	385	440	427	445	418	418	455	398	429.6	76
172	418	418	421	457	414	447	430	403	475	450	407	406	420	459	464	394	402	445	411	420	473	378	427	453	423	446	389	396	439	394	397	402	428	426	429	436	423	400	490	410	450	447	385	438	423	436	418	415	455	398	425.7	75
173	414	413	417	452	404	446	427	400	471	438	407	404	420	453	464	394	397	443	407	419	471	374	427	448	416	442	382	389	431	386	388	396	428	419	423	431	421	399	490	408	450	442	372	435	422	433	418	414	450	398	421.86	74
174	407	409	413	446	404	446	423	398	463	438	407	396	419	447	459	379	396	434	397	415	467	374	423	437	415	442	380	389	423	379	375	384	413	418	412	431	420	387	487	397	450	433	369	432	421	433	409	412	444	398	417.0	73
175	404	409	413	441	404	446	419	398	463	437	405	388	418	447	459	376	396	433	387	415	461	369	423	420	406	438	380	389	415	376	375	374	412	416	412	420	419	387	481	397	444	430	369	428	411	429	397	412	444	397	413.78	72
176	403	408	407	440	404	438	408	398	463	432	405	386	418	444	451	376	392	432	378	414	448	369	423	420	405	435	371	384	410	375	373	374	402	413	401	418	419	386	481	389	438	428	368	418	398	424	395	412	444	387	410.1	71
177	402	400	404	440	392	437	408	398	462	432	397	383	417	437	446	376	390	420	373	403	447	365	419	418	405	435	371	383	407	375	368	371	401	405	393	409	415	385	474	387	436	420	359	412	393	418	388	412	443	382	406.26	70
178	402	400	400	438	392	436	401	398	460	428	389	375	410	437	440	371	381	419	368	400	447	363	414	415	405	434	370	379	397	371	361	358	401	404	383	409	415	380	474	386	427	419	352	407	393	413	387	405	443	380	402.74	69
179	394	400	396	434	386	429	391	397	448	418	389	374	402	434	439	368	375	416	368	400	446	356	414	406	401	434	370	372	393	369	356	356	392	396	383	408	404	380	474	385	425	419	352	406	393	404	387	399	441	376	399.1	68
180	389	394	391	432	378	422	385	397	441	413	385	373	397	431	439	368	371	408	362	392	438	356	410	406	395	428	364	364	385	359	350	355	384	395	370	400	402	379	465	384	423	417	343	406	389	401	385	397	437	368	394.46	67
181	382	384	386	428	378	422	385	392	436	409	385	373	393	424	438	368	370	404	361	392	434	349	410	400	395	424	364	358	370	359	343	351	383	395	359	396	402	378	465	378	422	416	343	405	389	393	377	389	436	368	391.22	66
182	372	374	380	422	378	422	377	391	435	407	380	373	388	421	438	360	370	402	357	387	433	349	405	400	385	420	361	358	366	350	338	348	379	394	359	393	397	369	464	373	419	408	334	404	387	390	367	389	435	368	387.52	65
183	364	374	380	419	371	422	374	384	433	400	370	367	382	418	438	360	370	390	346	386	433	349	404	400	384	418	350	358	359	349	338	347	379	394	346	390	391	369	464	372	415	406	329	403	387	384	366	382	425	360	383.98	64
184	353	374	380	413	368	420	371	383	432	399	368	362	371	412	433	360	365	385	343	384	433	349	403	398	384	410	348	358	351	340	330	347	370	394	341	387	382	363	454	372	412	406	329	395	385	384	354	382	424	359	380.4	63
185	347	363	377	411	358	416	371	383	432	394	355	352	371	410	433	353	361	383	330	373	430	343	395	398	384	404	348	353	351	338	324	347	370	393	341	382	376	357	442	361	412	396	325	387	381	372	354	379	419	353	375.76	62
186	341	360	367	408	347	415	368	379	432	385	347	352	370	409	428	340	355	378	327	369	430	340	394	392	376	394	346	350	351	337	321	342	369	393	341	381	374	357	429	359	404	389	314	378	379	368	354	379	412	348	371.56	61
187	341	353	367	408	340	410	362	375	419	382	347	345	360	408	428	331	353	377	327	360	429	338	389	392	372	392	335	350	342	337	321	341	365	393	341	376	369	357	429	359	399	370	302	371	377	367	347	379	409	348	367.78	60
188	340	352	356	404	332	406	360	369	419	382	346	342	359	400	421	322	346	367	318	360	429	338	379	386	368	384	334	349	340	332	310	340	354	393	340	376	369	356	426	357	399	366	290	369	377	365	347	368	398	345	363.7	59
189	340	352	354	399	332	401	344	358	418	377	342	333	352	388	411	322	333	354	314	359	429	338	379	378	361	380	334	349	340	332	306	340	354	389	338	363	363	356	426	352	394	363	289	363	377	363	346	365	398	337	359.7	58
190	339	350	353	398	330	392	344	358	412	375	336	332	352	386	401	310	327	346	302	357	409	338	379	375	361	371	330	348	339	330	291	340	354	380	325	362	352	349	415	344	387	363	289	354	377	363	345	363	398	337	355.36	57
191	339	350	353	397	325	384	338	358	399	370	335	322	340	378	401	310	327	334	292	357	409	337	379	364	347	364	328	343	335	315	285	334	354	374	322	362	352	346	405	343	386	363	280	352	358	363	337	351	393	326	350.32	56
192	339	350	348	396	317	376	334	346	396	359	335	319	328	367	401	306	327	329	292	349	399	335	379	364	338	364	323	342	323	314	276	329	342	374	322	362	352	344	398	332	386	351	280	345	357	363	327	350	383	326	345.88	55
193	331	340	341	396	313	374	334	335	396	359	335	318	315	365	399	300	322	329	292	349	392	334	379	364	334	363	323	342	317	311	275	329	342	362	321	362	347	333	390	331	386	345	267	345	356	363	327	350	383	322	342.76	54
194	321	337	340	391	311	359	333	335	388	357	327	316	315	364	386	283	322	329	274	343	390	329	379	355	334	357	320	329	312	301	273	312	341	352	321	352	346	329	379	329	385	344	267	342	356	355	327	347	370	321	337.7	53
195	310	328	340	386	310	351	330	335	378	356	318	308	308	355	377	269	313	328	266	335	380	329	367	346	334	345	313	316	311	297	261	312	329	349	313	352	341	318	378	328	384	335	255	338	356	350	327	338	370	319	331.84	52
196	309	328	339	378	308	343	316	335	378	356	318	290	302	355	365	262	313	325	260	333	369	315	367	346	328	333	313	316	305	292	260	304	325	347	312	352	340	308	372	326	375	323	254	338	343	340	314	325	367	319	326.82	51
197	308	327	329	376	308	342	314	329	368	349	314	283	302	351	351	256	313	321	259	326	365	315	355	336	325	329	311	304	305	291	260	293	321	340	310	351	337	308	372	326	371	323	252	335	340	339	309	324	358	316	322.94	50
198	308	326	329	375	308	342	302	329	350	348	314	282	293	350	341	254	312	311	252	319	362	314	350	331	318	324	310	304	295	290	258	282	317	340	305	337	337	305	372	326	367	323	245	334	335	339	309	312	347	313	318.92	49
199	306	326	321	375	306	341	302	316	347	344	314	279	284	348	341	253	308	310	249	316	355	312	345	328	315	324	310	303	289	289	256	282	309	337	302	336	337	305	372	312	360	311	239	334	320	337	302	303	336	312	315.16	48
200	296	325	314	375	297	325	294	309	340	337	313	278	281	347	339	241	308	305	235	311	348	312	334	326	309	324	310	293	284	278	256	282	296	330	300	324	324	302	366	308	359	303	228	326	320	337	291	302	334	303	309.58	47
201	292	320	310	364	296	318	294	308	329	323	300	276	278	336	337	239	296	296	233	307	344	309	334	321	309	312	310	292	278	278	255	279	294	322	292	318	321	302	353	298	354	291	221	326	319	331	291	301	334	301	304.84	46
202	292	320	304	354	296	318	291	292	313	322	300	276	278	321	335	239	285	296	233	302	330	298	329	315	303	299	306	292	278	278	248	279	294	313	288	312	309	299	350	298	354	290	219	326	306	323	291	293	332	288	300.14	45
203	291	314	304	348	282	309	276	286	313	312	283	273	271	321	334	238	283	285	233	293	330	296	321	315	300	292	305	289	268	275	248	276	294	302	288	312	308	288	338	284	351	290	215	325	300	323	288	293	329	288	295.6	44
204	288	314	299	342	272	297	276	283	313	302	283	272	254	308	323	238	283	285	229	285	328	296	310	302	295	288	295	280	264	274	237	276	293	301	288	300	297	272	330	268	350	289	213	311	299	311	288	293	329	285	290.16	43
205	287	312	299	342	264	289	272	273	309	294	282	263	254	302	318	226	280	274	229	284	328	293	310	302	293	287	282	273	258	270	225	273	290	288	276	288	295	272	318	267	337	287	212	311	299	309	283	293	314	276	285.24	42
206	284	312	299	341	254	284	272	271	298	293	281	263	254	302	306	225	267	272	218	274	319	293	299	292	293	279	276	273	257	263	225	273	288	282	259	272	295	272	314	263	336	279	212	298	299	308	282	277	314	267	280.58	41
207	282	303	298	341	250	278	265	270	297	283	270	252	249	299	306	210	267	269	218	274	317	279	298	291	280	271	264	272	256	250	219	270	281	279	252	269	295	264	302	263	335	266	201	289	290	300	277	276	313	267	275.34	40
208	282	303	297	341	234	272	264	265	285	273	270	247	246	292	299	210	255	269	204	267	317	279	288	279	270	260	254	272	250	250	219	268	272	279	244	268	290	251	301	257	328	264	201	282	289	300	270	276	301	256	270.2	39
209	273	302	294	341	234	267	249	264	285	273	270	246	234	279	290	209	247	258	204	261	311	266	286	279	270	257	253	261	240	245	208	265	268	279	234	268	278	250	297	255	315	264	201	278	285	299	265	273	290	256	265.52	38
210	267	295	294	334	233	259	238	259	285	273	268	246	223	279	284	202	240	256	191	260	300	266	279	276	268	256	249	252	227	232	203	255	267	279	222	261	265	243	296	255	315	264	199	266	283	299	264	269	279	252	260.54	37
211	267	290	292	331	229	256	224	255	278	272	268	240	212	273	278	191	233	253	190	260	290	266	274	275	268	244	232	244	209	220	203	254	260	273	222	261	264	230	296	254	302	261	198	251	283	296	264	269	278	251	255.68	36
212	267	290	279	320	215	256	212	245	278	270	257	240	212	272	277	190	233	252	190	250	283	254	274	263	267	242	225	244	208	220	198	254	251	269	210	258	262	218	292	254	301	255	189	251	283	289	263	261	271	235	250.98	35
213	254	290	265	307	212	246	208	242	274	259	251	240	206	272	264	188	226	238	187	243	279	251	270	256	255	231	210	244	208	220	181	237	247	269	195	257	251	203	287	254	299	249	189	245	268	289	262	260	255	217	244.2	34
214	253	285	259	303	212	244	200	235	263	251	251	227	201	272	264	185	222	238	184	243	266	237	262	249	255	226	208	241	195	207	181	236	239	258	195	257	246	203	273	240	299	236	179	245	255	280	262	259	248	211	238.8	33
215	242	285	258	296	209	231	192	235	256	242	251	217	201	256	251	185	222	225	166	240	262	236	259	247	242	212	206	235	195	206	180	236	238	254	195	244	238	203	268	228	290	221	178	244	240	268	262	259	244	211	233.22	32
216	225	278	243	286	192	219	192	235	243	228	239	217	199	242	251	180	207	219	165	231	262	233	259	247	241	200	204	235	195	203	180	232	238	254	186	237	238	203	263	216	286	209	171	230	228	253	246	245	239	211	226.7	31
217	212	269	243	277	187	219	192	226	243	225	239	216	181	242	239	163	207	213	162	231	262	224	253	237	241	187	198	226	183	199	162	223	238	253	184	237	237	200	262	214	274	208	171	217	219	253	236	238	230	201	221.06	30
218	202	256	230	276	187	202	191	225	241	225	233	209	181	230	239	151	203	199	158	220	254	223	243	223	231	184	197	224	183	186	161	213	227	253	170	226	237	184	250	214	269	207	158	212	215	244	226	232	226	201	214.62	29
219	202	243	222	273	187	202	178	224	239	225	226	208	169	215	225	148	202	198	158	209	250	220	240	209	219	179	189	224	181	185	154	210	223	240	170	226	226	169	239	206	261	195	158	209	212	240	222	228	214	201	209.04	28
220	195	242	206	264	180	202	164	210	227	223	222	203	168	201	215	148	202	183	158	208	240	216	228	197	206	164	189	208	180	178	154	210	211	235	167	212	222	168	226	196	247	192	139	203	199	240	205	211	212	194	201.4	27
221	195	242	198	253	168	201	152	198	225	217	222	191	156	181	211	141	202	183	148	200	237	202	227	194	195	164	173	195	179	176	149	196	208	226	167	209	222	162	225	195	237	192	129	203	199	223	205	211	202	179	195.3	26
222	192	239	198	252	168	201	152	198	220	217	218	191	152	175	194	141	202	178	145	188	221	188	212	180	193	161	163	184	176	162	145	178	195	208	153	206	213	149	210	180	221	189	127	203	185	207	193	211	185	167	187.72	25
223	191	231	187	252	155	194	149	198	207	212	201	176	136	169	193	140	202	178	138	188	221	182	199	165	178	160	162	180	171	162	144	178	194	208	151	191	198	143	210	180	217	176	115	192	185	195	193	198	175	159	181.58	24
224	189	223	185	245	155	185	134	184	207	200	184	165	131	162	188	140	194	177	132	181	221	181	184	165	178	152	144	175	171	148	128	176	188	205	146	191	183	140	210	167	207	172	115	191	184	195	181	198	173	142	175.44	23
225	173	219	185	233	151	167	133	177	198	187	172	158	131	148	188	132	189	177	129	179	214	181	178	165	178	137	143	172	164	138	125	176	175	201	146	191	170	124	207	154	205	156	115	175	184	181	181	197	172	142	169.46	22
226	166	218	185	221	136	153	133	177	189	182	169	157	128	142	186	126	188	176	128	179	213	171	178	164	170	119	138	155	153	136	112	160	159	191	128	186	153	124	207	146	198	141	115	168	184	175	181	186	168	142	163.2	21
227	150	201	172	216	135	153	113	172	178	168	162	156	127	126	181	126	179	176	123	164	200	169	178	149	163	112	127	154	144	116	100	149	155	178	121	180	153	120	201	146	192	140	115	153	181	172	167	170	163	142	155.76	20
228	145	201	172	208	133	149	108	163	169	153	149	155	117	126	178	126	177	171	112	149	196	168	165	130	163	110	112	154	135	116	84	142	155	177	115	180	138	111	190	133	175	130	98	138	174	155	151	155	162	134	148.14	19
229	137	188	168	193	131	142	88	156	165	147	138	152	108	126	160	115	170	170	99	148	194	160	165	118	162	94	111	141	115	114	84	123	149	177	114	168	127	102	179	133	171	130	98	137	165	151	140	141	162	125	141.02	18
230	137	183	156	177	126	128	81	140	164	135	137	137	106	119	158	114	151	157	92	148	183	151	165	118	161	90	110	139	95	114	82	106	137	162	114	168	123	93	178	133	162	130	81	135	148	148	130	133	155	120	134.2	17
231	135	181	148	177	120	121	81	140	155	135	137	123	106	104	153	101	151	140	91	135	182	145	151	117	149	89	101	134	84	114	82	87	129	156	114	153	107	83	162	122	162	130	81	121	143	136	130	130	154	120	128.04	16
232	133	167	133	161	116	105	77	138	154	125	137	123	99	104	145	99	138	139	86	134	172	132	136	116	139	70	101	124	80	113	73	86	117	155	97	153	107	82	146	106	161	130	81	116	131	118	112	113	139	119	120.76	15
233	118	152	118	145	115	105	70	130	146	110	130	104	91	101	131	85	138	127	69	119	156	120	136	98	124	70	89	110	63	93	73	84	116	141	81	149	106	82	127	105	149	111	80	114	130	117	112	97	131	107	111.5	14
234	117	136	116	145	114	105	63	118	139	98	118	104	73	84	131	67	121	125	67	119	155	111	125	91	106	70	82	106	63	77	66	84	100	125	78	139	105	81	127	88	131	96	79	108	112	117	111	80	114	106	103.86	13
235	114	127	115	131	111	100	62	114	133	98	105	102	73	69	127	66	121	112	60	107	138	106	107	90	106	69	82	104	63	71	64	67	92	107	78	124	105	73	121	88	126	92	59	90	112	99	92	80	98	102	97.04	12
236	107	110	108	114	93	85	62	98	133	95	104	91	53	59	110	61	111	97	60	100	135	92	101	90	90	69	79	104	57	63	52	65	91	90	78	122	97	73	120	85	117	82	53	88	112	81	82	79	98	102	89.96	11
237	100	104	108	113	75	83	59	92	132	92	86	91	53	58	95	49	105	79	60	97	123	89	83	70	90	49	77	99	57	55	48	51	85	90	75	106	80	56	115	76	103	65	43	87	106	63	70	66	90	84	81.64	10
238	100	91	102	95	63	83	58	78	113	88	68	87	53	58	88	30	85	72	43	95	108	89	64	70	85	46	69	80	57	55	48	45	84	89	68	87	74	55	95	66	89	47	39	70	99	60	55	48	90	70	73.02	9
239	82	74	92	95	60	67	58	61	96	71	68	87	43	58	71	30	84	54	43	77	105	86	48	52	84	46	69	78	45	54	32	45	73	87	67	70	74	51	76	64	83	47	39	51	99	57	40	45	71	70	65.58	8
240	65	74	81	78	43	49	58	61	96	56	66	86	39	57	63	29	74	37	32	58	87	68	42	50	66	45	58	61	45	43	32	45	72	69	62	65	72	50	73	44	82	47	27	49	99	55	34	45	68	50	58.14	7
241	51	55	63	66	43	42	57	55	77	56	51	68	39	55	44	26	70	19	20	54	82	51	40	43	66	42	55	60	25	38	32	44	55	68	49	61	69	30	68	37	65	47	24	29	84	55	31	45	67	34	50.14	6
242	40	36	61	49	43	41	38	48	69	36	49	49	36	55	40	24	54	18	20	53	73	32	39	42	57	41	55	40	25	38	32	38	55	65	31	49	50	29	67	37	48	47	21	29	67	37	31	44	56	32	43.32	5
243	39	36	41	47	43	38	35	35	69	31	48	49	28	55	31	24	47	15	16	51	57	12	36	41	37	38	35	39	8	20	32	38	49	45	13	30	40	29	49	21	36	30	21	20	66	17	23	41	50	23	35.48	4
244	19	28	28	30	40	18	35	19	57	27	42	29	27	36	13	20	36	13	13	46	56	11	24	22	20	20	34	29	8	19	32	20	38	34	13	30	40	26	30	21	34	28	21	18	55	14	20	40	30	21	27.68	3
245	15	28	27	20	40	0	15	11	37	15	32	17	20	32	11	9	21	3	9	27	39	11	24	20	20	14	27	27	5	16	13	20	38	14	12	18	40	15	20	18	15	8	20	1	37	2	20	22	26	21	19.44	2
246	7	15	20	20	20	0	6	0	20	3	13	3	0	20	8	0	20	3	0	20	20	10	4	0	0	11	7	15	1	9	6	15	20	8	8	13	20	15	20	6	15	7	20	1	18	1	0	20	6	8	10.04	1
247	0	0	0	0	0	0	0	0	0	0	0	0	0	0	0	0	0	0	0	0	0	0	0	0	0	0	0	0	0	0	0	0	0	0	0	0	0	0	0	0	0	0	0	0	0	0	0	0	0	0	0.0	0

