50.05239139188404
58.288762247774194
61.26739855040043
63.15993132298334
65.21816697239497
65.61909981656302
66.36779674287506
66.70501879110559
66.9272683548835
68.04794528209027
68.21696456534382
68.28063621314485
68.36470404008772
68.42293968949934
68.3908158471657
69.09570041608876
68.49535255693256
68.60657241286738
68.73144937586689
68.7123674555948
68.64822603015527
68.54498120889451
68.8572714867344
69.12359625967514
68.80070802201246
68.92516554069171
68.76255536665023
69.02587132566775
69.18115520558365
69.37067133461589
68.97134915663733
69.7802279540065
69.14239855040039
69.56642320254127
68.84054404724618
69.18432620464408
69.2951601718044
69.40645273142141
69.70522571697015
69.45745716075344
69.4160384322849
69.83903404769356
69.2102031229028
69.60856337524048
69.42734665115653
68.90075947384908
68.6687005055702
69.16520513623549
69.17749205852087
69.23920629949444
68.43459464900903

