48.7759941374924
54.86249377799902
57.16428847961949
57.992160278745644
58.026726950942965
59.0611346164482
59.809675902881466
60.537477185996345
62.17818428184282
61.209626126873516
61.313153310104504
62.351363309551466
62.331833139759965
60.68213870914217
61.57171201814059
62.316450970632154
62.47511199601793
61.796913887506236
62.33788230739449
60.859811404236495
60.46315884077206
61.69373237099719
61.76096454842098
63.25562745423372
62.343931475029045
63.43969498368455
62.574145511863286
63.91273989270504
62.94781123831646
62.43276782257618
63.08590509374482
63.09350976162824
61.83044355953765
63.69255019080802
63.63119434765776
63.07017725789502
61.932933742602735
62.73107820363919
63.04235108677617
63.490680825175595
63.44574415131906
62.87539406006304
62.520912836679386
63.35708063713291
62.280847298268895
62.50155550024887
62.96129224047343
62.81922321774238
62.212059620596186
62.43052098888335
62.43311348929815
63.12392843316189
63.38214147447595
62.41997815386318
62.58883634754717
62.757003207787186
62.377461147060465
61.62719152701729
61.38194098777722
61.222761462308505
62.246626292793536
62.323191471710636
63.86192688457496
62.391806316022326
63.33236546651181
62.43155798904927
62.398028317017875
63.06309109009456
63.29105829323599
62.526789170952924
63.33564930037055
63.81785437752334
62.72658453625354
62.366572645318264
62.558590509374476
63.010549748354606
62.91134339914828
64.05066091477242
63.39700514352084
64.12048559261102
63.70222885902327
64.35916846413365
63.440731983850455
63.59403517504562
63.45231181903658
63.565172003760864
62.659179525468744
62.35810381062993
63.01953708312592
62.339783474365326
63.08936176096454
63.27602179083017
62.23107129030472
61.77686521763174
63.480137990155406
62.65624135833194
63.284663458879486
63.37349980642665
63.012623748686494
62.739892705049485
62.42792848846853

