50.32103174603175
54.221031746031755
55.71071428571429
53.694047619047616
53.93571428571431
53.56269841269841
54.57777777777778
53.72380952380952
57.70396825396825
55.66626984126983
56.53373015873016
55.13809523809523
54.840476190476195
53.666666666666686
55.86587301587302
54.68412698412697
55.49087301587302
54.78015873015871
54.03492063492064
54.69206349206351
54.665079365079386
55.24047619047619
55.455158730158736
55.45119047619045
54.988492063492075
55.26388888888889
56.57380952380953
55.85
59.97341269841269
55.380158730158726
56.154365079365064
57.64246031746031
58.16349206349205
57.97658730158728
57.84761904761905
56.11468253968255
55.07579365079365
53.61666666666669
55.166666666666664
55.26150793650794
57.67619047619047
55.96904761904761
54.57579365079365
56.309920634920644
56.44642857142858
56.779761904761905
57.0468253968254
57.62579365079365
59.625396825396834
59.34007936507937
56.984523809523836

