50.14873495593043
51.951937273500036
53.38085544270946
54.325617422039265
54.4729933783723
55.49793074135388
55.00230414746549
55.967535009619255
55.95054471835711
56.54380676479801
56.515530625027964
56.828883495145654
56.86544226209118
57.00667755357701
57.38865151447361
58.117427631873284
56.857394523734996
57.349195785423454
57.45670216097712
58.67270480068012
57.967523824437414
58.733960449196886
58.28718513713037
57.77085477159854
58.04077558051094
58.30952194532687
57.95211623640994
58.10351326562577
58.24902129658629
58.7370923001208
58.20089145899507
58.426077133014154
58.30690461276898
58.705102679969556
59.0307592501454
58.572916200617406
58.30217328083756
58.95361505078072
57.983608115967954
57.34142208402307
58.93160261285845
57.774763992662514
58.13314281240213
58.37956914679432
58.0018902957362
58.272834548789774
58.06929220169125
59.035110285893275
59.083089123529106
59.15693928683277
59.27100017896292

