47.9707422586521
51.78901478624237
53.372107039537106
53.38382620807886
54.030054644808764
52.96695864138006
53.458494053359054
53.165849673202594
54.69972141862209
54.605465820207854
54.489446051644705
55.754781420765006
54.16231383263689
55.14622174006215
54.859269527483114
53.65872441872923
54.73420925747347
54.67879433194044
56.02934479802849
55.29371584699454
55.58435122682952
56.276451837565645
55.64177515268403
56.15674890174649
55.714936247723124
55.48925854494803
55.850543769420334
55.298236097717776
54.93996437372763
55.837150433944096
56.35781635058393
56.13029706418086
57.47515536269153
55.70388674595519
55.358506107360974
56.48756428801026
55.74540608593161
57.155556894889095
56.227900996464165
54.8930876995607
56.217688578163504
55.53379138540661
54.75128576020572
55.822752598307076
55.1341677381335
55.5145384656595
55.533623968713165
54.81239285331618
56.043240383585136
55.04158630665382
55.31681935069109
54.809546769527486
54.706083252973315
55.863602271509684
55.47201462552233
55.578659059252125
55.74423416907746
56.77686033429764
55.231771670416805
54.754968927461704
54.690011250401795
55.86243035465552
56.90560377156327
55.61967614914818
55.82392451516125
54.610488321011466
55.796133344047995
54.79347476695595
54.880029197471345
56.18035465552341
55.615825565198776
56.09664630879673
55.219885085181595
55.27027750991108
56.19776599164258
56.76748499946428
55.32000026786671
56.751915246973105
57.31560725383049
56.36802876888459
57.25550466088072
54.92623620486445
56.415072859744996
54.88237303117969
55.35080493946213
56.56206471659703
55.161289242472954
55.37240169291759
55.18656916318439
55.11206873459766
54.67410666452375
54.01682872602592
55.99787045965928
56.11740597878497
56.620660559305676
55.58066805957357
56.29470025715203
56.57294680167148
57.50763420122148
55.871470856102015
56.30792617593483

