48.39656862745098
51.91519607843137
52.51029411764705
53.00457516339869
54.92385620915034
55.404248366013086
56.63709150326795
55.67107843137254
54.54052287581699
56.99346405228758
56.13872549019606
56.755718954248366
56.033333333333324
56.13888888888889
56.391176470588235
55.489379084967325
54.62107843137254
56.68594771241828
55.841503267973835
57.332679738562085
57.01568627450979
56.44542483660134
56.07777777777776
55.13937908496731
56.57843137254902
57.275816993464055
57.46928104575162
56.56977124183006
56.77222222222223
55.244281045751634
56.44084967320263
56.84624183006536
57.25424836601306
56.35196078431372
55.73415032679737
56.466666666666654
55.87303921568626
56.40130718954248
54.99820261437909
55.97336601307191
56.008333333333326
57.05816993464053
56.36176470588236
54.62875816993462
56.30947712418298
55.26454248366013
55.962418300653596
56.44787581699347
57.50669934640524
57.20882352941177
56.457026143790856
55.68774509803922
56.32450980392159
56.1187908496732
55.333660130718954
56.1187908496732
56.63480392156862
53.99297385620916
56.67549019607843
54.827450980392165
57.092810457516364
56.29689542483661
56.55915032679738
55.65686274509803
57.16568627450981
55.29215686274509
55.5702614379085
55.98725490196078
55.047549019607835
55.37320261437908
57.172549019607864
57.098856209150306
56.239379084967325
55.43284313725489
56.04901960784316
57.548529411764726
55.89901960784315
56.0312091503268
55.913562091503266
57.432189542483655
57.098039215686256
56.24084967320261
56.36503267973858
56.072875816993474
55.79967320261437
57.132679738562096
56.241993464052285
56.57532679738563
56.527450980392146
57.75081699346405
56.522222222222204
55.88186274509802
56.28153594771243
56.025163398692825
56.503921568627455
55.01699346405231
56.724999999999994
55.81846405228759
55.53954248366011
57.013725490196066
56.418627450980395

