51.918224654202795
52.13767289861683
51.22093023255814
53.86855905152758
55.2545979632163
52.86612707098346
53.714090287277706
52.60392916856668
52.89291685666513
52.29746162030704
53.49198206414351
53.48951208390332
56.20516035871713
55.2640978872169
55.456946344429234
54.26166590667274
54.80981152150783
54.2438060495516
55.84834321325427
53.781729746162036
54.661422708618325
55.96386228910168
56.298639610883136
56.413778689770474
56.33986928104575
54.474654202766374
55.76740386076909
54.83489132086942
55.91085271317831
56.89447484420125
54.98936008511931
54.06862745098039
55.952652378780954
54.79613163094695
56.17495060039519
54.4324745402037
56.28362973096215
54.277625778993766
56.046511627906995
56.682246542027656
56.0016719866241
56.033211734306136
55.917122663018695
56.079761361909085
56.03302173582612
54.997150022799815
55.66309469524244
56.28780969752242
55.10905912752698
56.01991184070526
55.236168110655136
57.08789329685362
56.91271469828243
57.63565891472866
55.861073111415116
55.982292141662846
55.826303389572864
56.93209454324367
56.622207022343815
55.92529259765923
55.22533819729441
56.00376196990423
54.70227238182095
54.518733850129195
55.071059431524574
56.246960024319804
55.21621827025383
56.74000607995134
56.096481228150196
55.48126614987079
55.237118103055195
56.62638698890411
55.738714090287274
56.97750417996655
57.52431980544157
56.29103967168264
56.203260373917
57.77587779297766
56.86711506307949
55.91503267973859
55.2378780969752
54.56186350509194
55.89204286365709
56.06589147286821
56.50668794649641
54.83736130110959
56.41320869433044
56.41282869737046
56.678636570907436
56.69516643866849
55.36992704058369
55.612935096519244
56.966484268125875
55.790393676850606
54.905760753913945
55.26466788265695
56.24430004559965
56.5562775497796
55.25326797385621
54.93388052895578
55.74973400212798

