50.76816385468915
51.56102751177989
51.56140750873993
52.16731266149872
50.46188630490956
53.303693570451415
53.509841921264645
54.58276333789328
52.32444140446877
52.462000303997534
53.049285605715156
52.69132846937226
53.01166590667275
52.90032679738563
52.85947712418301
53.973438212494294
53.411422708618325
55.054339565283485
55.9608223134215
55.12444900440797
56.28514971880225
56.68528651770788
57.84484724122208
58.40211278309775
54.90139078887369
54.693722450220406
56.03967168262653
55.394626842985275
56.94254445964434
55.63459492324061
53.64987080103359
56.02599179206565
57.64781881744946
56.93988448092415
56.50098799209607
56.07919136646906
57.877336981304154
57.14622283021736
54.89512083903328
56.19604043167654
56.26215990272079
57.507789937680506
55.45504635962909
57.0358337133303
55.771773825809376
55.616355069159475
56.15120079039369
55.72066423468611
56.18198054415567
56.31440948472412
54.77124183006538
57.024243806049554
57.67555859553123
57.60202918376653
55.33021735826112
56.3003495972032
54.475224198206426
56.399338805289545
54.566803465572264
56.51428788569691
55.06326949384403
54.98917008663929
56.8454552363581
56.975414196686415
55.546625626994974
55.95132238942087
55.57246542027663
55.19341845265237
56.10522115823072
56.5028879768962
56.0265617875057
57.40006079951358
56.821705426356594
56.87072503419972
58.731190150478795
54.65078279373766
55.859743122055015
56.71169630642955
53.58185134518925
55.704134366925075
54.95364037087705
55.86335309317525
56.31516947864418
56.52283781729748
53.23795409636723
55.38683690530475
55.263147894816846
55.349407204742384
55.07314941480469
54.85655114759083
54.33310533515734
57.058823529411775
56.58667730658154
57.5123499012008
56.93209454324365
56.24810001519985
55.60533515731873
55.431676546587624
56.35316917464659
52.67308861529108
53.31034351725189

