52.17173202614379
57.22875816993464
59.10751633986928
61.40343137254902
62.425653594771234
62.065522875817
61.560947712418276
62.241013071895445
63.002614379084974
62.96258169934641
63.349999999999994
63.37336601307191
61.33774509803921
62.92647058823528
62.67810457516339
63.560294117647054
62.70441176470588
62.65326797385622
62.83643790849672
62.46764705882354
61.91437908496733
62.09705882352941
63.34722222222222
61.67124183006535
63.12418300653595
62.132516339869284
61.95898692810458
62.75915032679739
60.70375816993464
62.02565359477122
62.255392156862754
64.03039215686273
62.30800653594771
62.827124183006525
63.0295751633987
63.37091503267973
62.92009803921569
63.23447712418303
63.221078431372554
64.0062091503268
62.02287581699346
63.19869281045752
63.26666666666667
63.78986928104575
64.2748366013072
64.13251633986928
63.39542483660131
62.55392156862746
63.12614379084967
62.29052287581699
62.028104575163404
62.33709150326799
62.92908496732027
63.85571895424839
63.83496732026144
63.34885620915033
63.729575163398714
63.29297385620913
62.820261437908506
63.35392156862745
64.10898692810458
63.59983660130716
62.59199346405229
62.75392156862747
62.69934640522877
63.26176470588234
63.287418300653584
62.800163398692824
63.882679738562075
63.17663398692811
63.33006535947714
63.74281045751634
63.75081699346406
63.092156862745085
63.311437908496735
64.50147058823529
63.77320261437909
63.69624183006536
63.0173202614379
63.66486928104575
63.99460784313725
64.90343137254904
62.77222222222222
62.901307189542464
63.42630718954248
63.35016339869281
63.23856209150323
61.92352941176471
62.869117647058815
62.580065359477096
64.32761437908496
64.38300653594769
64.24967320261439
63.76650326797384
63.151470588235306
63.43660130718954
63.77271241830067
63.81846405228758
62.02222222222221
63.07352941176472
63.56699346405228

