49.88594470046082
57.9994631112702
61.34392197217126
63.31579123976555
64.06560109167374
65.35022482215565
67.009110330634
67.17855465079862
67.8278991991409
67.86791418728461
68.36847903896914
68.25923336763461
68.33506890072037
68.50875240481409
68.14791284506289
68.94105968413042
68.89715225269563
69.24708066753162
69.20434208760233
69.32360968189339
69.1573699163348
69.5476824303163
69.73899937362981
69.60300433985057
69.62879736924525
68.81896783141688
69.28046284282581
69.39318151313142
69.84462663862914
69.17885105811821
69.15037917766543
68.95731734598004
69.56887275737103
69.15279517694958
69.4328273902734
69.99035837322718
69.89877969665788
69.82164668247506
69.83445371571739
69.6646402845511
69.58940875128631
69.86716478009932
69.63126929443874
69.36221533712138
69.62145429734696
69.38848932933644
68.84039863988191
69.32268690438906
69.0872276408215
69.14562547537018
69.04858843004781

