50.13298611111112
56.914930555555564
56.88142361111112
57.20451388888888
57.36857638888889
58.58663194444445
58.07517361111111
58.22760416666666
57.80989583333336
57.84340277777778
57.77256944444446
58.86024305555555
58.75208333333336
57.486458333333346
57.78159722222222
58.609895833333326
58.71996527777779
58.74027777777776
59.787326388888886
59.68906250000002
58.55399305555557
59.74097222222221
59.89913194444445
60.341319444444466
60.46961805555553
59.434548611111126
58.295486111111096
59.79444444444445
58.46493055555555
58.900868055555556
57.44079861111112
58.71770833333333
58.42673611111111
59.080555555555534
59.27204861111112
59.47378472222222
58.5732638888889
58.277777777777786
58.03298611111109
59.47013888888888
59.42673611111111
58.55954861111111
58.3173611111111
57.92256944444444
58.48298611111111
58.67256944444444
59.166493055555556
58.78038194444445
58.186979166666674
58.509375000000006
59.56111111111111
60.530729166666674
59.15347222222225
59.97031250000001
58.94965277777777
59.445312500000014
58.076909722222226
58.2265625
58.13211805555555
59.42152777777778
59.44027777777776
57.84097222222222
59.70347222222223
59.269270833333344
59.28298611111112
59.337847222222216
59.57586805555556
58.50034722222222
58.61059027777776
58.444618055555544
59.76076388888888
59.24583333333335
59.69357638888889
60.32083333333335
60.163020833333334
59.278819444444444
60.06684027777778
58.80208333333334
60.3159722222222
60.13107638888891
59.500520833333326
59.55225694444445
60.1112847222222
59.92378472222225
59.514930555555566
59.5951388888889
59.67100694444446
60.20069444444444
59.815625000000026
59.81909722222224
58.31944444444444
59.11388888888888
59.16684027777775
59.2217013888889
59.37118055555555
59.28315972222221
58.60989583333335
59.50381944444445
59.40434027777777
58.88159722222224
58.744444444444454

