# Extinction sequence for 721 applications  and 247 platforms.
# This is the data and average for 50 different extinction sequences.
0	721	721	721	721	721	721	721	721	721	721	721	721	721	721	721	721	721	721	721	721	721	721	721	721	721	721	721	721	721	721	721	721	721	721	721	721	721	721	721	721	721	721	721	721	721	721	721	721	721	721	721.0	247
1	719	721	721	721	721	721	721	720	721	721	721	720	721	720	721	721	720	721	721	719	721	721	720	721	719	719	718	721	721	721	721	721	721	720	721	720	720	721	721	721	721	721	718	721	721	721	720	721	721	720	720.52	246
2	718	719	721	721	721	721	721	718	721	721	720	720	721	720	721	721	717	718	721	719	721	719	720	721	719	719	718	721	721	720	721	718	720	720	721	718	720	721	719	719	721	721	718	719	719	719	720	721	721	720	719.9	245
3	718	719	721	718	720	721	721	718	720	721	718	719	721	720	721	721	717	715	720	719	720	718	720	721	718	719	718	720	718	720	719	718	720	720	721	718	720	718	719	716	721	721	716	717	718	718	720	717	720	718	719.1	244
4	716	719	721	717	720	721	721	718	718	718	718	719	721	719	719	719	717	711	720	719	718	718	720	721	718	718	715	720	717	720	719	718	720	720	720	718	720	718	717	716	721	720	716	716	717	718	719	714	720	718	718.42	243
5	716	719	721	717	719	721	721	717	717	717	716	718	721	719	717	717	716	710	719	718	718	718	719	721	718	716	714	719	717	720	717	718	720	720	717	717	718	718	715	714	716	719	715	716	717	718	719	714	719	718	717.62	242
6	716	719	721	715	719	719	720	716	717	717	716	718	721	717	716	717	716	710	719	718	715	718	718	720	718	716	714	718	717	720	716	717	719	720	715	717	718	718	714	707	716	717	714	716	716	718	719	714	719	718	716.98	241
7	715	719	720	715	719	717	720	715	717	717	713	716	721	717	713	717	716	710	719	718	714	716	715	720	718	715	714	718	715	720	715	717	719	720	713	715	718	716	714	705	715	715	712	716	716	718	718	713	717	717	716.16	240
8	713	716	720	715	719	716	720	715	716	717	706	714	721	715	713	714	714	709	719	718	714	714	715	719	718	715	713	715	715	719	715	716	719	719	712	715	718	715	714	704	713	715	712	716	716	718	717	713	716	717	715.34	239
9	710	716	719	714	717	715	719	715	716	717	706	713	721	715	713	713	712	708	718	718	714	713	715	719	717	713	711	713	714	719	713	713	719	718	712	713	718	715	714	704	713	715	711	716	715	718	715	713	716	716	714.6	238
10	706	715	714	714	716	713	718	715	716	715	706	713	720	713	712	712	712	705	716	716	713	712	713	718	717	708	710	713	712	719	710	706	719	718	709	711	718	715	711	704	713	715	711	716	715	716	714	712	714	716	713.3	237
11	705	715	714	714	714	712	718	715	716	715	706	712	720	713	712	712	712	703	714	716	713	712	712	717	717	708	710	712	711	718	710	706	719	717	709	711	717	714	711	704	712	715	711	713	713	716	714	711	711	715	712.74	236
12	704	715	712	712	714	712	718	714	716	713	706	712	720	713	712	710	712	703	714	716	713	709	712	716	716	708	709	709	711	718	710	705	719	716	708	710	717	714	711	704	712	715	708	713	713	714	714	711	708	715	712.12	235
13	701	713	712	712	713	712	716	713	716	713	703	711	720	713	712	710	712	703	714	712	713	708	707	715	716	708	709	709	706	715	710	704	719	716	708	710	717	714	711	704	712	712	707	713	713	712	713	711	707	715	711.3	234
14	701	712	712	712	713	712	716	713	716	712	703	711	720	713	712	708	712	702	711	712	712	708	707	715	716	708	709	709	705	714	708	703	719	716	708	710	717	713	711	704	712	712	705	713	713	712	713	709	706	715	710.9	233
15	701	712	712	712	712	712	715	712	716	712	703	711	720	713	712	708	711	702	711	709	712	706	707	712	715	706	708	709	703	713	708	701	719	716	708	710	717	713	711	703	712	711	704	711	713	711	712	709	706	714	710.32	232
16	700	712	712	712	712	709	712	710	716	711	703	711	718	713	712	708	711	699	711	709	709	706	707	711	715	706	708	707	703	713	708	701	719	716	703	710	717	711	711	701	711	711	704	711	712	706	712	708	706	714	709.56	231
17	700	712	711	712	712	709	711	710	715	711	703	707	716	713	712	707	710	698	711	709	709	705	704	710	714	704	708	707	703	713	698	700	719	716	702	709	716	711	710	700	708	711	702	710	712	706	712	708	706	711	708.66	230
18	700	712	709	712	712	708	709	708	715	709	703	707	713	710	712	705	710	697	710	709	706	705	704	708	712	704	707	707	700	711	698	698	719	715	702	708	715	709	710	699	706	710	702	710	711	706	712	708	704	708	707.68	229
19	697	705	708	711	711	707	709	708	714	704	703	707	713	710	711	701	710	696	710	709	706	704	704	708	712	703	707	707	699	711	698	696	719	715	702	706	715	708	709	699	705	710	702	710	711	706	710	704	703	708	706.82	228
20	693	705	708	711	708	706	709	704	711	703	703	707	713	710	711	701	710	696	710	708	705	704	704	708	712	703	706	706	697	711	697	694	718	715	702	706	714	708	706	696	705	706	701	710	708	704	710	704	703	705	705.9	227
21	693	705	708	710	708	706	709	704	711	703	703	707	711	710	711	698	710	696	710	705	705	702	704	708	712	700	704	706	692	711	697	694	718	714	701	706	712	707	706	696	704	706	701	710	708	704	710	704	701	705	705.32	226
22	692	703	706	710	708	706	709	702	711	703	703	707	711	710	710	697	710	696	710	705	705	702	703	708	712	700	702	705	692	709	695	694	717	714	698	705	710	707	704	696	704	704	701	710	708	703	704	704	701	705	704.62	225
23	688	703	706	710	708	706	707	701	711	703	703	707	711	709	709	695	710	696	709	704	701	701	701	708	712	699	702	705	692	708	694	694	717	714	698	704	710	707	704	694	703	703	701	709	704	703	703	701	696	705	703.78	224
24	686	703	706	709	708	704	707	701	711	701	702	700	711	708	707	695	710	695	709	704	700	701	701	708	712	697	700	705	692	707	693	694	717	714	698	703	710	707	704	694	703	703	696	709	703	702	703	701	694	705	703.06	223
25	684	703	705	708	703	704	706	701	710	701	702	700	708	708	705	695	710	694	709	703	700	700	700	708	709	695	700	705	691	704	691	692	717	712	698	701	709	706	704	694	701	703	696	708	703	702	702	701	691	705	702.14	222
26	683	702	701	707	696	703	706	701	709	700	701	700	705	708	705	694	707	694	708	703	699	700	700	708	709	695	700	703	690	704	690	692	717	711	698	700	709	704	704	693	701	703	696	708	703	700	702	696	691	703	701.24	221
27	681	702	701	706	694	703	703	700	708	699	700	700	705	707	705	693	707	694	703	702	698	700	700	701	709	695	699	703	682	703	689	689	717	708	698	700	709	703	702	693	701	703	695	708	703	700	699	695	691	702	700.16	220
28	678	702	700	706	691	700	703	700	708	699	699	700	703	707	704	693	707	694	702	702	697	700	700	701	706	695	698	703	682	703	687	689	714	708	695	700	708	703	702	690	700	703	695	707	702	700	697	695	691	702	699.42	219
29	678	701	700	704	691	699	702	697	707	699	696	698	698	707	704	692	707	692	701	700	694	698	699	701	706	695	698	700	682	703	687	689	714	707	694	699	708	702	702	690	699	703	695	707	702	700	697	695	691	702	698.64	218
30	677	700	699	704	690	699	699	697	707	697	694	698	697	707	704	688	705	691	700	700	692	698	698	701	706	691	698	700	682	703	685	688	714	706	694	697	705	701	700	690	699	703	695	707	699	700	697	694	691	702	697.78	217
31	677	698	698	704	688	699	699	697	707	695	694	698	697	704	704	677	701	691	699	700	689	698	695	701	705	691	694	699	682	702	685	682	713	703	690	695	702	700	699	686	698	703	695	707	699	700	697	694	691	702	696.48	216
32	677	697	694	704	688	697	697	697	707	695	694	696	697	704	704	675	701	689	696	699	687	697	695	701	705	690	693	697	679	700	685	681	711	703	689	695	702	700	698	684	698	701	695	707	699	699	696	694	688	702	695.58	215
33	677	697	693	701	688	697	696	697	707	694	694	695	697	702	704	675	700	689	696	698	686	697	695	701	705	690	693	697	679	700	685	679	711	703	689	695	702	698	697	684	697	699	693	707	699	698	695	694	688	702	695.1	214
34	674	693	691	700	688	696	696	697	699	694	694	694	697	699	701	673	693	688	696	695	686	697	692	699	705	690	690	697	678	699	685	677	710	703	688	695	702	696	697	684	697	696	689	705	698	698	695	692	686	702	693.72	213
35	674	693	691	698	688	696	696	695	699	694	694	694	697	697	700	673	693	688	696	695	684	696	691	698	703	690	689	697	678	699	683	675	707	703	688	695	702	695	697	682	694	696	680	703	698	698	695	692	686	702	692.94	212
36	673	691	691	698	686	695	693	695	698	693	694	693	697	697	700	672	690	688	696	693	684	696	690	697	703	688	689	697	675	699	683	675	706	702	688	694	701	695	697	682	694	696	680	703	698	698	695	692	680	699	692.18	211
37	673	691	691	698	686	695	693	695	697	693	692	691	697	691	699	671	690	688	696	689	680	693	688	697	702	684	689	696	673	699	681	674	706	702	683	694	700	695	697	681	693	696	680	702	698	696	695	687	680	698	691.1	210
38	672	689	689	698	686	695	693	693	694	693	692	691	697	690	698	670	690	688	694	686	680	693	688	697	700	683	687	695	672	695	677	674	702	702	682	694	700	695	697	681	692	694	675	702	698	692	692	686	680	698	690.02	209
39	671	689	687	698	686	695	691	690	692	689	692	691	697	689	698	669	689	688	694	686	680	693	688	697	698	682	684	695	669	693	676	673	701	702	682	694	700	694	696	681	691	692	675	699	696	692	691	686	680	697	689.16	208
40	668	688	686	695	686	692	691	689	692	686	692	688	697	688	698	666	687	688	694	685	678	691	686	697	698	681	682	695	668	691	675	673	701	701	679	691	700	692	694	681	691	688	673	699	695	688	691	684	680	696	687.9	207
41	668	688	686	694	686	692	691	689	688	685	690	686	697	687	697	666	686	686	692	685	676	691	683	692	698	680	681	695	668	690	674	673	700	700	679	689	696	692	694	681	690	688	673	698	695	685	691	681	680	696	686.96	206
42	668	688	686	694	680	691	691	687	686	684	690	683	695	687	697	665	683	685	691	684	673	691	678	692	696	679	679	694	668	690	673	672	700	699	679	689	695	692	691	678	690	687	669	697	695	685	687	681	677	696	685.74	205
43	665	688	685	693	680	691	691	687	684	684	689	682	695	687	697	665	677	685	688	682	673	689	673	692	694	679	678	694	668	690	673	667	700	699	677	688	693	690	691	677	690	687	669	697	695	684	686	681	674	693	684.72	204
44	665	688	685	693	680	691	689	687	683	684	685	682	695	686	697	660	677	685	686	682	670	688	672	692	694	679	678	694	668	690	671	667	700	699	677	686	690	690	691	677	687	687	666	697	695	684	686	681	674	687	683.94	203
45	665	688	683	692	680	686	686	686	683	684	685	677	693	686	697	659	677	681	680	681	670	687	672	690	694	679	674	694	667	688	671	665	698	698	675	686	690	689	691	676	686	686	665	696	694	684	686	681	672	687	682.8	202
46	664	688	682	692	680	685	685	686	683	684	684	677	693	684	695	658	677	680	677	681	665	687	668	690	694	679	674	692	667	683	671	662	698	698	673	686	689	688	691	676	684	686	665	695	694	681	686	678	671	687	681.86	201
47	664	688	678	691	677	682	685	686	681	684	684	677	693	684	695	658	677	680	677	681	663	686	663	689	693	679	674	692	665	681	668	661	698	698	672	685	686	688	691	676	684	686	665	691	693	681	685	678	671	682	680.92	200
48	662	688	678	690	677	681	685	686	680	684	683	676	692	684	695	655	677	680	676	681	661	686	663	689	693	675	670	691	663	681	662	661	697	698	671	682	682	685	689	674	683	685	664	690	693	681	681	677	671	681	679.78	199
49	661	688	678	688	677	680	685	684	679	679	683	676	690	683	692	655	675	679	675	680	659	685	661	689	693	673	670	691	663	679	662	661	697	696	671	682	677	683	687	672	679	684	661	690	691	680	679	677	667	681	678.54	198
50	659	686	677	688	676	673	685	684	679	679	683	676	688	677	692	654	675	678	673	680	659	682	661	689	693	673	669	691	663	678	662	661	697	695	671	682	677	683	683	670	679	681	657	689	687	680	679	674	666	681	677.48	197
51	658	684	676	685	675	673	685	678	679	677	682	675	687	676	691	654	674	678	672	680	659	682	659	688	693	672	669	691	662	678	660	656	689	694	671	681	677	681	683	670	679	680	657	689	687	679	675	672	666	681	676.38	196
52	656	684	676	683	672	673	684	677	679	677	682	674	685	675	689	649	674	677	672	679	658	681	659	688	690	672	669	690	662	677	658	656	683	693	668	681	676	681	683	669	677	677	657	689	682	679	675	671	666	677	675.22	195
53	656	684	675	680	671	672	683	677	678	677	673	674	685	675	688	648	673	676	672	679	658	681	656	687	688	669	669	687	662	677	656	654	682	691	668	681	676	679	683	664	677	677	657	689	680	679	673	668	666	677	674.14	194
54	655	684	675	676	670	672	683	674	677	677	672	674	685	674	683	648	673	675	672	677	658	681	655	687	688	667	669	685	662	677	652	654	682	690	668	680	676	678	683	664	677	677	657	688	674	679	671	666	666	673	673.2	193
55	652	684	675	675	668	672	683	669	677	677	670	674	684	673	682	648	673	675	672	669	658	681	653	685	687	666	669	685	662	674	652	654	679	689	666	679	676	676	683	664	675	675	650	687	674	679	671	662	666	669	671.96	192
56	652	684	675	675	668	672	683	669	677	677	669	674	682	672	679	648	673	673	671	666	657	681	653	684	684	665	669	685	662	674	648	654	677	689	666	679	675	676	683	661	674	675	650	687	672	679	670	661	665	669	671.26	191
57	652	673	674	675	662	668	682	666	677	675	669	669	679	669	679	647	670	672	671	664	655	681	651	680	683	662	669	684	662	673	648	654	677	688	666	679	675	673	683	661	671	675	650	687	671	679	670	661	665	669	669.9	190
58	652	673	671	674	662	668	681	662	674	674	669	667	677	669	678	647	668	664	671	659	655	681	647	680	683	662	666	684	661	669	646	654	675	684	666	679	673	673	681	661	671	673	647	681	671	677	670	660	664	668	668.44	189
59	650	671	669	674	662	668	679	661	674	673	664	666	676	665	676	647	668	659	671	659	653	677	646	676	680	661	665	684	661	666	646	653	671	684	663	679	672	672	681	661	670	673	643	681	666	677	670	660	664	667	667.08	188
60	648	664	669	674	659	667	679	661	674	669	663	662	676	665	676	647	667	659	669	659	647	677	645	674	680	659	665	684	661	666	646	647	671	681	662	677	671	670	681	661	670	671	643	681	661	676	668	659	661	667	665.78	187
61	648	662	667	671	658	667	679	659	673	665	661	662	674	664	676	646	667	658	668	658	647	677	644	673	677	659	665	684	659	666	645	646	671	679	661	677	671	669	680	657	670	669	643	681	661	675	668	659	659	667	664.84	186
62	640	662	664	670	657	665	678	659	670	664	661	662	673	662	673	646	661	658	668	654	645	677	643	671	674	657	664	684	659	664	642	645	670	678	658	677	671	669	679	657	670	669	642	681	661	674	667	659	658	667	663.58	185
63	636	662	663	669	654	661	678	658	667	661	661	660	671	662	673	645	659	654	668	652	645	677	642	669	672	657	662	682	657	664	637	642	668	676	655	675	670	667	676	657	668	669	640	681	659	674	665	658	657	667	662.04	184
64	635	661	659	669	652	655	678	658	667	658	661	659	668	660	671	645	659	653	666	652	644	674	641	664	672	657	659	680	655	663	637	637	668	675	655	675	661	667	676	655	667	669	640	680	657	673	664	657	655	666	660.58	183
65	635	661	658	667	651	650	677	656	667	657	659	659	667	658	671	642	659	649	666	652	642	673	633	660	672	655	659	679	655	660	636	637	668	671	650	674	661	665	676	653	666	665	639	680	652	673	663	656	650	666	659.0	182
66	632	657	658	667	650	649	677	656	667	657	658	657	665	656	671	638	656	646	666	651	638	673	633	655	669	654	656	679	655	660	633	635	666	667	650	671	661	664	676	653	666	665	638	676	651	670	662	654	650	666	657.6	181
67	632	657	658	666	646	645	677	653	667	656	657	654	663	656	671	638	656	646	666	651	637	667	632	655	667	654	655	677	655	658	632	635	665	667	650	670	661	664	676	650	665	665	638	676	651	668	660	654	647	666	656.64	180
68	632	656	654	666	646	645	675	653	665	654	654	654	663	653	670	637	656	645	663	651	637	667	632	653	666	650	655	673	654	657	631	632	664	667	648	669	657	664	675	650	664	663	637	675	651	663	657	654	646	666	655.38	179
69	632	656	652	663	644	642	675	652	665	651	654	653	662	651	661	637	655	643	660	651	637	665	627	653	663	650	655	672	650	657	631	632	663	664	648	669	655	662	672	649	660	661	636	672	647	662	654	653	646	665	653.78	178
70	632	654	652	662	642	642	674	652	664	651	652	653	662	649	657	636	653	643	656	650	636	664	626	653	663	650	655	671	649	657	625	632	663	662	647	667	655	662	671	649	660	661	633	671	647	661	653	651	645	665	652.8	177
71	632	653	651	660	639	642	673	651	664	650	650	653	659	649	657	634	651	642	656	649	636	664	622	653	663	649	655	671	649	656	624	629	659	658	644	667	654	662	671	649	658	653	633	671	647	661	652	651	643	665	651.68	176
72	631	653	651	659	638	642	673	651	658	645	650	649	659	649	657	634	650	642	656	647	635	664	618	651	663	649	652	669	646	656	624	629	658	658	644	664	652	655	671	649	657	652	632	671	647	658	651	651	642	664	650.52	175
73	631	648	651	659	638	642	672	650	657	644	649	646	659	649	657	629	648	639	655	646	635	664	616	649	662	645	649	666	645	656	623	629	655	658	642	664	652	654	668	649	655	646	631	669	647	658	651	651	642	660	649.2	174
74	630	645	649	659	638	641	670	648	657	641	646	642	653	648	655	627	648	639	652	644	635	660	615	643	661	642	649	662	645	656	623	626	653	657	642	658	652	654	667	646	654	644	625	668	647	654	651	649	641	655	647.32	173
75	629	645	649	659	632	635	670	648	657	638	646	638	653	646	653	627	646	638	652	629	635	657	613	642	661	642	647	662	644	655	623	626	652	657	642	655	652	654	665	646	651	644	624	665	646	653	650	649	640	654	645.92	172
76	629	645	646	659	630	629	670	647	656	638	646	638	653	645	652	627	644	638	652	628	634	655	611	642	659	642	647	662	644	655	623	625	651	657	641	655	652	654	665	641	648	640	623	665	644	651	649	649	640	654	645.0	171
77	626	644	646	659	627	628	670	644	651	638	646	638	653	645	651	627	644	637	649	627	634	654	610	640	659	642	647	661	643	655	623	619	651	657	641	652	652	653	665	634	644	639	621	664	643	651	648	647	637	651	643.74	170
78	626	643	644	656	627	628	665	642	650	638	645	638	652	644	651	623	644	634	649	627	629	652	609	639	657	642	647	661	640	651	623	619	651	657	639	652	652	649	664	634	642	638	620	664	641	651	647	646	637	649	642.56	169
79	625	643	644	653	627	627	663	633	648	638	640	637	651	642	645	623	643	629	649	627	625	650	608	635	657	642	647	659	638	651	623	618	651	657	638	652	652	649	663	631	640	638	615	664	638	646	646	645	637	648	641.0	168
80	625	640	641	653	626	624	659	631	648	638	640	635	650	642	644	623	642	628	649	627	625	649	608	633	651	642	647	658	638	650	622	618	651	657	638	651	651	649	663	631	637	636	614	663	637	639	646	643	636	648	639.92	167
81	624	640	639	650	624	624	657	631	648	638	632	634	650	641	643	620	642	621	649	626	622	649	607	633	649	642	647	656	636	650	622	613	651	650	638	651	651	649	662	629	637	636	614	663	637	637	644	641	636	646	638.62	166
82	622	636	635	648	622	623	657	630	645	635	627	634	650	641	640	620	641	620	646	625	622	649	606	633	649	642	646	655	636	650	618	613	650	650	636	647	648	647	661	629	636	632	612	661	637	636	640	641	635	646	637.2	165
83	621	635	635	648	621	622	656	627	641	635	627	632	650	638	640	616	641	620	645	625	620	649	606	633	649	640	646	655	635	650	618	613	650	650	634	643	648	647	661	626	631	632	612	661	637	636	640	640	631	643	636.22	164
84	619	635	630	648	618	622	656	627	641	635	627	629	648	637	639	616	641	618	645	623	617	648	606	633	649	640	646	655	635	650	616	612	648	649	634	642	645	647	659	626	628	632	612	660	630	635	640	640	631	643	635.24	163
85	619	634	630	648	617	622	656	626	641	635	626	626	647	637	639	613	638	618	645	623	613	648	606	630	649	639	644	655	635	649	616	612	646	649	634	642	637	642	654	624	624	630	611	660	628	631	639	640	631	643	634.02	162
86	616	629	630	648	617	621	650	625	637	633	622	626	646	637	636	613	638	618	642	620	613	647	606	630	647	636	640	652	631	648	616	612	640	649	633	642	637	641	654	624	623	623	610	659	623	631	638	640	631	643	632.46	161
87	611	628	630	645	617	616	648	623	634	629	622	626	642	634	634	613	638	618	640	620	613	646	606	629	644	634	635	652	631	648	614	612	639	649	633	641	636	637	653	624	620	621	609	658	623	628	638	640	631	642	631.08	160
88	611	627	630	645	616	613	642	620	634	628	622	626	637	634	633	613	638	614	640	615	609	645	605	629	644	630	635	648	630	647	614	606	639	647	629	639	635	632	650	623	620	620	608	658	623	628	638	640	627	641	629.54	159
89	605	621	629	645	616	613	637	620	634	628	621	626	637	634	629	612	636	603	640	611	609	645	599	628	644	626	633	648	629	647	612	606	637	643	629	639	635	631	648	620	620	618	593	656	623	628	635	639	621	640	627.56	158
90	602	617	626	645	614	613	631	619	629	623	619	626	632	634	629	612	634	603	639	611	608	645	595	623	640	625	628	647	627	646	612	603	637	640	628	637	635	631	646	619	615	613	593	652	621	628	635	636	619	640	625.64	157
91	599	616	625	644	614	609	630	615	628	623	618	623	632	633	629	611	631	603	636	607	606	643	592	618	639	621	628	646	626	646	612	600	637	640	625	637	635	631	641	619	615	612	591	650	620	626	631	629	617	640	623.98	156
92	597	615	625	642	614	609	626	612	628	619	618	616	630	626	626	611	630	602	636	604	602	641	592	616	638	621	628	643	624	646	611	600	636	638	625	636	634	631	637	616	615	610	591	646	620	624	630	629	611	634	622.22	155
93	594	615	625	640	612	609	626	612	627	616	618	616	630	624	625	610	629	599	635	603	602	639	591	616	636	612	624	643	624	646	611	600	636	636	620	635	634	631	637	612	614	608	591	643	616	624	630	627	609	634	620.92	154
94	591	615	625	639	612	607	626	609	623	616	618	616	630	622	625	607	629	597	630	599	602	639	589	609	635	611	622	643	622	646	611	598	634	634	620	629	630	627	636	611	614	603	588	643	616	622	630	623	609	634	619.32	153
95	589	615	624	638	612	606	625	609	623	615	615	612	630	619	619	601	629	592	628	598	599	629	589	608	633	607	618	638	621	645	608	598	633	634	618	626	630	626	634	607	613	603	588	643	616	620	630	623	609	634	617.58	152
96	588	611	623	638	611	601	620	604	621	614	613	608	623	619	617	591	627	592	628	596	599	622	587	608	633	607	618	638	621	639	603	596	633	634	613	623	627	625	634	605	613	603	583	640	616	615	624	623	607	631	615.3	151
97	584	609	622	637	609	597	620	600	619	614	612	607	623	619	617	590	626	589	626	596	598	622	587	603	632	607	616	636	620	638	602	596	630	632	612	623	624	624	630	603	612	602	583	637	612	615	615	622	606	627	613.64	150
98	580	608	621	634	609	596	620	600	615	614	612	606	622	619	615	589	623	584	624	594	598	621	587	603	630	607	612	630	620	638	600	592	630	629	610	623	620	623	627	602	612	601	579	633	612	615	614	620	604	626	612.06	149
99	578	608	619	632	608	596	619	599	613	607	612	606	621	618	615	589	623	584	623	594	598	619	583	600	630	607	611	625	620	637	592	592	626	628	602	621	620	623	626	598	611	599	579	629	610	610	613	619	604	626	610.44	148
100	577	607	618	629	608	594	618	599	608	604	612	603	620	617	614	583	619	584	620	594	595	611	582	600	630	602	606	624	618	637	589	590	626	624	601	621	620	622	626	596	607	599	579	628	608	610	613	619	604	624	608.78	147
101	577	605	615	629	608	592	609	599	605	602	612	598	620	613	613	583	619	581	620	593	595	611	579	598	630	601	604	620	618	637	589	585	625	624	601	615	616	621	624	591	600	594	575	624	604	610	611	618	599	621	606.66	146
102	574	598	608	627	608	592	609	599	605	602	612	597	620	608	608	583	616	581	617	590	590	611	579	595	628	599	600	620	616	637	588	584	624	621	601	615	616	621	624	587	597	591	575	624	603	610	610	617	598	621	605.12	145
103	573	598	606	622	606	588	609	599	598	601	610	596	614	607	606	582	613	581	616	587	589	608	579	593	628	599	595	619	615	636	587	582	623	613	595	615	616	618	623	587	593	591	574	621	602	608	608	616	598	616	603.18	144
104	569	596	604	622	606	585	603	595	598	600	608	596	614	607	604	582	612	579	608	586	586	605	579	591	628	598	595	619	613	632	587	582	620	608	590	605	612	618	623	582	589	589	571	620	601	608	607	616	595	613	601.12	143
105	562	596	604	622	603	582	599	595	598	599	605	596	614	603	598	578	612	579	607	582	586	603	577	591	625	596	593	619	612	632	586	577	618	608	589	604	608	616	616	582	588	588	568	615	601	608	607	616	587	610	599.2	142
106	562	595	599	622	602	580	599	589	597	599	602	595	609	602	593	574	608	577	606	582	586	600	577	585	625	596	591	616	607	631	582	577	617	608	589	603	607	615	616	580	586	585	565	607	598	606	601	616	585	608	597.14	141
107	560	594	599	622	601	571	599	588	595	596	600	594	609	599	590	569	602	575	605	582	585	598	565	581	614	595	585	611	605	631	582	577	617	607	582	598	607	615	615	578	581	583	559	606	598	603	598	605	582	603	594.32	140
108	560	594	599	621	595	571	598	588	594	594	597	594	606	598	584	563	602	574	605	578	579	595	565	581	613	594	584	611	605	629	582	577	615	607	580	596	599	613	615	577	581	577	559	605	595	600	596	604	582	602	592.66	139
109	560	593	599	620	595	568	597	588	594	593	596	593	601	597	584	563	602	572	605	578	579	587	563	581	612	592	583	610	604	622	582	577	614	607	571	590	597	612	605	574	581	564	557	600	594	598	596	601	581	601	590.66	138
110	553	593	598	618	595	564	595	583	585	588	594	590	601	594	583	563	601	570	601	578	573	583	560	579	612	585	583	609	598	619	582	575	613	607	571	580	597	612	596	574	575	564	555	595	591	598	596	601	580	601	588.22	137
111	553	591	597	617	594	557	595	581	582	587	591	588	601	594	581	563	600	567	600	578	572	580	555	575	610	578	583	602	598	618	582	575	613	606	569	579	596	612	596	574	571	563	555	591	591	588	594	601	578	601	586.46	136
112	552	590	595	613	594	555	589	581	581	586	586	586	601	592	581	563	598	566	600	576	570	580	555	575	606	578	581	600	593	614	576	575	612	605	569	579	593	608	596	573	570	563	551	591	590	588	593	601	573	601	584.88	135
113	547	589	595	613	593	554	586	581	581	582	584	586	601	591	581	558	594	563	599	574	570	580	555	573	604	578	581	599	589	614	576	572	611	605	566	574	592	608	595	568	570	560	546	590	588	588	593	599	569	601	583.32	134
114	547	588	593	613	587	554	582	575	578	578	581	584	599	591	580	555	589	558	598	574	570	580	553	569	600	575	579	599	587	612	576	570	605	604	564	562	592	608	590	567	569	560	545	590	578	588	590	598	565	598	580.94	133
115	547	583	592	613	587	553	582	575	578	576	580	584	593	590	578	554	586	553	598	572	569	579	551	567	600	571	577	598	581	609	572	569	604	602	557	562	588	602	590	563	568	559	542	590	577	588	586	598	565	595	579.06	132
116	542	583	588	611	585	553	575	573	578	572	578	584	593	587	578	553	585	552	594	572	568	576	551	562	590	564	576	598	580	604	571	569	600	598	557	562	588	600	585	562	565	557	537	588	576	588	584	597	565	594	576.96	131
117	539	583	588	611	585	550	574	570	573	570	578	581	590	587	578	552	585	550	591	571	563	576	550	562	590	564	576	598	580	601	571	569	598	590	550	561	584	597	585	562	565	550	537	587	571	588	583	596	563	594	575.34	130
118	539	582	585	609	584	549	571	569	572	565	578	581	580	587	574	552	585	548	585	570	557	576	549	561	585	563	576	598	580	600	571	562	598	590	550	553	580	592	584	562	564	550	534	587	567	588	583	596	563	594	573.56	129
119	537	580	585	606	584	541	571	569	572	564	575	579	572	587	574	551	585	548	584	570	557	573	546	561	578	562	570	597	577	597	568	562	598	585	544	553	579	585	580	561	563	546	534	583	567	586	579	593	563	587	571.36	128
120	537	577	583	603	581	536	568	563	569	560	570	579	571	584	570	551	579	548	581	568	552	572	546	561	578	562	570	597	571	593	568	560	598	585	544	553	579	585	577	558	562	546	534	583	566	586	578	588	553	585	569.36	127
121	537	575	579	598	580	535	566	561	568	560	563	579	569	580	565	547	578	547	579	564	548	568	541	561	575	559	570	597	568	593	568	556	598	582	541	550	572	582	575	556	560	543	533	583	560	586	578	588	553	579	567.06	126
122	537	572	578	594	578	535	566	561	564	560	559	579	567	580	565	547	577	547	579	555	548	566	537	559	569	552	570	595	567	593	566	554	595	580	540	548	568	579	574	556	560	543	523	583	560	586	578	583	553	579	565.28	125
123	536	570	577	594	578	532	556	561	564	560	558	579	566	575	562	544	574	544	579	551	548	566	533	558	564	551	570	592	563	593	566	554	592	580	534	548	568	577	574	553	559	533	517	581	558	583	572	583	553	576	563.18	124
124	534	568	569	594	571	530	553	557	561	560	555	578	565	575	560	539	569	544	579	551	544	557	532	555	559	551	566	590	562	593	562	551	591	580	534	542	566	577	566	553	555	533	515	578	557	578	566	577	553	576	560.62	123
125	532	567	569	592	571	530	545	554	559	560	552	575	560	568	558	537	568	539	577	551	536	553	530	553	556	551	563	590	561	591	562	550	591	578	532	538	566	577	563	543	552	531	513	576	553	577	562	577	553	576	558.36	122
126	532	567	567	592	568	525	545	554	559	558	548	572	560	567	557	534	568	539	574	551	531	552	528	553	555	551	562	589	557	587	561	546	590	578	532	532	566	577	560	543	552	527	513	576	551	571	560	574	550	574	556.7	121
127	532	565	567	592	565	525	535	554	556	555	545	570	558	563	557	534	567	539	572	549	531	552	523	553	555	548	560	589	553	587	553	546	585	577	532	529	566	577	559	543	552	522	513	575	546	570	560	569	547	573	554.9	120
128	527	562	567	588	565	522	534	552	556	549	545	569	554	561	551	533	560	536	572	544	529	551	517	550	554	539	560	587	553	578	553	539	582	573	531	527	566	577	559	543	549	520	511	575	541	563	554	560	545	572	552.1	119
129	525	562	566	588	565	515	534	549	556	535	545	568	554	561	547	532	556	536	567	542	528	551	517	547	550	539	558	587	551	578	552	539	579	572	526	523	562	575	558	542	542	518	510	568	533	563	554	555	545	568	549.86	118
130	525	562	560	588	565	509	526	546	554	531	545	564	554	558	544	531	556	536	567	540	524	551	517	547	546	536	555	587	550	578	552	538	576	572	526	522	558	575	558	542	540	518	509	563	530	563	554	555	542	563	548.16	117
131	521	562	555	588	565	509	526	541	550	530	545	560	553	558	538	531	556	529	560	534	520	543	516	546	545	536	551	586	549	578	547	532	571	571	524	514	554	573	555	539	540	515	506	563	525	559	550	555	539	562	545.5	116
132	514	561	555	587	559	509	525	535	548	527	544	558	550	555	534	531	555	528	559	532	519	540	511	545	545	535	551	581	545	578	547	525	571	571	522	514	554	568	555	534	536	514	506	557	524	553	548	549	539	554	543.14	115
133	514	557	551	581	554	508	525	535	548	527	540	558	550	548	532	531	555	528	558	532	516	536	504	541	545	535	550	578	540	576	547	519	566	567	520	513	553	566	552	529	534	510	500	557	524	552	546	549	539	552	540.96	114
134	513	549	544	574	553	507	525	535	548	527	533	558	545	548	532	531	555	528	558	532	516	536	499	541	542	533	550	578	538	575	546	519	565	563	520	511	550	564	552	529	532	509	498	557	524	549	545	548	533	548	539.3	113
135	512	549	544	570	553	500	521	526	541	526	531	558	537	547	522	527	555	525	558	530	516	533	499	541	538	529	549	578	536	575	543	518	565	559	520	510	550	564	552	529	532	507	498	555	523	547	545	546	527	548	537.28	112
136	512	547	540	570	551	497	521	520	540	523	527	553	530	540	520	527	555	525	557	525	513	528	499	541	533	529	549	572	532	575	540	518	564	556	509	507	550	560	552	524	531	507	495	555	522	545	545	546	524	543	534.88	111
137	512	543	540	562	551	497	516	520	538	523	527	551	529	540	512	523	551	523	557	520	510	525	493	541	533	526	549	571	528	572	537	518	556	553	507	507	547	555	552	524	529	505	493	555	518	545	541	546	520	540	532.62	110
138	512	542	537	562	545	497	514	520	535	522	525	551	528	534	506	523	549	523	556	519	505	519	493	541	530	526	549	569	528	568	537	515	556	552	504	506	547	553	550	520	529	505	492	550	518	541	541	544	520	540	530.96	109
139	510	540	534	561	544	492	514	518	535	522	525	542	524	528	506	523	549	521	556	517	503	513	493	541	530	524	549	567	528	568	533	514	551	548	498	506	541	547	543	519	527	504	486	549	510	541	533	541	517	530	528.3	108
140	509	536	534	558	541	492	514	517	533	520	525	541	520	521	504	522	547	514	556	512	503	507	487	541	526	520	545	564	520	568	528	509	549	546	495	502	538	540	543	516	520	499	483	546	508	538	522	532	515	525	525.02	107
141	509	531	530	554	537	492	513	516	533	518	525	540	517	515	504	520	545	508	554	511	503	506	487	540	526	515	539	563	515	567	527	507	548	538	495	502	535	536	537	510	518	498	482	545	500	535	519	532	514	525	522.72	106
142	500	525	523	553	537	491	513	512	531	517	520	534	515	515	502	517	542	506	550	508	493	505	487	540	526	514	529	563	515	563	522	503	543	534	490	499	533	532	537	507	514	493	479	544	500	535	518	531	514	524	519.96	105
143	499	525	520	544	537	488	506	509	529	517	517	528	515	514	502	517	538	505	549	505	493	505	484	534	526	514	523	560	515	557	519	499	541	532	483	494	530	532	535	505	514	489	479	542	499	533	517	523	511	524	517.52	104
144	499	518	518	542	537	488	506	503	529	514	516	528	510	509	496	517	538	504	547	497	484	505	484	534	524	514	519	558	514	557	519	499	537	532	472	494	530	525	530	504	514	488	478	538	498	531	515	521	510	518	515.24	103
145	499	514	518	533	536	485	500	498	523	511	515	525	510	502	496	515	534	497	547	495	484	501	477	534	521	514	511	553	514	553	514	493	537	530	470	494	526	523	530	497	514	483	478	535	498	531	515	516	510	518	512.54	102
146	490	510	518	533	536	485	499	498	519	506	515	525	509	501	493	515	529	494	541	492	483	493	469	534	517	514	511	546	514	548	511	491	535	524	467	494	526	520	525	488	511	479	477	528	498	530	513	513	510	518	509.9	101
147	489	509	514	533	535	482	491	498	519	502	514	523	504	498	488	515	525	492	541	492	479	488	468	533	517	514	506	545	514	545	510	488	526	517	467	493	526	520	523	488	505	479	477	524	496	524	513	513	510	512	507.68	100
148	486	503	514	533	532	482	491	496	519	502	514	519	504	498	488	511	524	492	540	484	479	479	468	533	517	512	502	545	508	545	507	479	525	516	459	490	519	520	523	483	505	475	472	520	496	518	509	513	504	512	505.3	99
149	485	496	511	532	527	478	491	493	519	490	511	519	504	497	488	511	524	490	537	479	479	478	466	521	517	509	497	545	501	539	505	478	524	508	457	488	517	520	522	475	504	462	472	513	490	515	508	507	502	506	502.14	98
150	477	496	505	527	525	478	483	487	512	487	511	519	497	497	484	505	523	490	536	470	471	478	459	520	517	507	497	542	501	532	499	474	524	500	457	486	513	512	519	473	496	462	472	508	485	510	506	506	500	497	498.64	97
151	477	496	496	525	520	477	481	482	506	481	509	517	497	497	481	498	522	486	536	470	470	473	459	514	517	506	496	536	495	522	494	470	524	495	457	486	510	512	519	473	488	462	472	502	485	509	495	504	498	495	495.84	96
152	473	496	490	525	516	473	476	473	506	475	509	516	494	493	476	497	517	485	536	469	470	471	453	514	517	505	488	536	491	521	494	462	521	491	455	482	507	511	518	465	484	462	459	498	484	509	491	504	495	491	492.88	95
153	468	493	487	523	513	467	476	468	505	475	508	513	487	484	476	495	517	484	533	468	470	466	447	510	517	499	482	525	489	513	488	462	521	486	455	481	502	511	518	455	484	458	459	498	483	504	490	503	495	486	489.94	94
154	468	490	487	523	509	467	475	468	505	475	508	512	485	484	469	491	514	479	532	462	463	466	443	508	510	494	482	525	485	508	484	456	517	481	448	477	501	510	514	455	480	458	453	498	483	498	490	503	490	486	487.38	93
155	466	490	487	523	506	464	473	464	504	474	506	512	475	484	466	483	509	470	529	453	463	466	439	506	506	492	476	524	478	504	484	456	509	473	442	472	501	503	514	452	472	457	453	495	483	498	490	499	484	481	484.2	92
156	465	489	485	522	498	464	472	464	501	474	501	506	475	484	458	483	505	462	529	453	459	460	437	505	502	488	473	522	473	499	483	448	509	473	434	471	495	499	512	443	466	445	449	487	483	490	489	498	484	481	480.94	91
157	464	485	485	522	496	458	462	461	498	474	493	500	475	477	458	483	499	462	529	453	449	460	437	505	500	485	473	522	470	498	483	447	509	473	434	465	491	498	507	440	466	445	449	485	479	490	489	489	478	480	478.6	90
158	457	485	485	516	496	458	457	461	498	474	492	492	473	477	456	481	498	462	525	453	447	452	431	505	495	484	462	522	469	492	474	445	503	470	430	461	487	498	507	435	463	445	441	482	466	490	489	489	476	480	475.72	89
159	456	479	485	512	488	457	456	461	495	470	491	486	473	473	449	481	495	462	518	453	444	449	423	505	490	481	454	519	469	492	471	442	503	470	429	459	477	489	501	429	460	439	441	472	466	481	489	489	466	480	472.38	88
160	454	474	478	512	487	452	456	460	489	467	491	478	473	470	449	481	495	458	513	450	444	446	408	501	490	475	448	517	460	481	468	438	497	470	420	456	477	482	501	427	454	435	437	467	463	476	484	484	461	478	468.64	87
161	452	469	471	506	486	447	456	460	487	467	488	478	469	465	440	477	489	458	506	444	436	440	398	500	479	474	447	513	457	481	468	430	494	468	420	455	477	480	497	427	454	434	434	464	457	471	483	482	457	470	465.24	86
162	452	464	462	500	476	442	452	451	482	464	484	469	468	465	436	477	487	458	506	443	436	428	398	500	476	468	444	511	457	481	463	429	489	463	420	449	473	472	496	422	454	433	428	457	451	463	482	482	454	470	461.74	85
163	450	460	462	498	471	442	448	450	477	456	484	457	464	459	432	476	484	449	505	443	433	423	396	497	476	468	444	511	457	478	460	426	483	463	419	449	469	471	490	422	453	432	427	447	445	456	482	481	445	465	458.7	84
164	450	456	462	493	471	436	445	450	468	450	477	456	464	459	421	475	483	444	504	443	423	421	394	492	470	468	442	502	457	478	454	425	483	455	416	449	464	471	481	421	453	430	427	447	439	447	482	481	445	461	455.7	83
165	449	456	462	488	470	436	436	450	468	449	474	450	461	458	417	474	476	440	493	438	422	420	390	485	470	460	431	496	454	473	448	420	476	455	412	449	464	469	481	421	453	430	422	446	439	441	481	476	437	461	452.54	82
166	448	455	461	483	466	434	436	441	459	440	464	448	461	457	417	474	474	433	488	431	414	417	390	473	470	456	431	496	454	468	448	420	470	454	404	446	459	453	479	414	444	428	422	439	434	441	474	471	436	459	448.68	81
167	448	455	459	477	464	425	433	440	453	439	456	448	461	454	414	474	473	430	488	431	408	417	389	466	468	455	430	496	449	468	448	410	468	450	401	446	457	448	479	409	435	424	420	438	434	440	474	471	431	459	446.2	80
168	443	455	456	470	452	424	428	440	442	439	456	444	456	450	413	471	470	430	482	417	407	415	389	462	468	450	430	496	449	466	444	409	467	443	401	446	456	441	479	407	429	419	420	436	432	437	474	463	428	459	443.2	79
169	443	454	454	465	447	424	420	438	442	437	456	435	456	446	413	465	469	428	479	409	406	413	389	454	462	441	430	491	448	464	441	406	467	435	401	441	455	439	479	405	423	419	415	436	430	437	471	460	428	459	440.5	78
170	438	454	454	459	447	422	419	432	442	437	452	434	454	439	413	464	465	428	473	406	405	412	389	451	453	432	430	486	443	463	432	404	464	435	396	441	455	434	473	403	423	414	415	429	427	437	462	455	423	458	437.52	77
171	438	452	451	454	447	418	416	427	441	434	452	434	452	439	413	463	461	428	465	405	390	404	389	447	453	429	423	479	440	463	428	404	462	425	396	433	446	425	457	398	418	414	414	423	418	437	462	447	414	458	433.72	76
172	435	452	440	452	441	416	409	425	441	434	447	431	445	439	413	461	458	427	461	393	389	399	389	447	450	422	423	479	429	456	427	402	462	424	396	422	437	425	452	398	418	414	407	423	418	430	462	446	414	456	430.72	75
173	426	450	438	450	439	406	406	424	441	428	447	429	436	439	413	461	450	426	453	390	389	386	385	442	450	419	423	477	429	451	427	400	458	424	386	416	433	424	452	397	417	408	407	420	409	429	462	445	407	451	427.5	74
174	423	445	437	441	439	406	404	422	438	425	441	429	436	435	406	460	449	426	452	390	379	379	383	440	448	417	423	477	429	451	422	394	453	424	377	416	433	420	447	397	411	404	403	420	408	420	453	445	397	441	424.3	73
175	414	437	437	439	439	400	404	418	437	423	439	428	436	435	406	459	447	418	452	390	374	379	383	439	444	409	423	477	429	444	416	388	453	421	376	414	427	420	447	385	402	397	403	413	407	418	453	441	394	440	421.48	72
176	404	433	436	439	432	400	403	412	433	419	436	422	436	434	406	446	442	418	445	390	373	377	382	439	435	401	419	477	425	442	416	383	443	421	367	414	424	420	443	384	401	394	390	411	407	416	443	435	394	436	417.96	71
177	403	425	435	427	427	392	395	412	430	416	425	421	431	433	406	438	435	418	436	388	373	375	378	439	427	401	413	473	416	431	415	381	433	415	359	409	422	414	442	383	391	382	390	406	396	412	433	434	394	434	413.28	70
178	398	425	432	424	426	390	394	410	426	413	424	419	425	430	400	435	435	408	435	377	373	371	373	430	422	401	407	468	409	428	412	380	433	410	359	401	422	413	436	380	391	379	383	406	395	406	432	423	386	428	409.66	69
179	397	416	432	418	424	384	392	402	419	413	424	418	425	430	399	435	435	408	435	373	369	357	372	424	421	401	396	465	403	425	405	370	432	410	357	401	418	402	436	378	391	372	378	406	394	402	430	419	378	421	406.24	68
180	388	416	432	418	421	382	388	393	414	411	423	414	419	425	392	435	425	401	425	370	368	346	371	423	413	401	394	459	402	423	400	362	432	401	357	399	415	395	436	376	383	372	378	406	392	400	430	413	377	421	402.74	67
181	388	413	426	416	421	381	388	390	414	406	423	414	412	423	387	426	417	396	419	368	359	337	369	418	413	401	393	448	402	418	399	357	432	392	352	399	409	395	431	376	381	372	365	405	391	393	430	411	370	421	399.34	66
182	377	413	425	412	416	370	383	389	413	406	415	405	412	423	386	418	417	395	418	355	354	337	369	415	410	401	393	448	393	407	394	352	427	392	352	392	409	389	428	368	379	371	353	394	389	392	430	402	359	419	395.32	65
183	376	413	421	403	416	370	380	379	404	405	410	405	403	422	386	407	411	395	412	349	351	330	361	414	400	394	384	444	392	407	394	341	427	392	347	392	409	382	424	361	379	371	353	390	389	389	427	402	354	409	391.52	64
184	376	406	420	393	416	365	372	370	403	405	410	400	403	416	383	400	399	395	410	342	342	327	355	410	400	389	378	443	392	397	394	340	420	389	344	385	409	377	422	360	379	362	350	390	384	389	427	399	354	409	388.0	63
185	369	392	418	393	416	356	372	366	396	397	410	390	403	416	375	390	392	395	408	341	342	316	354	410	397	384	378	438	387	395	384	333	419	388	343	379	409	371	421	350	372	356	349	390	382	389	419	392	354	408	384.08	62
186	369	392	408	392	409	356	362	362	392	395	403	389	403	412	370	382	389	395	404	340	341	307	354	402	397	381	378	438	387	388	376	331	411	376	343	371	406	362	420	348	372	356	349	382	374	389	417	389	351	406	380.52	61
187	369	391	397	387	409	352	362	359	386	394	396	389	398	412	370	373	389	395	404	340	330	307	352	400	391	381	377	428	387	388	376	318	406	372	341	371	400	362	419	348	366	355	348	373	366	381	408	381	350	394	376.96	60
188	369	391	397	379	408	341	362	347	386	392	396	389	382	401	370	371	386	384	404	340	330	306	346	398	391	370	375	427	387	381	375	318	406	369	340	368	400	360	419	339	366	346	341	365	365	376	397	373	347	394	373.4	59
189	369	390	388	375	398	338	361	342	386	392	395	376	381	401	370	370	382	379	392	340	325	295	346	398	390	365	375	422	379	381	366	317	406	365	334	368	395	353	414	339	362	337	341	364	357	376	388	373	336	385	369.54	58
190	369	390	383	368	397	338	352	332	386	388	385	364	380	395	370	370	372	368	385	336	325	281	344	398	383	358	370	418	378	378	360	310	403	358	329	367	387	353	408	339	361	330	340	364	349	368	388	373	328	385	365.22	57
191	364	387	380	366	397	335	343	328	386	388	385	354	374	385	367	366	370	368	384	335	323	281	344	398	375	347	361	418	378	372	353	301	395	353	321	361	378	350	395	329	359	325	330	362	346	360	387	367	325	380	360.72	56
192	364	378	369	366	390	328	336	327	377	385	384	342	374	373	358	366	369	362	382	332	317	278	344	392	365	339	360	413	367	370	353	300	395	345	321	361	376	350	395	322	342	313	324	360	332	358	386	367	317	371	355.9	55
193	362	368	368	357	380	326	332	327	372	382	384	336	373	365	358	352	353	359	382	329	317	278	341	381	353	334	347	405	355	369	350	300	389	339	307	352	370	350	386	322	341	305	324	350	328	358	383	366	314	370	350.98	54
194	362	354	359	357	371	326	326	326	369	376	374	333	368	365	356	341	350	359	373	325	308	268	335	379	350	334	346	404	354	369	337	297	387	329	305	352	363	340	380	311	340	296	311	344	324	345	375	356	313	364	345.72	53
195	352	352	359	352	365	315	326	326	360	367	372	326	358	356	355	328	343	352	373	325	301	266	325	377	338	323	346	404	348	358	326	297	386	327	305	351	362	340	376	311	340	283	311	334	310	342	368	356	313	362	340.96	52
196	340	350	351	343	356	309	325	326	351	355	366	314	358	350	347	328	336	345	368	320	300	254	314	374	338	316	346	398	336	342	321	288	385	322	304	351	354	326	376	306	333	283	310	326	310	341	360	356	313	357	335.56	51
197	340	345	342	338	350	304	325	325	346	341	357	309	349	350	346	324	331	345	356	312	294	245	314	374	337	315	330	393	336	332	318	288	375	321	292	351	344	321	362	305	328	272	310	325	310	338	358	356	303	345	330.54	50
198	330	338	337	338	350	295	325	324	346	332	353	304	349	350	331	320	331	345	355	305	294	236	310	366	327	315	330	393	336	329	314	277	366	319	292	350	344	321	354	303	327	261	307	321	307	331	357	352	299	342	326.76	49
199	319	337	334	337	346	294	313	319	346	330	344	298	342	341	318	311	321	336	348	300	294	232	309	366	317	312	328	387	326	323	313	275	366	319	291	347	336	321	346	303	316	261	307	321	300	324	348	342	299	339	322.04	48
200	316	324	332	336	345	289	313	311	346	323	342	292	340	333	316	311	320	326	344	294	294	218	302	356	303	301	323	381	319	315	311	259	356	307	284	339	326	321	338	302	306	252	296	307	297	314	341	340	295	333	315.78	47
201	316	313	326	334	345	277	303	311	337	314	328	277	331	328	315	302	317	326	335	294	293	202	299	356	296	287	323	370	316	313	299	259	353	300	280	334	319	312	330	298	295	241	286	305	290	314	341	337	295	327	309.98	46
202	309	305	325	334	341	274	290	303	337	312	319	266	329	328	301	298	313	315	334	294	282	188	299	354	296	286	310	364	316	304	299	257	341	299	278	323	311	302	322	289	292	235	282	305	281	314	341	334	295	319	304.9	45
203	302	305	316	324	334	274	286	298	331	301	314	266	317	325	301	297	307	304	324	291	279	182	286	351	296	284	297	360	310	301	293	246	340	295	276	315	307	295	317	286	280	229	272	304	275	312	341	329	288	318	299.62	44
204	302	291	306	315	334	268	276	292	331	300	314	264	313	309	292	297	294	304	324	290	278	182	271	342	295	282	287	360	310	289	285	241	330	285	276	309	307	285	315	283	278	229	268	292	269	297	337	321	288	318	294.5	43
205	302	279	297	307	333	257	276	290	319	296	313	264	306	298	291	296	294	292	324	286	276	181	271	341	288	269	282	348	302	288	281	241	330	284	276	309	289	284	308	279	278	227	260	282	268	295	337	308	275	309	289.72	42
206	288	269	287	307	322	257	276	282	311	292	301	264	305	282	291	287	294	292	313	275	275	179	266	336	287	269	281	339	300	288	276	233	324	281	266	296	289	270	296	271	269	215	254	277	254	295	336	308	264	299	283.76	41
207	285	261	274	307	309	257	276	282	296	283	299	264	305	281	284	287	289	278	313	262	274	171	255	336	286	260	271	338	299	288	276	233	324	281	265	294	289	269	288	268	265	215	249	271	252	283	324	299	264	296	279.5	40
208	284	256	274	307	309	246	268	280	284	282	295	254	289	265	282	286	289	277	305	249	267	171	254	320	286	256	261	323	299	276	275	221	312	281	262	287	277	263	278	266	255	215	237	264	239	275	324	291	248	280	272.88	39
209	274	253	259	299	303	246	257	280	282	280	286	246	277	265	280	271	279	276	305	236	267	171	246	311	275	256	250	323	287	275	275	221	311	273	254	275	265	250	276	254	250	215	237	261	239	265	324	283	233	271	266.94	38
210	263	236	255	290	301	245	256	271	279	280	274	244	269	265	278	267	277	272	296	228	264	170	246	304	270	245	250	310	272	268	262	213	302	264	254	271	263	248	260	253	244	215	229	251	227	257	316	283	233	261	261.02	37
211	252	231	245	290	301	231	252	271	277	280	272	242	269	265	273	260	277	271	295	218	256	169	238	304	267	245	240	309	270	255	253	211	295	263	251	267	262	242	250	246	234	215	224	250	227	254	310	283	231	259	257.04	36
212	252	223	240	290	297	230	247	271	270	278	272	234	267	249	272	260	275	270	289	209	256	167	235	304	259	245	234	309	258	255	253	193	295	259	251	263	262	242	233	246	227	215	223	245	227	240	310	283	230	256	253.4	35
213	251	223	235	288	286	223	244	264	268	277	271	228	266	234	260	247	275	270	289	208	254	166	231	304	257	233	234	302	243	255	239	191	287	250	242	260	253	242	231	237	226	215	223	244	218	228	298	282	223	256	248.62	34
214	248	210	231	283	286	215	230	264	264	277	263	223	266	222	258	236	266	269	275	202	238	166	216	294	256	233	234	293	241	253	222	191	284	243	231	248	245	242	231	224	226	200	223	233	213	215	287	275	222	247	242.28	33
215	244	197	231	283	273	215	229	255	262	271	252	222	249	211	252	233	255	267	262	190	222	151	216	291	244	232	234	289	241	241	207	190	269	235	230	238	242	233	223	217	223	185	218	231	195	214	287	275	222	247	235.9	32
216	235	197	221	275	262	215	212	244	261	262	247	220	244	197	238	220	249	267	248	187	220	150	215	288	228	219	234	289	240	240	196	187	255	229	225	234	241	233	221	216	223	178	206	217	184	202	284	273	213	236	229.54	31
217	233	197	205	274	248	214	197	240	261	251	247	214	242	195	236	212	239	264	234	186	210	144	214	279	227	205	221	280	238	229	180	175	254	229	222	230	241	233	210	216	222	178	206	217	172	193	284	263	213	231	224.1	30
218	224	180	193	264	233	200	195	234	243	241	237	209	238	195	226	207	226	253	230	172	208	144	204	274	226	194	221	266	223	215	168	164	252	220	221	227	241	222	199	203	222	178	194	217	172	182	273	258	209	230	216.54	29
219	209	179	193	263	221	199	195	232	235	224	237	200	228	195	214	204	222	247	218	171	199	144	204	265	214	189	213	251	220	215	151	156	239	206	210	218	239	213	189	199	215	178	184	217	157	166	264	252	209	221	209.66	28
220	199	169	193	253	214	193	189	216	226	224	231	196	216	184	205	189	212	239	215	166	193	144	197	255	204	188	211	240	205	213	149	152	226	206	207	210	238	213	177	199	208	177	184	204	139	162	252	241	208	221	203.04	27
221	199	169	191	240	213	193	189	215	210	208	215	185	203	172	191	189	204	237	212	149	188	144	191	252	203	187	206	227	195	210	138	151	215	203	195	209	237	200	177	197	204	176	172	198	139	161	252	230	190	221	197.04	26
222	199	153	189	236	202	193	181	213	194	208	211	174	188	157	190	173	189	224	202	148	188	144	191	250	203	172	192	227	179	204	122	150	210	188	192	193	226	184	177	179	192	174	158	198	139	160	245	219	181	211	189.44	25
223	198	153	189	231	192	192	173	213	180	194	211	157	175	157	190	173	177	217	202	132	173	144	183	250	192	172	177	215	178	193	122	145	199	188	192	193	210	175	176	166	192	174	150	185	139	160	244	218	167	211	183.78	24
224	182	143	176	230	191	178	171	211	179	194	202	147	175	148	190	161	170	216	193	132	167	143	183	241	191	169	177	197	165	191	122	145	199	188	181	193	201	160	176	151	179	171	136	182	130	159	244	207	164	199	178.0	23
225	180	139	172	215	191	170	166	193	174	192	189	147	174	132	179	161	154	210	183	127	157	130	181	226	190	165	177	184	162	176	118	145	180	188	181	183	188	158	165	139	175	164	134	167	130	151	234	203	155	199	171.06	22
226	180	130	158	209	190	158	156	179	168	191	175	134	156	128	178	161	140	195	180	126	151	130	181	224	177	150	176	182	161	163	113	137	178	187	180	183	186	154	165	130	175	162	134	167	130	142	231	191	154	194	165.6	21
227	179	126	150	194	182	147	149	178	164	173	169	119	153	122	175	159	128	195	170	126	151	129	165	210	177	147	165	182	160	163	99	135	171	174	180	183	185	141	149	129	175	162	134	167	129	142	220	184	149	179	159.88	20
228	173	111	150	192	175	142	149	165	152	173	169	117	152	122	171	148	111	195	155	123	148	119	148	210	168	136	154	181	150	156	98	135	154	172	176	167	175	140	140	129	161	161	125	155	124	133	207	173	149	171	153.2	19
229	161	101	149	181	175	131	149	157	149	161	168	116	145	122	155	146	110	195	152	123	134	112	134	200	160	119	147	178	143	154	98	135	154	170	166	162	163	139	140	129	150	161	119	153	122	133	202	160	141	162	147.72	18
230	160	101	140	181	161	130	149	152	136	155	163	111	133	122	139	139	95	190	140	111	121	112	118	186	155	102	134	165	131	144	98	135	153	159	162	151	152	123	138	129	141	156	119	137	122	116	189	160	140	153	140.18	17
231	155	101	137	180	149	127	148	143	136	142	150	106	120	122	137	139	77	184	127	109	105	106	107	174	139	88	133	149	131	143	98	134	139	149	162	148	133	105	138	128	124	156	104	137	118	115	189	160	134	136	133.42	16
232	142	101	137	180	147	115	148	130	124	141	136	98	119	119	126	136	76	170	124	109	101	89	94	169	138	87	123	142	114	129	94	123	128	132	149	148	133	100	122	128	122	141	100	137	114	110	175	160	128	127	126.7	15
233	132	101	131	173	146	113	148	129	124	140	136	82	116	119	120	132	65	156	111	109	101	89	94	154	124	87	108	135	114	128	77	123	116	131	149	141	118	82	104	113	105	124	83	127	112	109	161	159	128	108	119.74	14
234	127	84	118	159	143	105	148	120	114	140	130	82	116	114	105	118	65	142	94	105	101	85	90	136	113	86	106	127	113	111	76	105	106	114	148	127	103	72	104	99	102	108	83	109	106	109	151	145	111	108	111.66	13
235	110	84	99	155	127	89	139	109	104	124	115	82	115	107	104	107	60	127	82	96	91	84	90	135	113	86	90	111	95	108	61	100	105	108	147	112	90	66	99	99	102	92	83	104	105	97	138	129	108	106	103.78	12
236	110	82	91	139	127	74	126	109	91	124	110	65	99	102	102	104	59	124	82	84	79	84	73	117	96	69	90	111	95	106	60	100	90	90	147	96	89	65	99	99	97	91	80	104	90	81	129	115	95	88	96.58	11
237	98	64	84	139	109	73	122	109	91	115	94	63	86	99	96	98	59	111	64	84	60	84	62	100	95	55	90	106	94	95	46	85	73	90	132	96	73	48	99	99	95	91	75	84	90	75	120	115	85	86	89.12	10
238	81	48	77	124	98	73	112	99	91	115	92	63	81	90	92	85	41	104	64	84	60	84	45	98	93	53	87	106	76	94	44	69	72	88	116	79	56	47	83	86	94	84	74	84	89	70	105	97	69	84	82.0	9
239	79	46	58	114	83	73	94	81	73	102	91	63	63	88	91	81	41	89	45	84	60	68	43	78	90	53	82	89	76	86	44	51	72	73	114	78	51	47	64	81	78	67	61	83	89	51	91	85	64	65	73.46	8
240	61	35	43	113	82	72	89	81	73	83	74	50	63	76	89	81	41	75	44	67	60	63	41	69	80	49	79	71	68	82	44	51	55	65	101	78	51	47	59	81	76	63	61	63	78	51	91	68	50	52	66.78	7
241	60	33	24	95	70	59	76	62	63	82	74	44	46	74	89	65	40	64	42	67	58	63	25	69	61	48	70	57	53	63	44	41	45	50	87	65	32	47	59	81	57	56	44	44	78	50	83	61	32	42	57.88	6
242	59	33	24	94	56	59	66	62	47	70	63	39	45	69	71	46	38	45	36	50	45	49	23	49	54	32	56	39	34	63	25	41	45	45	86	65	13	45	57	61	44	36	44	33	62	50	76	44	30	30	48.96	5
243	40	33	24	78	36	46	47	62	43	59	61	39	37	52	52	37	33	26	34	49	27	31	23	35	53	13	37	39	34	44	21	25	45	28	67	46	13	27	43	51	43	35	44	33	46	40	58	41	30	28	39.76	4
244	38	20	24	58	26	39	28	42	43	58	42	19	35	52	40	37	33	7	21	40	14	26	23	18	47	11	22	24	34	35	20	19	29	28	59	37	12	19	24	31	24	29	30	31	26	38	50	21	29	26	30.76	3
245	20	2	11	40	19	20	22	22	38	39	22	0	21	40	40	37	22	7	20	24	14	20	12	6	28	11	22	6	15	24	20	0	28	8	39	17	12	19	20	13	7	20	18	11	19	20	31	20	29	20	19.9	2
246	0	2	2	20	19	0	3	13	20	20	3	0	1	20	20	20	4	7	20	9	0	1	6	6	13	2	19	6	4	6	20	0	9	6	19	0	12	13	4	8	6	0	1	3	9	20	14	20	20	20	9.4	1
247	0	0	0	0	0	0	0	0	0	0	0	0	0	0	0	0	0	0	0	0	0	0	0	0	0	0	0	0	0	0	0	0	0	0	0	0	0	0	0	0	0	0	0	0	0	0	0	0	0	0	0.0	0

