49.55144065142495
57.33056127242628
60.32305042279988
63.227338821529244
64.51614021743993
65.72082345308938
66.41979106080267
66.88534070063983
67.68433179723495
67.70166882913512
68.20976130821887
68.2588195159053
68.42599883674109
68.53206232383336
68.71386626996548
68.68769853697827
69.37172833430272
69.60203682161877
69.1933973871415
69.26820388349518
69.74563777907028
69.35615856113819
69.21606975079419
68.77293521542657
69.43928683280389
69.90671558319535
69.69284931322983
69.25726477562527
69.9054572502349
69.696909534249
69.6577613977003
69.96568386201957
69.60566641313588
69.66642991365035
69.54623954185497
68.98755089257752
69.49745537112429
69.81252516665913
69.83996801037986
69.43021005771554
69.36996666815803
68.90887432329652
69.49151044695986
69.34247349111897
68.91409221063934
69.32293297839023
68.81173661133731
69.66744776520065
69.36965348306568
69.16913672766321
69.6784931322983

