49.77341269841272
56.36785714285715
60.08650793650796
62.468253968253975
64.80833333333332
63.821825396825396
64.4920634920635
64.94404761904762
65.2781746031746
65.66309523809522
66.05
64.02539682539684
65.15674603174601
65.0297619047619
65.62301587301587
65.55277777777778
64.95436507936508
66.10873015873017
66.75238095238095
63.9797619047619
66.35119047619047
63.956349206349216
66.93809523809526
65.16071428571428
65.06785714285712
64.03809523809522
66.16309523809524
66.88928571428572
64.24722222222226
65.02261904761903
67.0281746031746
65.65436507936508
66.44365079365079
66.47539682539681
65.21547619047621
64.8686507936508
65.54722222222222
64.59722222222221
64.77936507936506
64.025
65.1107142857143
65.70198412698414
65.65873015873017
66.68333333333332
67.28849206349206
66.7547619047619
66.26865079365079
66.17420634920636
66.63452380952381
65.56507936507936
66.68849206349206

