50.198333333333345
54.13083333333334
57.822666666666656
58.61516666666665
59.43400000000001
59.31333333333334
58.6465
60.571500000000015
60.64083333333333
60.69049999999998
59.889999999999965
60.85900000000001
60.911500000000004
60.18616666666665
60.972000000000016
61.5605
61.2945
60.77983333333332
61.15833333333334
60.63766666666667
61.102666666666664
60.90416666666666
61.0015
61.54416666666667
60.64366666666666
61.10399999999998
62.18799999999999
62.204666666666675
62.25416666666666
62.12016666666669
62.92983333333334
62.458166666666656
62.45566666666667
61.95466666666666
61.64466666666666
61.242499999999986
61.37950000000001
62.03116666666668
62.39716666666668
62.43683333333333
63.28566666666667
62.151333333333326
62.35199999999998
62.323166666666665
62.17983333333332
61.23849999999999
62.15533333333332
62.59183333333333
61.94
62.11600000000001
62.37016666666667
62.67816666666667
62.602999999999994
61.52083333333332
62.13816666666666
61.075333333333326
62.32766666666668
62.43783333333332
63.013833333333345
63.65150000000001
63.02533333333332
61.91533333333332
61.685666666666684
61.925499999999985
63.29100000000001
62.44550000000001
62.21883333333332
61.819500000000005
63.233666666666664
62.937333333333335
62.211000000000006
62.87083333333331
62.33266666666667
61.92233333333335
61.930166666666665
61.32566666666668
61.585
62.067000000000014
62.20299999999999
61.90583333333336
61.42733333333334
60.75699999999999
60.41566666666669
61.49983333333332
62.225333333333325
62.44366666666667
62.1465
63.11133333333333
63.26133333333333
62.702166666666706
63.957833333333326
63.530666666666654
61.11099999999999
62.50066666666664
63.19583333333334
63.267499999999984
63.214166666666685
63.421833333333346
61.438
62.617999999999995
62.43783333333332

