#srv_dead	#srv	%fail	#fail	#requests
1	991	0.024258198854763144	932	3842000
2	991	0.05075481520041645	1950	3842000
3	991	0.07488287350338366	2877	3842000
4	991	0.10312337324310256	3962	3842000
5	991	0.12670484122852682	4868	3842000
6	991	0.15327954190525767	5889	3842000
7	991	0.17847475273295157	6857	3842000
8	991	0.20101509630400832	7723	3842000
9	991	0.2275897969807392	8744	3842000
10	991	0.25205622071837586	9684	3842000
11	991	0.28102550754815203	10797	3842000
12	991	0.3039302446642374	11677	3842000
13	991	0.3338105153565851	12825	3842000
14	991	0.3679593961478397	14137	3842000
15	991	0.3846954711087975	14780	3842000
16	991	0.417178552837064	16028	3842000
17	991	0.4378709005726184	16823	3842000
18	991	0.46710046850598647	17946	3842000
19	991	0.4842790213430505	18606	3842000
20	991	0.5269390942217596	20245	3842000
21	991	0.5450806871421134	20942	3842000
22	991	0.5714471629359709	21955	3842000
23	991	0.5927121290994274	22772	3842000
24	991	0.628813118167621	24159	3842000
25	991	0.6458615304528891	24814	3842000
26	991	0.6795158771473191	26107	3842000
27	991	0.7009370119729308	26930	3842000
28	991	0.7249869859448204	27854	3842000
29	991	0.7592139510671525	29169	3842000
30	991	0.7816241540864133	30030	3842000
31	991	0.8099427381572097	31118	3842000
32	991	0.829229567933368	31859	3842000
33	991	0.8632483081728266	33166	3842000
34	991	0.8828474752732952	33919	3842000
35	991	0.9238417490890162	35494	3842000
36	991	0.9505986465382613	36522	3842000
37	991	0.9735033836543467	37402	3842000
38	991	1.0130140551795939	38920	3842000
39	991	1.030036439354503	39574	3842000
40	991	1.054008328995315	40495	3842000
41	991	1.0814679854242581	41550	3842000
42	991	1.1046590317542946	42441	3842000
43	991	1.1418011452368557	43868	3842000
44	991	1.160671525247267	44593	3842000
45	991	1.203748047891723	46248	3842000
46	991	1.2302967204580948	47268	3842000
47	991	1.2519781363872984	48101	3842000
48	991	1.2700416449765748	48795	3842000
49	991	1.3151743883394065	50529	3842000
50	991	1.338235294117647	51415	3842000
51	991	1.379073399271213	52984	3842000
52	991	1.3921915668922435	53488	3842000
53	991	1.422982821447163	54671	3842000
54	991	1.4441436751691827	55484	3842000
55	991	1.4801405517959396	56867	3842000
56	991	1.5126496616345653	58116	3842000
57	991	1.5448464341488808	59353	3842000
58	991	1.56441957313899	60105	3842000
59	991	1.5821707444039563	60787	3842000
60	991	1.6089276418532015	61815	3842000
61	991	1.6393024466423738	62982	3842000
62	991	1.6699115044247788	64158	3842000
63	991	1.7127798021863612	65805	3842000
64	991	1.7299583550234252	66465	3842000
65	991	1.7775377407600208	68293	3842000
66	991	1.8060645497136907	69389	3842000
67	991	1.8111140031233732	69583	3842000
68	991	1.8473451327433628	70975	3842000
69	991	1.8773295158771472	72127	3842000
70	991	1.906793336803748	73259	3842000
71	991	1.9287610619469027	74103	3842000
72	991	1.9668922436231129	75568	3842000
73	991	1.9929984383133785	76571	3842000
74	991	2.004424778761062	77010	3842000
75	991	2.057886517438834	79064	3842000
76	991	2.086699635606455	80171	3842000
77	991	2.119521082769391	81432	3842000
78	991	2.155413846954711	82811	3842000
79	991	2.1697293076522643	83361	3842000
80	991	2.2182977615825092	85227	3842000
81	991	2.2304268610098905	85693	3842000
82	991	2.275455491931286	87423	3842000
83	991	2.2934148880791256	88113	3842000
84	991	2.3534357105674126	90419	3842000
85	991	2.3520041644976573	90364	3842000
86	991	2.3870380010411245	91710	3842000
87	991	2.4310515356585114	93401	3842000
88	991	2.4421655387818846	93828	3842000
89	991	2.510411244143675	96450	3842000
90	991	2.523503383654347	96953	3842000
91	991	2.539614783966684	97572	3842000
92	991	2.563040083289953	98472	3842000
93	991	2.5921915668922435	99592	3842000
94	991	2.639849036959917	101423	3842000
95	991	2.6880010411244144	103273	3842000
96	991	2.7119989588755855	104195	3842000
97	991	2.722540343571057	104600	3842000
98	991	2.766762103071317	106299	3842000
99	991	2.7737896928682977	106569	3842000
100	991	2.811322228006247	108011	3842000
101	991	2.8604633003643936	109899	3842000
102	991	2.90416449765747	111578	3842000
103	991	2.9141332639250392	111961	3842000
104	991	2.961166059344092	113768	3842000
105	991	2.983420093701197	114623	3842000
106	991	3.003826132222801	115407	3842000
107	991	3.0581728266527852	117495	3842000
108	991	3.0775897969807393	118241	3842000
109	991	3.102212389380531	119187	3842000
110	991	3.153461738677772	121156	3842000
111	991	3.150858927641853	121056	3842000
112	991	3.198178032274857	122874	3842000
113	991	3.222592399791775	123812	3842000
114	991	3.267204580947423	125526	3842000
115	991	3.2976834981780323	126697	3842000
116	991	3.345965642894326	128552	3842000
117	991	3.37243623112962	129569	3842000
118	991	3.388105153565851	130171	3842000
119	991	3.402941176470588	130741	3842000
120	991	3.4647319104633003	133115	3842000
121	991	3.5079385736595525	134775	3842000
122	991	3.530036439354503	135624	3842000
123	991	3.562051015096304	136854	3842000
124	991	3.5903175429463823	137940	3842000
125	991	3.63750650702759	139753	3842000
126	991	3.668011452368558	140925	3842000
127	991	3.685085892764185	141581	3842000
128	991	3.7439614783966686	143843	3842000
129	991	3.7367516918271733	143566	3842000
130	991	3.778084331077564	145154	3842000
131	991	3.8362311296199896	147388	3842000
132	991	3.8621290994273814	148383	3842000
133	991	3.8704580947423217	148703	3842000
134	991	3.9347995835502343	151175	3842000
135	991	3.9643414888079125	152310	3842000
136	991	4.006116605934409	153915	3842000
137	991	4.017516918271734	154353	3842000
138	991	4.080244664237377	156763	3842000
139	991	4.090760020822488	157167	3842000
140	991	4.131285788651744	158724	3842000
141	991	4.152993232691307	159558	3842000
142	991	4.183784487246226	160741	3842000
143	991	4.242347735554398	162991	3842000
144	991	4.301223321186882	165253	3842000
145	991	4.28878188443519	164775	3842000
146	991	4.324258198854763	166138	3842000
147	991	4.40031233732431	169060	3842000
148	991	4.411868818323789	169504	3842000
149	991	4.419156689224362	169784	3842000
150	991	4.478552837064029	172066	3842000
151	991	4.514862051015096	173461	3842000
152	991	4.5334721499219155	174176	3842000
153	991	4.5852941176470585	176167	3842000
154	991	4.609994794377928	177116	3842000
155	991	4.64294638209266	178382	3842000
156	991	4.68912024986986	180156	3842000
157	991	4.728578865174389	181672	3842000
158	991	4.736100989068194	181961	3842000
159	991	4.803878188443519	184565	3842000
160	991	4.804763144195731	184599	3842000
161	991	4.886933888599688	187756	3842000
162	991	4.895887558563248	188100	3842000
163	991	4.946069755335762	190028	3842000
164	991	4.996538261322228	191967	3842000
165	991	4.995080687142114	191911	3842000
166	991	5.0563768870380015	194266	3842000
167	991	5.0588235294117645	194360	3842000
168	991	5.109630400832899	196312	3842000
169	991	5.112415408641333	196419	3842000
170	991	5.1935190005205625	199535	3842000
171	991	5.19776158250911	199698	3842000
172	991	5.2534877667881315	201839	3842000
173	991	5.305101509630401	203822	3842000
174	991	5.326366475793858	204639	3842000
175	991	5.395887558563248	207310	3842000
176	991	5.427277459656429	208516	3842000
177	991	5.4413846954711085	209058	3842000
178	991	5.505023425299323	211503	3842000
179	991	5.509318063508589	211668	3842000
180	991	5.530713170223842	212490	3842000
181	991	5.58076522644456	214413	3842000
182	991	5.655335762623634	217278	3842000
183	991	5.664966163456533	217648	3842000
184	991	5.689276418532015	218582	3842000
185	991	5.7475273295158775	220820	3842000
186	991	5.763404476834982	221430	3842000
187	991	5.828500780843311	223931	3842000
188	991	5.854086413326392	224914	3842000
189	991	5.853565851119209	224894	3842000
190	991	5.939770952628839	228206	3842000
191	991	5.9756376887038005	229584	3842000
192	991	6.027329515877147	231570	3842000
193	991	6.0438053097345135	232203	3842000
194	991	6.100234252993233	234371	3842000
195	991	6.1211348256116604	235174	3842000
196	991	6.125403435710568	235338	3842000
197	991	6.188755856324831	237772	3842000
198	991	6.251015096304008	240164	3842000
199	991	6.258797501301405	240463	3842000
200	991	6.307157730348776	242321	3842000
201	991	6.337168141592921	243474	3842000
202	991	6.4066111400312336	246142	3842000
203	991	6.474856845393025	248764	3842000
204	991	6.485710567412806	249181	3842000
205	991	6.479672045809474	248949	3842000
206	991	6.529750130140552	250873	3842000
207	991	6.614341488807913	254123	3842000
208	991	6.635163977095263	254923	3842000
209	991	6.674258198854763	256425	3842000
210	991	6.682378969286829	256737	3842000
211	991	6.74583550234253	259175	3842000
212	991	6.7857105674128055	260707	3842000
213	991	6.801015096304008	261295	3842000
214	991	6.828344612181156	262345	3842000
215	991	6.88492972410203	264519	3842000
216	991	6.936413326392504	266497	3842000
217	991	6.977641853201457	268081	3842000
218	991	7.0391202498698595	270443	3842000
219	991	7.091436751691827	272453	3842000
220	991	7.1209786569495055	273588	3842000
221	991	7.150468505986465	274721	3842000
222	991	7.216475793857366	277257	3842000
223	991	7.215148360229048	277206	3842000
224	991	7.257496095783446	278833	3842000
225	991	7.276106194690265	279548	3842000
226	991	7.365486725663716	282982	3842000
227	991	7.397813638729828	284224	3842000
228	991	7.4517699115044245	286297	3842000
229	991	7.510619469026548	288558	3842000
230	991	7.54422175950026	289849	3842000
231	991	7.5414627798021865	289743	3842000
232	991	7.624856845393024	292947	3842000
233	991	7.656064549713691	294146	3842000
234	991	7.686465382613222	295314	3842000
235	991	7.724934929724102	296792	3842000
236	991	7.735632483081728	297203	3842000
237	991	7.816267568974492	300301	3842000
238	991	7.8662935970848515	302223	3842000
239	991	7.848256116605935	301530	3842000
240	991	7.9251431546069755	304484	3842000
241	991	7.977589796980739	306499	3842000
242	991	8.014185320145758	307905	3842000
243	991	8.07243623112962	310143	3842000
244	991	8.096902654867257	311083	3842000
245	991	8.161400312337324	313561	3842000
246	991	8.180400832899531	314291	3842000
247	991	8.188599687662675	314606	3842000
330	991	12.105257678292556	465084	3842000
495	991	22.272566371681418	855712	3842000

