50.01349206349208
52.409523809523805
50.81071428571428
51.31587301587302
53.36468253968254
55.3968253968254
54.325000000000024
56.01428571428573
54.97817460317459
55.48333333333333
54.02063492063491
53.187301587301604
52.315476190476176
53.447222222222216
52.562698412698424
53.680952380952384
53.74285714285715
56.061904761904756
54.347619047619034
54.25793650793651
57.08333333333335
54.54722222222224
54.961507936507935
55.251587301587314
55.11031746031746
55.42142857142858
56.833333333333336
55.55396825396824
56.91587301587301
55.0031746031746
54.86349206349208
57.32976190476191
57.301984126984095
55.846428571428575
56.18015873015874
57.80714285714288
57.4313492063492
57.4579365079365
59.633730158730145
59.87936507936508
60.1361111111111
58.17341269841268
56.09126984126982
58.74404761904762
58.79166666666664
57.10793650793651
59.42777777777778
57.95674603174602
57.98888888888888
57.44285714285713
58.46706349206351

