50.14460784313726
58.29950980392156
58.75816993464051
58.863888888888894
60.07434640522875
60.35081699346407
62.30669934640524
63.28006535947711
62.91928104575163
63.107026143790854
61.624346405228756
62.64395424836601
62.93937908496733
62.926470588235304
62.88480392156861
63.17287581699347
62.542483660130735
62.93480392156863
63.12892156862744
62.12941176470588
63.655882352941184
63.27516339869281
63.59575163398692
61.71928104575165
63.44575163398692
62.89983660130719
63.550980392156866
63.309640522875824
63.348202614379076
63.65228758169934
63.137908496731995
62.57418300653597
62.99820261437908
61.35637254901961
62.63807189542483
62.81356209150327
63.35049019607843
64.24150326797388
64.2769607843137
62.568954248366026
62.41748366013072
63.40065359477125
63.40408496732026
63.347222222222236
63.19640522875817
63.39411764705882
64.23169934640524
62.775816993464026
63.04689542483661
63.574019607843134
62.43039215686276
63.97320261437909
63.96993464052289
62.90866013071894
63.61486928104576
64.38921568627451
63.420261437908486
63.80359477124183
63.65947712418303
63.330555555555556
64.12434640522874
64.04460784313726
62.80669934640522
63.487908496732025
63.990032679738576
63.45980392156862
63.3436274509804
63.322712418300654
63.750490196078424
62.65375816993466
63.79542483660131
62.3607843137255
63.39836601307189
62.7815359477124
63.63104575163398
64.51078431372548
63.68627450980392
63.04918300653595
62.24248366013071
64.13839869281044
63.79673202614378
63.90947712418301
62.887091503267975
62.28872549019607
63.14624183006538
63.7892156862745
63.5813725490196
62.320261437908485
63.19313725490194
64.38496732026144
61.45424836601306
61.25686274509804
62.63676470588238
62.806535947712426
63.0812091503268
61.67238562091504
61.4251633986928
63.271241830065364
63.627614379084974
62.94820261437909
63.502450980392155

