49.854761904761915
51.33690476190477
50.98928571428573
52.60079365079364
54.295238095238105
55.157936507936526
55.13412698412697
54.85
55.28373015873015
55.272222222222226
55.168650793650784
54.78968253968253
55.43928571428572
55.45555555555555
53.53809523809523
55.06468253968253
55.92817460317463
56.207936507936516
57.01111111111111
54.81944444444443
55.522222222222204
54.242460317460306
56.93730158730157
56.19166666666666
55.992063492063494
56.64087301587305
57.53412698412698
55.60396825396824
56.977380952380955
57.35912698412696
57.9765873015873
57.48174603174603
55.71150793650796
55.84404761904763
54.55317460317459
56.034523809523805
57.49087301587299
56.521825396825406
57.27182539682539
57.79722222222221
56.809523809523796
57.367063492063465
58.537301587301606
58.13571428571428
57.6543650793651
58.144444444444446
57.892857142857125
58.32103174603176
56.68571428571427
55.39801587301588
56.37063492063491

