48.92990196078433
52.18169934640523
53.05816993464052
51.44248366013071
51.88267973856209
54.87271241830064
53.68823529411764
53.65898692810458
52.75130718954247
54.57009803921569
53.287254901960765
54.23137254901961
54.505065359477136
55.55506535947714
54.061601307189534
54.92434640522876
55.437908496732014
55.48382352941176
56.685294117647075
57.653104575163404
56.06437908496734
56.484150326797376
56.3782679738562
56.23823529411766
55.464542483660125
57.015849673202624
56.53316993464051
55.557843137254906
56.294281045751625
55.5588235294118
56.50947712418303
55.38464052287581
55.95163398692813
55.827124183006546
57.89232026143792
56.27598039215685
55.7501633986928
58.49885620915033
56.02696078431373
56.70392156862745
55.686437908496735
56.34068627450981
56.98218954248365
57.12156862745098
56.286274509803924
55.73366013071895
58.04918300653596
56.437581699346396
56.603267973856205
57.20539215686276
57.05359477124182
55.961764705882345
56.37401960784314
57.795751633986924
57.10343137254904
57.375163398692806
56.9581699346405
56.795915032679744
57.22728758169935
56.97434640522877
56.67140522875817
57.776470588235284
57.82156862745097
57.35196078431372
57.29150326797383
58.65457516339868
56.577287581699345
56.66290849673204
55.64787581699348
56.209640522875816
57.033660130718964
56.21323529411764
56.958823529411774
56.336928104575165
56.12990196078434
57.508169934640506
56.838562091503256
57.02924836601305
56.460294117647045
56.64640522875819
56.71617647058823
55.95833333333334
54.91437908496734
55.67303921568626
57.529411764705884
56.17516339869282
56.35147058823529
55.26993464052288
55.88562091503266
56.657352941176484
55.262581699346406
55.83888888888888
57.06192810457517
56.143954248366
55.809150326797386
56.66029411764705
56.76797385620917
55.49624183006535
54.226960784313725
56.09166666666666
55.58496732026145

