50.59043778801846
58.43611583374345
61.48440785647175
62.944616571965426
64.79201154310769
65.66712339492639
67.035300433985
66.92477965191716
68.10401659880989
67.62128092702788
68.25757796071767
68.6462686233278
68.88125251666591
69.17088720862598
69.44212227640818
68.95405686546464
69.28632387812623
69.37765648069441
69.42127309740057
69.72839582121601
69.71324549237174
69.58816160350763
69.78589884121513
69.17200572681313
69.48292022728288
69.06603172117579
69.1691311350723
68.71059460426825
69.2350957451568
69.34400026844435
69.144434253501
69.01088318196052
68.89176658762466
69.14704040087688
69.63710795937537
69.63347277526734
69.96787056507537
69.81435953648604
69.86355196635492
69.47767437698536
69.86523533622655
69.78865039595543
69.17715650306474
69.28752628517742
69.10412285803766
69.77556932575726
69.89506621627672
69.71334615900854
69.71369289964653
69.22426848910564
69.44351483155116

