# Extinction sequence for 244 applications  and 50 platforms.
# This is the data and average for 48 different extinction sequences.
0	244	244	244	244	244	244	244	244	244	244	244	244	244	244	244	244	244	244	244	244	244	244	244	244	244	244	244	244	244	244	244	244	244	244	244	244	244	244	244	244	244	244	244	244	244	244	244	244	244.0	50
1	239	244	244	241	242	242	240	244	242	244	242	244	241	244	244	244	244	244	244	242	244	244	244	244	241	240	236	244	242	241	241	243	237	243	244	242	244	242	243	241	244	243	243	244	241	244	244	244	242.54166666666666	49
2	238	244	238	241	241	242	239	244	236	238	242	236	241	238	239	242	244	243	244	240	243	243	244	238	241	239	236	244	239	239	238	243	233	242	243	242	242	242	242	241	244	240	241	244	240	243	244	242	240.875	48
3	238	243	238	239	239	236	238	243	235	237	242	235	241	237	239	242	244	242	240	240	242	237	244	238	241	236	233	244	238	231	237	240	233	238	243	242	239	239	235	239	244	239	240	240	240	242	244	241	239.3125	47
4	228	243	238	238	239	236	238	234	234	233	241	235	241	235	229	241	244	240	238	239	242	237	242	235	232	236	232	244	238	231	233	232	223	238	242	241	236	238	233	239	244	238	240	238	239	240	244	241	237.33333333333334	46
5	226	236	238	236	231	235	235	228	233	232	241	226	239	232	228	237	243	238	237	237	242	234	238	235	232	226	229	244	235	224	233	231	222	236	242	239	227	238	230	232	240	235	239	238	239	238	244	239	234.77083333333334	45
6	225	231	238	235	229	229	234	228	226	232	237	225	236	227	225	235	239	236	236	234	241	234	237	234	232	225	228	240	235	223	232	228	215	233	240	239	217	231	229	231	238	235	236	235	239	238	244	238	232.58333333333334	44
7	224	230	237	230	220	229	234	226	224	227	236	225	230	221	223	231	239	230	229	231	241	234	237	233	231	222	221	239	235	222	230	228	212	232	237	239	217	228	229	231	237	234	232	232	236	237	244	236	230.45833333333334	43
8	220	225	237	227	219	226	230	217	220	227	234	217	230	213	221	230	239	228	226	227	241	228	235	231	228	218	221	236	234	221	229	220	212	230	237	232	213	226	229	231	236	225	232	231	234	236	242	235	227.83333333333334	42
9	219	225	234	218	216	225	229	216	213	224	227	216	229	208	220	229	239	224	221	225	241	228	234	231	226	214	219	233	224	218	229	219	208	229	236	231	212	226	229	229	232	222	228	228	234	233	239	235	225.5	41
10	219	222	232	214	211	223	225	213	213	220	223	210	229	203	219	228	238	220	216	224	238	225	233	228	225	210	216	232	223	215	229	217	203	229	233	231	209	224	228	229	229	220	227	228	234	230	238	234	223.3125	40
11	217	213	231	214	210	220	221	213	211	220	223	209	226	202	219	227	236	220	214	217	238	225	232	226	216	203	211	232	221	206	229	215	203	229	231	231	206	218	219	218	218	212	218	227	234	223	234	234	220.25	39
12	216	210	228	213	209	219	221	208	209	219	220	209	220	202	215	226	234	219	212	217	234	225	232	224	212	192	209	232	220	190	229	215	192	222	230	228	205	216	213	209	218	205	215	223	232	222	234	227	217.3125	38
13	213	210	222	211	209	218	218	202	209	210	220	207	218	200	213	226	226	209	212	212	230	223	229	218	211	190	209	232	217	188	229	209	190	222	223	228	201	213	211	209	211	202	215	223	231	215	234	226	214.66666666666666	37
14	213	199	219	210	208	218	217	201	207	209	212	205	217	200	212	226	223	204	210	211	221	216	225	210	210	190	205	231	204	184	221	204	188	219	223	227	201	213	209	208	211	202	204	223	228	215	233	223	211.85416666666666	36
15	209	194	218	207	207	217	214	192	207	209	209	205	214	189	204	221	219	193	206	209	220	211	225	204	209	179	196	230	196	181	216	203	186	217	211	219	190	211	206	206	210	201	203	222	228	207	228	223	207.9375	35
16	208	193	215	207	202	211	204	192	207	207	207	200	214	188	199	213	216	191	204	200	217	210	224	204	209	179	195	226	191	180	215	198	180	212	203	219	189	208	205	205	206	201	199	221	226	204	226	222	205.25	34
17	199	191	210	197	199	197	193	192	206	206	206	199	214	185	196	212	214	185	204	197	216	209	217	195	209	168	194	223	189	174	209	194	176	204	199	212	189	196	193	202	203	199	195	221	225	204	225	222	201.33333333333334	33
18	199	190	206	197	196	194	183	189	204	203	203	198	209	180	195	208	210	175	200	189	215	208	214	190	205	168	193	218	175	166	194	189	175	194	190	207	179	184	193	199	195	195	194	220	224	204	218	221	196.97916666666666	32
19	192	189	205	197	188	190	176	188	196	202	201	194	207	180	195	208	210	173	191	176	214	196	211	186	202	163	179	217	174	165	194	187	166	183	185	203	176	183	193	193	185	190	189	209	223	202	213	219	192.875	31
20	186	188	205	196	178	189	175	178	193	202	199	187	205	180	184	199	210	171	181	176	211	185	200	175	194	162	176	204	164	165	193	187	164	182	178	202	163	180	192	190	174	179	189	198	219	192	210	217	188.0625	30
21	181	187	200	193	170	189	170	176	192	200	198	185	197	175	184	198	201	156	175	174	209	184	200	164	194	161	176	198	163	164	192	187	163	181	172	198	152	173	189	189	159	177	185	194	208	188	203	216	184.16666666666666	29
22	180	182	199	192	163	187	153	167	192	195	194	179	194	170	173	197	201	155	173	174	197	182	199	164	185	159	171	198	160	164	189	182	159	179	168	182	140	165	187	188	158	177	176	192	205	183	202	210	180.02083333333334	28
23	169	181	198	191	157	174	152	161	189	188	194	176	187	168	169	196	189	155	172	171	189	177	198	156	175	153	164	198	160	155	176	180	150	179	159	181	126	163	178	188	146	176	174	189	195	177	201	201	175.02083333333334	27
24	169	177	198	191	156	169	152	160	181	188	193	173	179	167	167	194	177	155	164	165	189	173	198	154	168	153	164	196	160	151	171	171	149	178	157	178	120	160	174	186	145	175	173	188	194	177	200	191	172.25	26
25	164	174	198	176	142	169	138	158	174	188	188	172	168	165	166	194	171	154	156	165	187	170	188	152	163	153	161	187	153	139	166	169	147	162	153	176	107	146	170	180	144	164	160	181	190	176	189	173	166.375	25
26	163	171	198	176	136	160	137	158	168	183	179	166	166	152	164	190	163	147	156	165	185	165	186	146	163	150	150	186	146	139	159	161	147	148	153	172	101	135	161	169	136	160	149	178	184	171	186	167	161.47916666666666	24
27	162	168	184	168	123	156	136	158	167	182	179	161	161	138	157	183	162	146	148	163	178	152	176	146	163	147	147	185	140	139	159	159	134	144	148	171	100	133	160	167	135	160	147	168	179	167	181	167	157.375	23
28	156	165	173	156	114	152	136	149	164	177	178	161	150	135	157	179	161	143	132	160	177	133	172	124	153	139	144	180	137	138	154	158	126	134	143	158	98	127	158	164	133	158	147	153	166	165	175	165	151.60416666666666	22
29	151	153	171	153	114	137	130	149	164	171	166	153	138	127	156	173	149	131	132	155	169	125	164	123	152	137	141	179	130	133	146	158	125	128	127	148	94	123	156	156	125	151	135	152	161	161	171	159	145.875	21
30	151	134	170	152	111	135	124	145	163	166	165	139	126	126	155	172	145	125	132	141	163	109	164	114	151	137	136	177	128	132	139	158	125	122	111	137	88	122	147	156	123	151	129	147	155	160	167	144	141.02083333333334	20
31	146	123	164	147	108	133	108	143	160	159	161	133	125	114	146	172	142	116	118	139	156	107	160	109	148	130	135	164	126	131	122	144	121	122	107	130	80	120	139	155	122	137	129	143	153	146	151	142	135.125	19
32	141	123	155	139	101	133	105	138	154	158	161	117	119	111	145	167	137	102	96	137	145	91	148	93	146	128	123	162	111	130	118	137	117	122	105	129	72	118	133	155	118	136	128	136	137	130	146	128	128.77083333333334	18
33	126	120	148	129	100	130	102	123	154	157	161	110	116	108	129	161	117	95	80	123	139	91	146	89	125	125	123	162	110	118	116	124	110	119	105	108	71	106	133	153	117	129	126	133	120	117	140	123	122.22916666666667	17
34	125	104	137	125	80	120	94	123	152	155	153	104	116	106	129	153	111	92	76	118	138	90	138	81	124	122	121	156	108	106	114	116	100	118	88	106	62	89	126	141	113	123	108	128	107	115	140	123	116.125	16
35	107	101	125	118	80	119	92	107	148	153	139	96	116	98	123	147	107	79	72	106	137	87	133	80	118	121	116	152	91	102	107	113	83	114	73	91	59	87	119	131	107	107	99	116	106	113	139	119	109.4375	15
36	106	100	120	117	76	112	78	105	136	138	139	93	108	97	122	133	99	75	68	100	125	85	131	75	106	113	111	144	91	102	96	91	81	109	71	91	54	80	104	130	104	104	87	109	87	105	135	111	103.20833333333333	14
37	103	98	118	110	67	111	78	99	135	137	135	93	94	94	122	123	94	74	66	100	116	78	124	70	97	113	109	143	88	100	96	91	65	102	65	91	52	74	97	112	104	103	84	109	85	87	119	95	98.33333333333333	13
38	90	85	100	110	67	94	77	94	134	131	119	79	75	92	114	113	77	74	63	95	114	78	123	50	92	107	98	135	87	99	96	90	62	100	65	86	47	67	96	100	95	103	81	106	67	69	107	89	91.5	12
39	90	83	92	96	60	92	69	77	133	125	111	70	75	89	105	100	68	71	56	79	110	63	121	49	88	102	83	123	86	92	80	72	54	98	63	77	44	64	96	98	79	96	81	106	67	69	91	82	84.89583333333333	11
40	79	83	74	91	52	88	68	66	130	106	109	63	73	88	102	92	68	69	48	60	89	60	118	49	76	95	79	115	86	87	79	63	52	88	54	76	32	61	87	81	70	95	66	89	66	47	91	82	77.95833333333333	10
41	79	77	66	91	39	86	68	60	115	95	94	62	72	79	84	88	65	65	46	44	89	51	113	46	69	78	78	101	80	79	58	60	52	82	37	75	32	61	72	78	69	95	56	84	56	46	70	80	71.29166666666667	9
42	77	60	63	89	35	68	68	60	108	75	88	58	66	79	75	88	58	58	37	42	78	35	106	43	69	62	78	84	77	72	47	57	51	82	34	71	31	60	69	68	61	80	53	82	54	34	66	71	65.14583333333333	8
43	72	51	59	72	31	68	68	43	101	67	66	58	66	79	61	74	56	58	36	41	75	29	90	21	64	57	72	77	68	56	43	52	34	66	34	66	29	42	65	63	56	79	49	80	50	32	57	53	58.041666666666664	7
44	54	50	38	69	30	60	62	42	81	49	60	56	46	79	57	57	54	56	30	24	70	25	66	19	46	51	48	58	67	33	37	42	28	51	30	60	17	34	58	39	55	74	47	63	46	29	37	51	48.645833333333336	6
45	36	50	37	63	28	59	55	38	61	44	50	56	44	69	51	55	36	32	26	23	57	24	48	18	45	38	44	34	54	25	33	24	26	42	29	46	11	28	35	37	47	57	45	63	29	25	36	45	40.791666666666664	5
46	32	49	35	43	9	59	48	28	45	44	31	54	44	58	44	51	27	19	15	22	56	19	44	17	34	37	39	34	38	22	15	22	17	33	25	30	8	28	34	34	26	40	25	63	28	20	34	43	33.791666666666664	4
47	29	39	27	26	5	43	42	25	41	19	19	36	35	41	33	50	23	19	12	12	39	19	36	17	32	32	37	29	26	21	12	16	17	27	23	26	8	14	16	34	6	29	19	61	24	7	25	43	26.479166666666668	3
48	23	21	27	13	3	20	39	14	39	17	9	29	24	31	20	28	8	13	12	9	33	7	16	12	30	29	37	9	7	21	11	14	13	3	12	6	7	4	11	26	0	9	8	40	20	7	25	24	17.5	2
49	19	12	17	4	2	15	17	13	20	9	6	11	1	25	20	3	4	11	4	9	24	1	15	3	6	20	19	8	5	2	6	12	11	3	12	0	7	4	0	20	0	5	4	24	11	3	4	24	9.895833333333334	1
50	0	0	0	0	0	0	0	0	0	0	0	0	0	0	0	0	0	0	0	0	0	0	0	0	0	0	0	0	0	0	0	0	0	0	0	0	0	0	0	0	0	0	0	0	0	0	0	0	0.0	0

