49.14332877959928
55.326027268831055
59.5410773599057
59.847617325618764
59.585275366977385
60.56014277295618
61.58272393656916
62.38197123111541
62.12766527375977
62.16165086253081
61.50604709096752
61.03928934961961
61.93195515911282
61.83167255973429
62.25674354441231
62.28637629915356
63.45293581913639
63.78944337297759
62.85676497374906
62.16935203042967
61.25190855030536
62.17805769848923
63.577996089146026
62.65553010821815
62.312325886638796
64.05228758169935
62.26896496303439
62.74342387228115
62.82495580199294
62.538003589413925
63.982642237222755
63.183729776063444
63.88604280510016
62.697384281581506
62.84738963891567
63.22558394942678
61.64466811314689
63.919693560484305
62.37795323047251
62.68683702989395
62.94030590378227
62.564455426979535
63.860428051001826
63.28769554269793
62.61568493517624
63.64797626700954
63.32804296582021
64.44086172720456
63.02033108325298
62.844878388513855
63.12212043287262
62.20049153541197
62.86948864245152
63.54200150005356
63.30276304510877
63.91149014250509
63.92220481088611
62.855090806814516
63.80936595949854
63.268944873031174
63.636089681774344
62.44625924140149
63.74306894889102
64.10669800707169
63.00928158148507
61.78931613629059
63.71979802850102
62.96022849030323
63.373078056359155
64.3462712954034
63.08545617700631
62.37795323047253
62.16684078002787
62.9190439837137
63.804176042001494
62.90615289831779
63.415099646415975
63.97628040287153
63.41643897996359
62.81641755062681
63.44188631736847
64.16897701703631
63.00425908068146
63.15074868745313
62.970943158684236
63.59172425800922
61.86683006535948
63.7087485267331
63.548530751098234
64.82340887174543
62.56629701060752
63.146061020036456
63.52760366441659
63.782579288546025
63.50433274402657
64.21166827386693
64.618658255652
64.21535144112292
62.59207918139935
63.061683006535965
63.15409702132219

