# Extinction sequence for 250 applications  and 50 platforms.
# This is the data and average for 48 different extinction sequences.
0	250	250	250	250	250	250	250	250	250	250	250	250	250	250	250	250	250	250	250	250	250	250	250	250	250	250	250	250	250	250	250	250	250	250	250	250	250	250	250	250	250	250	250	250	250	250	250	250	250.0	50
1	242	250	246	248	250	250	249	250	242	233	250	249	244	250	246	246	250	250	246	250	242	239	238	233	250	246	245	238	246	246	250	240	250	246	238	247	249	250	241	246	245	241	242	249	250	238	250	250	245.54166666666666	49
2	242	246	246	238	240	249	249	246	241	227	242	249	236	250	237	246	238	250	246	250	234	239	231	230	245	245	236	237	245	246	250	240	248	246	238	247	249	250	236	246	245	231	241	246	245	221	244	249	242.25	48
3	240	246	246	230	231	249	249	234	236	227	242	249	226	233	237	244	238	250	246	245	233	231	230	230	244	244	231	228	235	239	245	240	248	246	238	246	249	250	230	246	243	228	235	246	233	216	238	248	238.91666666666666	47
4	239	246	246	216	227	237	249	234	236	223	240	249	213	233	236	243	233	250	245	238	227	224	228	218	235	242	227	223	227	229	240	240	246	246	229	246	248	249	230	246	242	228	227	245	227	213	235	236	235.125	46
5	237	234	240	215	227	235	248	234	234	220	239	244	210	229	234	243	226	249	245	237	227	224	227	207	235	242	215	222	227	221	240	231	246	240	220	235	243	242	220	245	225	227	227	245	224	213	227	236	231.52083333333334	45
6	236	225	239	215	225	235	236	226	228	220	232	241	209	228	234	226	226	248	245	233	220	219	227	201	235	242	210	220	215	209	238	231	229	240	220	234	235	236	220	245	220	227	227	245	219	212	227	231	227.9375	44
7	229	213	239	214	217	235	235	226	228	209	232	233	209	223	222	226	222	236	242	227	217	211	223	200	235	242	201	210	213	209	233	230	218	239	220	217	224	236	212	239	213	227	227	240	219	206	225	231	223.625	43
8	229	213	239	210	215	225	235	225	224	209	232	221	201	222	207	226	210	232	242	215	217	197	223	198	234	237	186	209	202	209	232	229	213	233	216	204	211	235	212	239	202	227	215	236	218	206	214	231	219.10416666666666	42
9	229	196	239	210	214	224	235	217	224	208	230	209	200	222	203	226	195	228	241	202	205	197	223	198	229	237	181	209	186	209	232	227	208	232	205	204	211	226	210	239	202	223	215	236	209	203	214	231	215.6875	41
10	228	187	235	210	214	223	235	216	211	194	225	193	200	218	202	226	195	220	240	202	205	192	214	193	229	236	179	205	171	194	231	227	208	226	204	200	206	225	210	227	202	223	209	232	203	197	214	230	211.79166666666666	40
11	228	177	227	201	205	222	234	210	211	192	216	193	200	217	201	225	195	220	227	184	198	188	213	193	228	235	170	194	166	194	223	223	208	223	200	200	205	225	204	210	202	206	209	229	203	189	214	227	207.58333333333334	39
12	226	162	221	201	205	217	227	210	208	178	215	193	186	207	184	225	193	206	223	184	194	186	213	188	228	231	169	186	156	193	222	211	207	223	184	191	205	224	204	209	198	201	209	223	185	178	209	224	202.54166666666666	38
13	226	155	213	199	205	216	224	208	208	178	215	193	178	199	184	225	193	197	222	181	192	186	213	184	228	218	169	186	154	193	222	211	207	222	184	190	202	224	193	202	191	196	209	216	184	177	195	224	199.8125	37
14	220	153	207	199	201	215	210	207	198	178	212	193	172	199	176	219	193	190	213	171	188	183	199	184	228	214	169	180	154	186	222	211	193	217	184	190	193	224	193	194	183	185	200	216	184	176	177	216	195.1875	36
15	206	153	206	193	201	215	210	207	198	171	212	192	165	198	176	218	192	177	209	169	188	182	199	176	228	213	158	180	153	185	222	210	193	217	183	182	191	212	179	194	182	176	186	208	184	167	176	215	191.8125	35
16	206	147	194	191	192	214	208	190	198	161	212	192	165	198	176	218	173	171	204	169	188	182	199	176	217	213	157	180	152	169	221	209	189	214	182	181	184	212	162	185	169	176	173	208	176	167	169	201	187.29166666666666	34
17	206	147	183	190	192	210	199	190	186	158	200	191	164	196	175	216	167	171	204	166	170	182	197	176	200	213	143	180	152	168	209	201	179	214	182	180	184	204	162	184	163	173	172	198	172	161	157	192	182.89583333333334	33
18	200	147	183	190	184	209	198	190	169	158	193	191	163	185	173	216	167	171	204	166	156	181	189	175	197	213	142	172	152	168	197	195	178	206	181	174	180	195	162	168	162	169	168	198	172	159	156	192	179.45833333333334	32
19	200	147	183	189	183	209	184	190	168	149	181	191	159	185	173	210	166	171	200	165	146	181	188	175	188	196	142	154	148	168	193	189	177	205	175	174	179	193	162	166	148	169	161	198	161	147	147	186	175.39583333333334	31
20	190	144	183	179	177	200	182	185	164	135	181	187	143	185	173	199	165	163	200	162	146	181	188	175	188	196	129	153	137	168	192	189	176	192	174	174	175	186	148	163	148	165	157	190	160	131	135	179	170.66666666666666	30
21	190	141	181	179	168	200	182	176	163	135	181	178	140	174	172	188	164	154	188	156	142	179	188	165	188	187	128	152	137	162	186	189	170	191	164	168	162	186	147	162	132	159	149	189	149	131	134	179	166.35416666666666	29
22	181	141	180	173	167	182	172	175	162	126	171	177	131	174	172	172	161	152	176	144	134	178	183	161	188	187	128	152	137	155	177	183	161	191	163	168	162	182	145	146	123	159	149	180	141	131	125	178	161.58333333333334	28
23	163	141	164	172	166	182	172	173	152	126	171	170	130	159	165	171	151	152	164	144	134	178	174	147	183	187	116	152	130	144	177	183	151	191	161	168	162	179	145	144	112	158	130	179	141	120	121	169	156.75	27
24	151	138	162	172	166	182	160	173	151	116	170	170	130	155	165	161	145	147	156	143	133	169	174	147	179	184	112	148	130	143	164	175	135	176	160	167	149	163	129	140	112	156	130	179	140	102	116	165	151.875	26
25	151	137	162	157	156	178	152	170	142	107	165	169	128	155	152	150	145	145	149	142	133	159	171	146	178	176	110	144	130	134	164	175	124	175	154	167	130	152	127	130	112	143	126	165	139	93	97	165	146.47916666666666	25
26	150	136	162	140	156	169	152	170	142	107	147	168	110	151	151	150	144	145	148	142	129	159	155	145	175	175	110	144	122	134	155	174	121	159	154	164	115	148	127	130	111	127	126	161	139	93	81	165	142.45833333333334	24
27	150	129	162	138	152	166	151	169	142	94	146	160	110	150	142	147	134	140	145	133	129	154	149	135	165	162	99	143	118	133	155	172	107	155	154	160	111	136	115	130	99	127	113	161	122	89	80	153	137.20833333333334	23
28	146	128	149	127	148	163	144	157	133	94	145	159	108	150	142	147	125	127	145	121	129	154	139	122	161	153	99	143	118	125	154	158	107	155	152	154	111	136	115	130	99	127	105	161	122	89	80	137	133.1875	22
29	145	128	149	117	148	156	132	150	120	94	137	151	108	137	132	147	125	114	135	121	129	154	131	121	160	149	95	141	117	118	136	149	107	155	143	152	101	136	109	130	99	117	104	158	122	89	80	130	128.70833333333334	21
30	138	121	138	117	135	147	132	140	120	92	128	151	107	137	128	135	125	103	122	121	128	143	119	121	159	148	88	132	116	115	136	149	107	154	143	147	90	132	108	130	81	109	103	158	121	89	80	112	124.0625	20
31	121	106	122	117	113	130	128	136	119	90	116	133	107	131	118	123	125	96	122	121	128	130	119	121	159	135	87	131	116	96	135	149	101	154	143	130	89	132	97	130	79	104	103	157	121	88	57	112	118.27083333333333	19
32	117	101	113	114	106	123	128	124	119	90	116	131	96	120	102	115	122	94	111	121	110	129	119	121	151	135	68	112	116	96	125	138	90	153	143	130	86	130	97	124	79	104	92	154	121	88	57	112	113.39583333333333	18
33	117	101	108	114	89	113	127	124	119	81	107	130	93	119	94	115	107	93	111	121	92	129	119	121	135	135	47	101	105	93	125	131	71	138	143	119	85	123	96	124	75	104	92	141	107	86	43	110	107.77083333333333	17
34	106	95	85	99	88	113	127	124	117	78	98	121	93	110	88	101	107	92	111	121	75	110	119	119	127	122	42	101	96	93	110	115	71	134	125	116	85	112	92	116	75	90	92	141	105	85	39	91	101.5	16
35	99	82	74	99	88	113	121	109	117	57	94	101	89	110	88	93	107	92	107	120	74	110	119	118	127	109	41	83	76	92	110	101	63	118	111	105	84	103	73	98	73	78	82	141	101	63	38	77	94.33333333333333	15
36	99	82	73	92	88	107	116	91	117	42	91	95	89	103	65	84	102	88	106	103	74	107	119	118	126	109	41	83	76	80	110	101	62	109	110	93	84	94	70	98	73	76	81	122	101	53	34	73	89.79166666666667	14
37	80	73	72	80	88	107	106	91	117	42	90	79	89	103	65	84	90	67	86	103	73	94	118	118	125	109	41	83	62	60	110	100	62	96	110	93	72	84	64	88	73	74	80	121	98	53	33	56	84.625	13
38	80	72	62	80	75	91	106	91	105	41	70	76	89	86	62	83	78	63	69	83	72	93	116	107	112	109	41	70	50	60	106	98	50	96	103	81	72	84	46	77	73	73	80	121	97	37	31	56	78.60416666666667	12
39	80	72	54	80	75	81	106	80	83	29	47	66	73	67	53	80	77	63	47	81	69	93	116	107	108	109	40	66	48	60	93	97	50	96	97	80	72	64	46	72	67	73	71	104	97	37	31	46	72.97916666666667	11
40	78	72	52	72	75	59	83	80	83	29	27	60	63	66	53	80	71	63	45	69	67	87	106	106	107	108	40	65	46	60	93	97	49	93	88	80	72	61	46	71	44	73	59	91	97	37	17	46	68.45833333333333	10
41	77	59	52	55	75	59	74	73	81	28	27	60	39	56	49	66	71	39	45	54	67	87	105	94	107	91	16	43	33	60	93	93	49	93	67	64	72	40	46	71	37	55	56	91	76	23	17	46	61.0625	9
42	68	55	52	54	74	48	71	54	80	21	27	47	39	52	49	66	49	38	34	53	67	86	103	86	103	80	16	43	11	51	78	88	34	73	49	64	48	15	46	68	37	34	55	78	76	21	17	46	54.25	8
43	68	55	49	50	54	48	56	43	77	20	27	47	32	52	48	46	46	24	21	50	55	85	97	64	103	72	12	39	11	47	77	88	21	61	36	44	48	15	36	50	25	34	55	57	55	17	17	34	47.25	7
44	56	42	49	48	53	48	44	40	67	20	26	33	18	52	48	45	34	21	21	50	55	85	84	64	88	68	0	28	9	40	76	88	21	61	32	33	37	15	34	39	24	34	33	33	41	17	17	32	41.729166666666664	6
45	32	41	47	48	53	48	33	38	59	20	13	33	18	29	34	43	33	12	21	50	42	75	74	59	69	53	0	28	9	40	73	76	19	40	32	15	23	11	33	22	19	21	29	32	27	8	3	30	34.729166666666664	5
46	32	39	25	34	51	32	11	20	37	6	12	33	18	29	22	37	33	0	20	46	27	62	71	46	57	53	0	28	9	38	53	57	19	26	30	15	23	11	26	22	19	21	24	20	23	8	3	29	28.270833333333332	4
47	30	15	21	22	29	16	1	20	37	2	0	26	4	14	22	19	15	0	20	28	12	58	58	35	41	38	0	16	9	35	41	46	18	22	16	15	23	1	25	15	19	20	21	20	15	8	0	29	20.770833333333332	3
48	30	15	21	0	28	16	1	4	23	2	0	13	0	2	22	4	1	0	20	16	10	37	46	34	41	38	0	16	1	21	19	25	0	8	16	15	2	1	25	1	18	2	21	17	15	5	0	21	14.020833333333334	2
49	16	14	8	0	15	16	0	0	13	0	0	0	0	0	8	4	0	0	18	3	10	25	22	22	16	13	0	0	1	14	7	25	0	0	16	14	0	0	13	1	16	2	0	2	2	0	0	5	7.104166666666667	1
50	0	0	0	0	0	0	0	0	0	0	0	0	0	0	0	0	0	0	0	0	0	0	0	0	0	0	0	0	0	0	0	0	0	0	0	0	0	0	0	0	0	0	0	0	0	0	0	0	0.0	0

