50.533660130718935
50.96470588235293
52.646078431372544
54.706862745098036
53.636928104575176
54.09330065359477
55.32091503267973
55.83006535947712
54.97369281045752
55.219117647058816
55.73496732026143
55.74019607843137
55.45522875816996
54.37026143790851
55.87810457516341
55.62924836601307
54.69395424836598
55.58039215686276
53.88594771241829
54.190522875816995
55.606372549019625
55.772222222222226
55.084313725490205
55.86323529411764
55.9923202614379
54.81062091503267
55.58137254901961
56.29362745098039
55.88218954248365
56.69248366013073
55.985620915032705
57.81666666666666
55.62450980392156
56.137745098039204
55.11241830065361
55.14542483660131
54.480065359477145
54.759640522875806
53.30081699346404
54.274836601307186
55.08872549019609
54.946078431372555
55.651307189542486
56.45996732026144
56.22990196078431
54.78676470588235
55.905555555555544
55.19068627450983
55.589705882352945
54.47875816993466
54.930882352941154
54.30980392156862
55.072712418300654
56.29297385620915
56.194444444444436
55.956699346405216
56.600653594771245
56.64035947712417
55.541993464052275
54.897712418300635
56.325163398692816
55.89901960784314
55.11258169934641
56.575980392156886
55.051633986928096
56.15669934640523
57.856372549019596
56.90098039215685
55.7906862745098
55.22140522875817
56.514705882352935
56.59477124183009
55.283169934640554
55.98627450980391
55.49820261437909
55.10277777777775
55.29183006535947
55.9202614379085
56.37401960784313
56.260784313725495
55.80947712418299
55.1029411764706
55.43594771241831
55.76176470588236
55.91307189542485
56.024019607843144
56.00196078431373
54.81323529411763
56.06454248366014
57.10277777777777
56.82565359477124
55.80866013071897
56.27124183006536
55.614052287581714
56.734967320261454
56.78480392156862
57.01143790849675
57.51993464052288
57.01307189542483
55.32712418300654
56.72957516339867

