# Extinction sequence for 246 applications  and 48 platforms.
# This is the data and average for 48 different extinction sequences.
0	246	246	246	246	246	246	246	246	246	246	246	246	246	246	246	246	246	246	246	246	246	246	246	246	246	246	246	246	246	246	246	246	246	246	246	246	246	246	246	246	246	246	246	246	246	246	246	246	246.0	48
1	242	237	241	238	235	246	246	246	244	244	246	242	222	241	242	242	231	242	234	244	232	246	222	239	237	246	242	234	231	232	242	239	245	246	234	242	234	233	245	246	240	245	242	231	240	241	242	245	239.54166666666666	47
2	233	231	235	235	234	240	246	237	235	240	222	237	220	236	238	238	231	240	232	244	232	244	221	239	222	240	231	233	229	217	240	238	230	245	234	241	232	222	241	235	229	243	238	227	226	237	238	241	234.35416666666666	46
3	233	216	224	229	233	238	245	237	231	236	220	233	219	236	233	226	227	236	226	244	225	242	220	233	222	226	231	229	227	205	236	235	228	241	234	241	232	207	237	221	214	241	238	223	217	236	226	241	229.79166666666666	45
4	232	214	222	223	227	235	241	235	229	236	220	231	213	230	229	226	227	236	225	242	220	227	209	209	218	224	230	216	220	194	236	224	216	239	219	241	228	205	235	214	199	239	234	222	216	232	222	230	224.8125	44
5	227	210	218	219	214	235	241	231	225	234	216	228	213	226	229	220	203	225	216	238	212	224	203	209	211	219	226	212	216	193	230	210	211	239	212	240	228	201	229	214	193	233	234	220	211	229	222	226	220.3125	43
6	223	197	218	219	213	230	232	216	219	234	209	215	209	224	218	214	202	217	201	226	211	219	197	195	210	214	224	205	210	192	215	205	209	235	212	237	213	199	225	206	192	232	232	214	207	228	220	213	214.72916666666666	42
7	219	191	218	207	208	223	208	215	214	222	195	213	207	223	218	214	198	213	187	222	207	214	182	191	205	201	211	201	208	186	210	181	209	229	208	235	198	193	213	202	190	228	218	205	200	221	219	211	208.14583333333334	41
8	217	179	215	202	199	219	204	203	209	218	180	211	203	214	216	201	192	212	184	219	204	214	182	189	203	198	211	196	204	184	210	175	209	227	204	231	193	192	211	202	184	214	214	199	197	206	218	210	203.70833333333334	40
9	214	178	201	198	199	204	200	202	209	218	175	207	199	200	202	199	188	212	179	212	197	214	180	188	202	198	203	192	204	179	205	169	207	223	200	227	192	190	207	195	183	207	210	192	192	206	214	195	199.3125	39
10	212	163	197	197	197	198	187	198	195	209	166	198	192	193	202	197	187	208	174	210	188	213	177	184	201	183	199	190	200	173	203	169	203	215	199	221	188	189	202	193	183	198	205	190	185	201	211	193	194.5	38
11	212	160	185	197	183	198	182	197	191	196	163	193	192	182	193	192	172	202	150	196	188	189	170	182	197	182	194	188	192	169	199	160	199	211	197	206	187	188	202	191	180	185	190	189	161	192	206	184	187.79166666666666	37
12	208	159	184	182	183	197	182	190	187	195	157	184	192	179	193	192	168	190	148	188	186	177	170	178	197	178	182	179	178	161	198	158	191	208	193	202	186	182	178	176	173	185	188	185	148	185	203	169	182.33333333333334	36
13	197	155	180	180	177	197	171	178	176	195	156	183	179	179	191	186	164	166	144	183	182	169	158	176	195	169	182	172	177	157	197	158	187	201	169	202	181	179	178	164	173	181	181	185	145	185	202	167	177.27083333333334	35
14	191	155	178	179	175	195	169	164	168	193	156	181	173	177	187	181	152	151	137	183	182	165	158	176	180	165	167	171	176	153	183	158	187	187	155	201	179	177	169	162	169	179	170	182	144	180	190	164	172.375	34
15	189	155	163	175	160	191	167	163	166	190	145	178	172	171	187	181	151	151	133	182	167	164	156	167	179	163	165	171	176	153	183	150	187	176	150	200	179	173	168	158	167	175	170	174	142	178	183	162	168.875	33
16	185	153	155	173	154	190	152	160	159	188	145	176	170	170	180	177	149	150	127	175	143	160	152	163	175	157	162	169	163	153	178	143	186	164	144	176	178	158	164	154	163	175	158	163	140	165	179	148	162.9375	32
17	181	149	153	168	152	188	149	160	156	183	141	172	168	169	176	177	149	150	123	171	141	153	143	152	163	153	160	154	148	151	167	142	183	160	133	164	174	153	149	150	163	160	158	163	128	165	179	141	158.02083333333334	31
18	178	144	149	157	128	184	143	156	154	174	136	170	168	154	161	175	143	141	118	171	139	152	134	150	149	152	156	154	147	127	165	141	177	136	133	164	174	145	148	144	162	156	145	158	128	162	168	141	152.3125	30
19	169	142	144	153	124	182	131	152	154	173	132	166	160	154	137	175	140	141	116	162	135	146	130	138	140	148	154	153	146	124	165	139	170	134	124	159	170	138	137	140	158	153	140	146	126	161	162	129	147.33333333333334	29
20	161	138	143	152	122	180	127	145	154	171	130	165	158	150	131	164	140	140	110	161	129	144	130	126	133	144	154	149	146	123	150	139	170	121	123	144	166	133	137	140	157	145	138	144	114	160	160	124	143.4375	28
21	159	131	142	150	120	156	125	141	153	170	128	157	144	144	128	149	135	138	101	157	128	130	126	122	131	129	145	144	134	116	138	135	168	115	120	142	160	133	135	116	149	140	126	144	99	151	155	112	136.89583333333334	27
22	153	107	138	150	118	155	119	136	152	166	124	156	138	137	126	149	124	133	100	145	124	130	120	121	130	129	144	143	131	107	138	133	157	100	115	142	152	133	133	113	144	128	125	139	97	137	141	106	132.04166666666666	26
23	152	105	136	143	111	151	114	134	146	162	123	144	129	135	119	145	124	126	92	140	119	130	105	114	126	120	142	129	129	105	135	120	156	100	110	140	145	130	132	113	144	123	125	138	91	137	126	98	127.35416666666667	25
24	152	100	127	134	111	146	105	132	139	151	122	129	125	131	114	143	122	124	92	125	117	119	103	112	123	96	140	105	129	103	134	118	141	95	108	132	143	126	127	111	139	119	123	134	91	133	126	92	122.14583333333333	24
25	137	100	121	110	107	132	104	132	137	144	118	129	120	127	108	136	109	120	92	125	108	119	99	112	121	95	139	94	125	91	130	117	117	90	93	126	138	114	126	105	135	114	114	125	76	132	122	88	116.10416666666667	23
26	137	96	119	105	106	117	89	132	135	138	103	128	105	123	107	112	102	106	90	124	108	113	98	106	115	87	133	92	114	87	121	105	114	86	89	114	132	112	126	101	131	114	99	120	70	128	120	85	110.29166666666667	22
27	130	91	106	103	105	111	85	126	135	138	101	124	93	121	106	100	94	101	89	124	102	111	96	106	113	85	128	86	102	85	109	90	112	83	85	114	126	108	120	97	127	110	99	120	66	117	112	85	105.77083333333333	21
28	106	80	106	97	102	102	85	122	123	123	98	122	78	121	97	99	89	95	89	123	90	109	91	102	105	74	121	86	98	80	105	85	111	82	83	105	122	104	111	96	127	103	93	117	66	113	110	83	100.60416666666667	20
29	106	76	106	93	94	98	85	122	118	117	92	121	75	113	85	95	87	82	88	99	85	107	87	101	92	67	121	84	94	76	102	81	104	80	81	100	118	100	107	91	120	101	89	113	62	89	86	83	95.27083333333333	19
30	100	67	99	93	94	96	71	120	114	103	87	114	64	112	79	94	83	80	88	95	84	104	79	99	87	62	112	83	85	76	100	79	99	80	74	98	115	99	103	85	119	101	83	112	61	87	77	79	91.14583333333333	18
31	93	65	97	93	89	95	65	111	113	103	83	110	60	97	78	91	79	74	84	95	83	99	79	94	87	58	105	83	85	71	98	75	94	68	74	97	113	75	100	83	114	101	81	88	61	79	76	73	86.85416666666667	17
32	93	59	85	91	84	82	64	110	98	99	82	110	56	97	76	87	77	72	77	92	79	97	75	79	83	58	105	79	82	67	89	73	90	68	70	86	99	69	93	83	100	90	78	73	57	77	70	69	81.85416666666667	16
33	88	59	80	90	84	80	57	108	97	97	70	110	52	85	71	78	75	72	75	87	79	93	73	64	71	52	93	64	58	66	85	71	86	62	70	79	75	57	88	79	91	86	54	71	48	62	69	69	75.625	15
34	74	52	76	83	81	76	49	100	88	73	70	106	50	81	63	73	73	68	60	85	77	89	72	61	71	40	89	60	56	62	81	67	80	60	57	65	73	57	76	77	89	85	53	71	46	58	62	69	70.5	14
35	70	51	72	70	69	72	47	96	88	70	68	91	47	80	62	72	59	59	56	72	75	82	71	60	67	39	89	58	52	56	80	63	76	56	53	58	69	57	69	72	85	84	46	67	42	52	53	64	65.95833333333333	13
36	57	49	66	67	65	68	47	94	88	62	67	84	35	67	50	64	47	59	56	63	71	78	64	60	63	38	74	54	45	56	76	62	76	56	51	54	60	57	67	71	85	78	43	55	40	40	53	59	61.270833333333336	12
37	55	49	66	63	50	68	44	88	85	55	61	79	31	67	50	55	38	56	52	61	67	69	60	54	57	36	68	49	45	49	75	47	74	49	50	48	60	48	67	70	83	72	41	42	35	34	40	58	56.666666666666664	11
38	53	47	62	51	50	65	42	82	72	50	59	65	31	43	48	41	31	55	52	59	55	69	55	50	57	36	64	46	43	47	51	42	74	44	48	48	60	46	64	58	81	60	37	28	33	34	38	51	51.604166666666664	10
39	52	46	62	36	48	54	38	78	71	45	51	65	31	43	48	26	29	43	48	53	44	54	51	41	57	32	63	46	38	43	49	38	65	29	40	46	47	45	64	49	68	60	31	24	29	32	34	42	46.416666666666664	9
40	51	46	47	35	36	49	31	76	67	39	47	65	29	41	44	25	25	36	48	51	43	53	37	40	52	32	59	40	33	40	43	26	52	20	34	37	47	36	62	36	44	58	26	20	25	30	34	41	41.416666666666664	8
41	46	42	46	33	36	49	27	65	63	27	40	59	22	36	43	23	24	34	36	47	37	44	25	40	50	20	56	34	33	40	35	22	50	11	33	32	45	31	47	21	42	54	24	19	21	30	32	40	36.791666666666664	7
42	46	39	37	19	32	48	22	65	59	23	38	48	21	32	41	22	23	30	34	41	22	40	25	27	44	20	42	34	29	40	29	19	41	10	30	29	33	31	34	18	38	54	24	17	13	18	28	36	32.1875	6
43	45	31	13	17	23	39	21	50	53	23	26	36	21	30	39	15	18	25	21	37	22	39	22	24	20	18	38	22	23	31	29	10	29	8	28	25	22	17	20	18	26	51	20	17	13	16	13	34	25.791666666666668	5
44	33	17	12	17	19	31	19	26	51	8	13	36	12	26	36	12	15	21	10	26	18	33	22	22	20	16	32	14	18	18	29	10	23	7	16	21	21	15	16	13	14	27	12	17	2	14	8	10	19.333333333333332	4
45	21	5	9	8	12	31	17	21	36	7	4	30	11	17	21	10	15	20	7	22	16	29	17	18	17	12	31	5	17	18	27	10	22	3	7	19	18	11	8	11	11	25	3	11	1	14	8	10	15.0625	3
46	6	5	2	4	8	19	5	18	12	3	4	24	6	15	17	8	6	18	6	16	13	25	15	13	6	9	7	5	8	16	20	10	8	1	1	15	16	7	6	10	11	24	2	9	1	10	2	6	9.958333333333334	2
47	4	4	2	4	4	7	1	5	12	2	0	0	5	3	13	4	6	3	2	15	0	12	2	8	2	2	5	2	2	1	7	4	4	0	1	13	9	7	0	9	9	15	1	7	0	4	2	2	4.708333333333333	1
48	0	0	0	0	0	0	0	0	0	0	0	0	0	0	0	0	0	0	0	0	0	0	0	0	0	0	0	0	0	0	0	0	0	0	0	0	0	0	0	0	0	0	0	0	0	0	0	0	0.0	0

