50.595424836601325
57.55751633986929
59.01192810457515
60.44787581699346
61.320424836601305
59.20833333333333
62.10294117647061
60.89428104575164
61.469444444444456
61.49509803921569
59.72843137254903
61.71846405228757
61.838562091503256
61.90751633986928
61.49101307189544
61.391013071895436
60.95245098039217
62.547549019607864
60.8107843137255
60.03464052287582
60.45653594771242
61.56045751633985
60.638398692810455
61.77205882352943
61.259803921568626
61.51960784313724
61.4169934640523
60.70441176470588
60.59722222222222
61.9127450980392
62.48235294117648
60.70179738562093
61.70032679738564
61.88137254901963
62.43513071895427
62.01274509803923
62.03316993464053
61.43872549019609
61.323366013071876
61.12287581699347
61.367647058823536
61.51650326797387
61.147875816993455
61.35506535947714
61.99967320261438
61.76535947712417
62.05245098039216
62.33039215686274
61.24852941176472
62.316176470588225
62.79575163398693
61.43218954248366
61.35032679738563
62.40767973856206
61.75375816993463
61.84722222222221
62.46290849673202
62.85424836601305
61.0830065359477
62.863235294117636
61.053594771241805
61.53692810457515
62.615686274509805
61.014705882352956
61.06830065359476
62.583006535947696
62.237418300653566
63.2390522875817
62.17728758169934
62.845098039215685
61.36094771241829
61.29395424836601
60.81797385620913
62.24771241830066
62.469934640522865
63.36552287581699
62.11928104575163
62.51748366013072
62.07450980392157
61.363235294117636
62.47990196078431
62.14232026143791
62.89477124183007
63.29248366013071
61.298692810457524
62.47728758169936
61.48888888888888
62.363071895424824
62.3032679738562
62.70424836601306
62.70866013071896
62.28709150326799
62.37614379084967
63.44754901960784
62.641013071895415
62.97549019607843
62.216993464052294
63.14313725490195
62.70065359477122
63.00032679738562
61.86405228758171

