50.168421193614066
52.35806412729027
53.121484249437465
52.71215043394408
54.38146228436732
53.286054859102116
53.97045430193936
53.70392692596163
54.09668648880317
53.907505625200905
53.319035947712436
54.35869361405764
54.47086279867139
55.059332476159874
53.84673336547735
54.72901933997644
54.9669184613736
55.61716489874639
54.21153434051216
55.129312654023344
56.062995553412655
55.55639263902283
55.968739954998405
56.359657934211924
56.44185953069755
53.540528233151164
55.3282036858459
55.33054751955429
56.61547064180864
55.548356637737065
55.78675800921462
55.17083199399978
55.57179497482054
55.30978784956605
56.404358191363954
56.07588663880851
55.75243758705668
56.07253830493944
58.02595628415299
56.45977311689706
57.191551483981584
56.897065520197145
56.06065171970426
55.791613093324756
55.786088342440806
56.62869656059145
54.9749544626594
56.78489633558341
56.10920256080575
55.13182390442517
56.440017947069535
57.850001339333566
57.055441712204015
54.811053519768585
56.37506027000965
58.32462766527375
55.19862316511303
55.51905871638273
57.485702614379086
57.83309225329475
57.7575873245473
56.40686944176577
57.06029679631415
56.15859048537447
55.7867580092146
57.671535144112305
56.732494910532516
57.7274523197257
56.2493303332262
56.32952292939033
57.012080788599604
56.09246089146042
56.674066484517304
57.25265857709204
56.118745312332585
54.986673631201135
55.979622040072854
57.442843940855056
56.364680435015536
56.666532733311904
54.77840726454517
56.363341101467924
56.08743839065682
55.5227418836387
56.26439783563699
56.48337887067395
56.9116307725276
57.78403916211293
56.68946882031499
57.276933997642764
57.24780349298187
57.72092306868101
56.82825725918783
56.02666613093324
55.43802903675131
57.43782144005144
55.75846458802103
57.21817073824066
57.21281340405013
57.16175131254687
57.548986124504445

