49.22777777777779
56.04166666666669
58.710457516339865
59.95343137254901
60.001960784313724
59.329901960784326
59.733823529411765
60.32598039215687
61.963888888888896
60.831209150326806
59.8109477124183
60.58480392156863
59.666339869281046
59.98137254901962
61.584477124183
60.83594771241829
61.52957516339871
62.39460784313725
61.23758169934641
61.72238562091502
61.735294117647044
62.22434640522874
60.20049019607844
61.996241830065365
62.025326797385624
61.69493464052287
60.96290849673201
61.08562091503267
61.610130718954224
60.834477124183
62.68398692810459
61.582026143790856
62.09901960784314
61.50718954248365
61.86944444444442
61.84754901960784
61.53709150326797
62.184640522875824
62.74248366013072
61.71732026143791
61.40996732026144
61.47859477124182
61.46699346405228
61.75539215686274
61.41535947712418
62.654248366013086
61.683823529411775
61.89950980392156
62.41307189542481
62.29803921568626
61.630882352941185
61.723039215686285
61.40163398692808
61.65408496732026
59.629738562091504
61.598529411764716
61.66078431372549
60.274019607843144
60.33251633986927
60.6968954248366
62.25473856209152
62.61356209150326
62.65686274509804
61.55065359477124
62.83349673202615
61.90915032679739
62.085947712418275
62.394117647058835
61.659803921568624
62.513071895424844
62.73431372549019
62.09101307189543
63.144771241830064
62.12254901960783
62.2377450980392
61.96029411764707
62.13218954248365
62.518464052287584
62.91045751633986
63.38251633986929
62.40686274509806
62.263398692810455
61.38594771241831
62.1624183006536
62.410130718954235
62.333986928104565
62.91699346405228
62.28872549019607
61.81519607843139
62.291503267973845
61.801633986928096
61.85245098039216
62.927614379084986
61.88480392156861
62.549509803921566
62.949346405228766
62.24117647058824
62.20310457516338
63.025000000000034
61.39281045751633
61.625980392156855

