50.56868821908929
56.25810241451954
58.726638038135384
59.78265273051369
59.744503862150935
59.85135445362718
61.71119618646356
61.347769135202256
61.34979473883219
60.97269486306922
61.703768973153984
62.54000567169017
61.478589369632154
62.35601334197591
61.92270296548371
61.82547399124939
62.645674661049
64.44998109436612
62.27971560525035
61.82125398368715
63.43717927942527
63.30146383622319
63.32931588613406
63.77140387835575
62.083232053151825
63.35159752606276
63.01416572138495
64.00772430184195
64.46466672068276
64.53691325014854
64.08874844703722
65.01951331496785
64.05870199319396
64.27932398854858
63.19950845351915
63.68379652136337
64.00401069518719
63.34433911305569
64.50636039539782
64.74386242100148
63.34045670609842
63.34383271214823
64.5907605466429
63.713167773996645
64.6164181926214
64.50906120023767
65.05124777183602
65.23726570518014
63.6058107816129
64.67836790363528
65.02103251769029
65.4058972073678
64.34583130772971
65.01006049802841
64.18361421703668
65.47004132231406
64.60375816993464
65.67023848106737
65.09817425592828
64.3424553016799
65.85659401501648
64.92329714254849
65.06711500027006
66.17917139307514
65.56051828444879
65.50532058553449
64.07456922162805
63.61661400097227
64.61456138929404
64.23982471776587
63.3632447469346
64.19222303246369
63.8284583805974
64.20353265273053
63.72802220061578
64.44660508831632
65.15421595635499
64.05380678442177
64.44508588559388
63.62167801004699
64.31207124723167
65.00229568411386
64.32692567385081
65.79211229946523
64.9128315237941
65.12720790795655
65.59765435099662
65.41197401825744
65.03521174309944
65.898794090639
64.93528196402531
64.58569653756818
65.49029735861286
64.32405606870847
64.36777534705342
64.37115135310323
63.788959109814726
64.41892183870792
63.84263760600661
64.11845730027548
64.44778669043376

