50.17859857121143
56.00072199422404
56.12403100775192
59.78245174038608
60.447826417388676
59.360655114759076
60.54092567259461
62.756497948016424
61.54126766985865
62.220892232862155
62.084473324213384
62.94003647970816
62.892916856665146
63.477732178142574
61.764325885392935
62.50037999696002
63.84176926584586
63.49920200638396
61.98510411916705
63.25809393524852
61.80517555859553
61.54506763945889
62.368711050311596
62.73806809545523
62.94269645842834
62.45212038303693
61.461848305213564
63.78571971424228
62.08143334853321
62.508929928560576
62.405000759993925
62.147552819577434
62.92521659826722
61.26025991792068
62.94060647514822
64.15583675330598
62.88531691746465
62.0827633378933
63.27044383644931
64.13436692506458
62.87296701626388
62.38809089527281
62.3157014743882
63.60807113543091
62.79164766681866
63.393752849977204
62.60962912296703
62.78385772913817
62.26174190606475
62.86061711506306
64.17426660586713
63.38178294573644
62.48632010943912
61.69307645538834
64.46097431220548
61.975984192126454
62.30943152454781
62.29157166742664
63.43992248062016
62.909066727466175
63.570071439428474
62.26326189390484
64.20352637178902
62.67346861225109
64.09978720170238
63.169934640522875
63.632770937832504
63.66450068399454
62.16769265845872
63.43441252469981
62.7764477884177
62.99608603131173
63.762159902720775
63.205464356285134
63.8218194254446
62.4937300501596
60.65796473628211
62.45687034503723
62.594619243046054
60.94657242742058
63.73024015807872
62.66434868521051
62.97594619243046
64.20561635506917
63.26645386836904
63.15853473172216
62.25072199422404
63.810609515123865
64.54305365557076
63.87482900136799
63.52561179510564
62.23989208086337
63.006155950752394
62.20626234990121
63.24023407812738
62.996846025231775
62.97708618331054
62.934716522267834
63.34758321933425
61.835575315397485
64.09541723666212

